DayNum,VehId,Trip,Timestamp(ms),Latitude[deg],Longitude[deg],Vehicle Speed[km/h],MAF[g/sec],Engine RPM[RPM],Absolute Load[%],OAT[DegC],Fuel Rate[L/hr],Air Conditioning Power[kW],Air Conditioning Power[Watts],Heater Power[Watts],HV Battery Current[A],HV Battery SOC[%],HV Battery Voltage[V],Short Term Fuel Trim Bank 1[%],Short Term Fuel Trim Bank 2[%],Long Term Fuel Trim Bank 1[%],Long Term Fuel Trim Bank 2[%]
28.7393591852,195,1162,0,42.2934694444,-83.7809758333,56.0,3.32999992371,1578.0,10.5882358551,,,,,,,,,5.46875,,5.46875,
28.7393591852,195,1162,900,42.2934694444,-83.7809758333,56.0,3.44000005722,1551.0,10.5882358551,,,,,,,,,5.46875,,5.46875,
28.7393591852,195,1162,1900,42.2934694444,-83.7809758333,55.0,3.44000005722,1551.0,10.5882358551,,,,,,,,,5.46875,,5.46875,
28.7393591852,195,1162,3300,42.2934694444,-83.7809758333,53.0,3.25999999046,1492.0,10.5882358551,,,,,,,,,5.46875,,5.46875,
28.7393591852,195,1162,3800,42.2934694444,-83.7809758333,53.0,3.25999999046,1492.0,10.9803924561,,,,,,,,,5.46875,,5.46875,
28.7393591852,195,1162,4000,42.2940219444,-83.7809563889,53.0,3.25999999046,1492.0,10.9803924561,,,,,,,,,5.46875,,5.46875,
28.7393591852,195,1162,4300,42.2940219444,-83.7809563889,52.0,3.25999999046,1492.0,10.9803924561,,,,,,,,,5.46875,,5.46875,
28.7393591852,195,1162,4400,42.2940219444,-83.7809563889,52.0,3.25999999046,1492.0,10.9803924561,,,,,,,,,0.0,,5.46875,
28.7393591852,195,1162,5300,42.2940219444,-83.7809563889,48.0,3.15000009537,1344.0,10.9803924561,,,,,,,,,0.0,,5.46875,
28.7393591852,195,1162,6400,42.2940219444,-83.7809563889,43.0,3.15000009537,1344.0,10.9803924561,,,,,,,,,0.0,,5.46875,
28.7393591852,195,1162,6900,42.2943683333,-83.7809425,43.0,3.15000009537,1344.0,10.9803924561,,,,,,,,,0.0,,5.46875,
28.7393591852,195,1162,7400,42.2943683333,-83.7809425,36.0,2.48000001907,1178.0,10.9803924561,,,,,,,,,0.0,,5.46875,
28.7393591852,195,1162,8800,42.2943683333,-83.7809425,26.0,2.48000001907,1178.0,15.6862745285,,,,,,,,,0.0,,5.46875,
28.7393591852,195,1162,9800,42.2943683333,-83.7809425,19.0,4.21999979019,1290.0,15.6862745285,,,,,,,,,0.0,,5.46875,
28.7393591852,195,1162,10000,42.2945677778,-83.7809227778,19.0,4.21999979019,1290.0,15.6862745285,,,,,,,,,0.0,,5.46875,
28.7393591852,195,1162,10800,42.2945677778,-83.7809227778,10.0,4.21999979019,1290.0,15.6862745285,,,,,,,,,0.0,,5.46875,
28.7393591852,195,1162,11900,42.2945677778,-83.7809227778,4.0,2.63000011444,985.0,15.6862745285,,,,,,,,,0.0,,3.90625,
28.7393591852,195,1162,12500,42.2945677778,-83.7809227778,4.0,2.63000011444,802.0,15.6862745285,,,,,,,,,0.0,,3.90625,
28.7393591852,195,1162,12600,42.2945677778,-83.7809227778,4.0,2.32999992371,802.0,15.6862745285,,,,,,,,,0.0,,3.90625,
28.7393591852,195,1162,12700,42.2945677778,-83.7809227778,4.0,2.32999992371,802.0,13.7254905701,,,,,,,,,0.0,,3.90625,
28.7393591852,195,1162,13300,42.2945677778,-83.7809227778,4.0,2.32999992371,802.0,13.7254905701,,,,,,,,,-6.25,,3.90625,
28.7393591852,195,1162,13800,42.2945677778,-83.7809227778,4.0,2.32999992371,802.0,13.7254905701,,,,,,,,,-6.25,,0.78125,
28.7393591852,195,1162,14400,42.2945677778,-83.7809227778,0.0,2.32999992371,802.0,13.7254905701,,,,,,,,,-6.25,,0.78125,
28.7393591852,195,1162,14500,42.2945677778,-83.7809227778,0.0,2.32999992371,674.0,13.7254905701,,,,,,,,,-6.25,,0.78125,
28.7393591852,195,1162,16500,42.2945677778,-83.7809227778,0.0,2.32999992371,682.0,13.7254905701,,,,,,,,,-6.25,,0.78125,
28.7393591852,195,1162,17700,42.2945677778,-83.7809227778,0.0,2.32999992371,682.0,17.254901886,,,,,,,,,-6.25,,0.78125,
28.7393591852,195,1162,18900,42.2945677778,-83.7809227778,0.0,2.32999992371,676.0,17.254901886,,,,,,,,,-6.25,,0.78125,
28.7393591852,195,1162,20900,42.2945677778,-83.7809227778,0.0,2.32999992371,680.0,17.254901886,,,,,,,,,-6.25,,0.78125,
28.7393591852,195,1162,22900,42.2945677778,-83.7809227778,0.0,2.36999988556,684.0,16.862745285,,,,,,,,,-6.25,,0.78125,
28.7393591852,195,1162,23300,42.2945677778,-83.7809227778,0.0,2.36999988556,684.0,16.862745285,,,,,,,,,-0.78125,,0.78125,
28.7393591852,195,1162,25400,42.2945677778,-83.7809227778,0.0,2.36999988556,682.0,16.862745285,,,,,,,,,-0.78125,,0.78125,
28.7393591852,195,1162,27500,42.2945677778,-83.7809227778,0.0,2.36999988556,684.0,16.862745285,,,,,,,,,-0.78125,,0.78125,
28.7393591852,195,1162,27900,42.2945677778,-83.7809227778,0.0,2.3599998951,684.0,17.254901886,,,,,,,,,-0.78125,,0.78125,
28.7393591852,195,1162,30800,42.2945677778,-83.7809227778,0.0,2.3599998951,684.0,17.254901886,,,,,,,,,-0.78125,,0.78125,
28.7393591852,195,1162,31600,42.2945677778,-83.7809227778,0.0,2.3599998951,682.0,17.254901886,,,,,,,,,-0.78125,,0.78125,
28.7393591852,195,1162,33000,42.2945677778,-83.7809227778,0.0,2.38000011444,682.0,16.862745285,,,,,,,,,-0.78125,,0.78125,
28.7393591852,195,1162,33700,42.2945677778,-83.7809227778,0.0,2.38000011444,676.0,16.862745285,,,,,,,,,-0.78125,,0.78125,
28.7393591852,195,1162,36100,42.2945677778,-83.7809227778,0.0,2.38000011444,684.0,16.862745285,,,,,,,,,-0.78125,,0.78125,
28.7393591852,195,1162,38200,42.2945677778,-83.7809227778,0.0,2.31999993324,680.0,16.862745285,,,,,,,,,-0.78125,,0.78125,
28.7393591852,195,1162,40000,42.2946811111,-83.7808858333,0.0,2.31999993324,680.0,16.862745285,,,,,,,,,-0.78125,,0.78125,
28.7393591852,195,1162,40300,42.2946811111,-83.7808858333,0.0,2.31999993324,678.0,16.862745285,,,,,,,,,-0.78125,,0.78125,
28.7393591852,195,1162,42700,42.2946811111,-83.7808858333,0.0,2.31999993324,680.0,16.862745285,,,,,,,,,-0.78125,,0.78125,
28.7393591852,195,1162,43700,42.2946811111,-83.7808858333,0.0,2.29999995232,680.0,16.862745285,,,,,,,,,-0.78125,,0.78125,
28.7393591852,195,1162,44600,42.2946811111,-83.7808858333,0.0,2.29999995232,672.0,16.862745285,,,,,,,,,-0.78125,,0.78125,
28.7393591852,195,1162,46700,42.2946811111,-83.7808858333,0.0,2.29999995232,680.0,16.862745285,,,,,,,,,-0.78125,,0.78125,
28.7393591852,195,1162,48700,42.2946811111,-83.7808858333,0.0,2.33999991417,680.0,17.254901886,,,,,,,,,-0.78125,,0.78125,
28.7393591852,195,1162,49800,42.2946811111,-83.7808858333,0.0,2.33999991417,680.0,17.254901886,,,,,,,,,-1.5625,,0.78125,
28.7393591852,195,1162,50800,42.2946811111,-83.7808858333,0.0,2.33999991417,674.0,17.254901886,,,,,,,,,-1.5625,,0.78125,
28.7393591852,195,1162,53200,42.2946811111,-83.7808858333,0.0,2.33999991417,670.0,17.254901886,,,,,,,,,-1.5625,,0.78125,
28.7393591852,195,1162,54300,42.2946811111,-83.7808858333,0.0,2.28999996185,670.0,17.254901886,,,,,,,,,-1.5625,,0.78125,
28.7393591852,195,1162,55500,42.2946811111,-83.7808858333,0.0,2.28999996185,680.0,17.254901886,,,,,,,,,-1.5625,,0.78125,
28.7393591852,195,1162,58000,42.2946811111,-83.7808858333,0.0,2.28999996185,682.0,17.254901886,,,,,,,,,-1.5625,,0.78125,
28.7393591852,195,1162,59200,42.2946811111,-83.7808858333,0.0,2.27999997139,682.0,17.254901886,,,,,,,,,-1.5625,,0.78125,
28.7393591852,195,1162,60000,42.2946811111,-83.7808858333,0.0,2.27999997139,686.0,17.254901886,,,,,,,,,-1.5625,,0.78125,
28.7393591852,195,1162,60100,42.2946811111,-83.7808858333,0.0,2.27999997139,686.0,17.254901886,,,,,,,,,-0.78125,,0.78125,
28.7393591852,195,1162,62100,42.2946811111,-83.7808858333,0.0,2.27999997139,692.0,17.254901886,,,,,,,,,-0.78125,,0.78125,
28.7393591852,195,1162,64500,42.2946811111,-83.7808858333,0.0,2.25,696.0,16.862745285,,,,,,,,,-0.78125,,0.78125,
28.7393591852,195,1162,65600,42.2946811111,-83.7808858333,0.0,2.25,696.0,16.862745285,,,,,,,,,2.34375,,0.78125,
28.7393591852,195,1162,66600,42.2946811111,-83.7808858333,0.0,2.25,684.0,16.862745285,,,,,,,,,2.34375,,0.78125,
28.7393591852,195,1162,69000,42.2946811111,-83.7808858333,0.0,2.25,690.0,16.862745285,,,,,,,,,2.34375,,0.78125,
28.7393591852,195,1162,70000,42.2946811111,-83.7808858333,0.0,2.13000011444,690.0,16.862745285,,,,,,,,,2.34375,,0.78125,
28.7393591852,195,1162,70100,42.2946811111,-83.7808858333,0.0,2.13000011444,690.0,16.4705886841,,,,,,,,,2.34375,,0.78125,
28.7393591852,195,1162,70900,42.2948902778,-83.780735,0.0,2.13000011444,690.0,16.4705886841,,,,,,,,,2.34375,,0.78125,
28.7393591852,195,1162,71100,42.2948902778,-83.780735,0.0,2.13000011444,692.0,16.4705886841,,,,,,,,,3.90625,,0.78125,
28.7393591852,195,1162,73200,42.2948902778,-83.780735,0.0,2.13000011444,922.0,16.4705886841,,,,,,,,,3.90625,,0.78125,
28.7393591852,195,1162,73800,42.2948902778,-83.780735,0.0,2.13000011444,1554.0,16.4705886841,,,,,,,,,3.90625,,0.78125,
28.7393591852,195,1162,73900,42.2948902778,-83.780735,0.0,15.279999733,1554.0,16.4705886841,,,,,,,,,3.90625,,0.78125,
28.7393591852,195,1162,74000,42.2948975,-83.7807291667,0.0,15.279999733,1554.0,46.2745094299,,,,,,,,,3.90625,,0.78125,
28.7393591852,195,1162,74500,42.2948975,-83.7807291667,0.0,15.279999733,1554.0,46.2745094299,,,,,,,,,3.125,,0.78125,
28.7393591852,195,1162,75100,42.2948975,-83.7807291667,0.0,15.279999733,1554.0,46.2745094299,,,,,,,,,3.125,,5.46875,
28.7393591852,195,1162,75700,42.2948975,-83.7807291667,20.0,15.279999733,1554.0,46.2745094299,,,,,,,,,3.125,,5.46875,
28.7393591852,195,1162,75800,42.2948975,-83.7807291667,20.0,15.279999733,2718.0,46.2745094299,,,,,,,,,3.125,,5.46875,
28.7393591852,195,1162,75900,42.2948975,-83.7807291667,20.0,29.0799999237,2718.0,46.2745094299,,,,,,,,,3.125,,5.46875,
28.7393591852,195,1162,77000,42.2950061111,-83.7807477778,20.0,29.0799999237,2718.0,46.2745094299,,,,,,,,,3.125,,5.46875,
28.7393591852,195,1162,77700,42.2950061111,-83.7807477778,25.0,29.0799999237,2718.0,46.2745094299,,,,,,,,,3.125,,5.46875,
28.7393591852,195,1162,77800,42.2950061111,-83.7807477778,25.0,29.0799999237,2062.0,46.2745094299,,,,,,,,,3.125,,5.46875,
28.7393591852,195,1162,77900,42.2950061111,-83.7807477778,25.0,21.1700000763,2062.0,46.2745094299,,,,,,,,,3.125,,5.46875,
28.7393591852,195,1162,78800,42.2950061111,-83.7807477778,29.0,21.1700000763,2062.0,46.2745094299,,,,,,,,,3.125,,5.46875,
28.7393591852,195,1162,79000,42.2950061111,-83.7807477778,29.0,21.1700000763,2062.0,55.2941169739,,,,,,,,,3.125,,5.46875,
28.7393591852,195,1162,80000,42.2951986111,-83.7807916667,29.0,21.1700000763,2062.0,55.2941169739,,,,,,,,,3.125,,5.46875,
28.7393591852,195,1162,80100,42.2951986111,-83.7807916667,32.0,20.3400001526,1918.0,55.2941169739,,,,,,,,,3.125,,5.46875,
28.7393591852,195,1162,81200,42.2951986111,-83.7807916667,35.0,20.3400001526,1918.0,55.2941169739,,,,,,,,,3.125,,5.46875,
28.7393591852,195,1162,82100,42.2951986111,-83.7807916667,35.0,22.0400009155,1736.0,55.2941169739,,,,,,,,,3.125,,5.46875,
28.7393591852,195,1162,82200,42.2951986111,-83.7807916667,37.0,22.0400009155,1736.0,55.2941169739,,,,,,,,,3.125,,5.46875,
28.7393591852,195,1162,83200,42.2951986111,-83.7807916667,40.0,22.0400009155,1736.0,55.2941169739,,,,,,,,,3.125,,5.46875,
28.7393591852,195,1162,84000,42.2955552778,-83.7808811111,40.0,22.0400009155,1736.0,55.2941169739,,,,,,,,,3.125,,5.46875,
28.7393591852,195,1162,84100,42.2955552778,-83.7808811111,40.0,19.7199993134,1704.0,60.0,,,,,,,,,3.125,,5.46875,
28.7393591852,195,1162,84300,42.2955552778,-83.7808811111,43.0,19.7199993134,1704.0,60.0,,,,,,,,,3.125,,5.46875,
28.7393591852,195,1162,85100,42.2955552778,-83.7808811111,43.0,19.7199993134,1704.0,60.0,,,,,,,,,-3.125,,5.46875,
28.7393591852,195,1162,85700,42.2955552778,-83.7808811111,45.0,19.7199993134,1704.0,60.0,,,,,,,,,-3.125,,5.46875,
28.7393591852,195,1162,86500,42.2955552778,-83.7808811111,45.0,14.7299995422,1842.0,60.0,,,,,,,,,-3.125,,5.46875,
28.7393591852,195,1162,86700,42.2955552778,-83.7808811111,49.0,14.7299995422,1842.0,60.0,,,,,,,,,-3.125,,5.46875,
28.7393591852,195,1162,86900,42.2958691667,-83.7809572222,49.0,14.7299995422,1842.0,60.0,,,,,,,,,-3.125,,5.46875,
28.7393591852,195,1162,88700,42.2958691667,-83.7809572222,49.0,24.25,2000.0,60.0,,,,,,,,,-3.125,,5.46875,
28.7393591852,195,1162,88800,42.2958691667,-83.7809572222,51.0,24.25,2000.0,60.0,,,,,,,,,-3.125,,5.46875,
28.7393591852,195,1162,89100,42.2958691667,-83.7809572222,51.0,24.25,2000.0,60.7843132019,,,,,,,,,-3.125,,5.46875,
28.7393591852,195,1162,89900,42.2958691667,-83.7809572222,55.0,24.25,2000.0,60.7843132019,,,,,,,,,-3.125,,5.46875,
28.7393591852,195,1162,90900,42.2963825,-83.7810230556,55.0,24.25,2000.0,60.7843132019,,,,,,,,,-3.125,,5.46875,
28.7393591852,195,1162,91600,42.2963825,-83.7810230556,58.0,16.3799991608,2230.0,60.7843132019,,,,,,,,,-3.125,,5.46875,
28.7393591852,195,1162,93000,42.2963825,-83.7810230556,60.0,16.3799991608,2230.0,60.7843132019,,,,,,,,,-3.125,,5.46875,
28.7393591852,195,1162,94000,42.2963825,-83.7810230556,60.0,4.88000011444,1710.0,60.7843132019,,,,,,,,,-3.125,,5.46875,
28.7393591852,195,1162,94100,42.2963825,-83.7810230556,60.0,4.88000011444,1710.0,22.745098114,,,,,,,,,-3.125,,5.46875,
28.7393591852,195,1162,94900,42.2969675,-83.7810344444,60.0,4.88000011444,1710.0,22.745098114,,,,,,,,,-3.125,,5.46875,
28.7393591852,195,1162,95100,42.2969675,-83.7810344444,59.0,4.88000011444,1710.0,22.745098114,,,,,,,,,-3.125,,5.46875,
28.7393591852,195,1162,95200,42.2969675,-83.7810344444,59.0,4.88000011444,1710.0,22.745098114,,,,,,,,,0.78125,,5.46875,
28.7393591852,195,1162,96100,42.2969675,-83.7810344444,60.0,17.2000007629,1827.0,22.745098114,,,,,,,,,0.78125,,5.46875,
28.7393591852,195,1162,97100,42.2969675,-83.7810344444,61.0,17.2000007629,1827.0,22.745098114,,,,,,,,,0.78125,,5.46875,
28.7393591852,195,1162,98000,42.2974211111,-83.7810361111,61.0,17.2000007629,1827.0,22.745098114,,,,,,,,,0.78125,,5.46875,
28.7393591852,195,1162,98500,42.2974211111,-83.7810361111,61.0,16.1100006104,1825.0,22.745098114,,,,,,,,,0.78125,,5.46875,
28.7393591852,195,1162,99500,42.2974211111,-83.7810361111,61.0,16.1100006104,1825.0,47.0588226318,,,,,,,,,0.78125,,5.46875,
28.7393591852,195,1162,100600,42.2974211111,-83.7810361111,62.0,17.8700008392,1828.0,47.0588226318,,,,,,,,,0.0,,5.46875,
28.7393591852,195,1162,101000,42.2978733333,-83.7810433333,62.0,17.8700008392,1828.0,47.0588226318,,,,,,,,,0.0,,5.46875,
28.7393591852,195,1162,102700,42.2978733333,-83.7810433333,61.0,3.20000004768,1694.0,47.0588226318,,,,,,,,,0.0,,5.46875,
28.7393591852,195,1162,104000,42.2978733333,-83.7810433333,59.0,3.20000004768,1694.0,47.0588226318,,,,,,,,,0.0,,5.46875,
28.7393591852,195,1162,105000,42.2984591667,-83.7810525,59.0,3.20000004768,1694.0,47.0588226318,,,,,,,,,0.0,,5.46875,
28.7393591852,195,1162,105100,42.2984591667,-83.7810525,58.0,7.46000003815,1714.0,23.5294113159,,,,,,,,,0.0,,5.46875,
28.7393591852,195,1162,106500,42.2984591667,-83.7810525,59.0,7.46000003815,1714.0,23.5294113159,,,,,,,,,0.0,,5.46875,
28.7393591852,195,1162,107500,42.2984591667,-83.7810525,61.0,6.98000001907,1808.0,23.5294113159,,,,,,,,,0.0,,5.46875,
28.7393591852,195,1162,108000,42.2989016667,-83.7810477778,61.0,6.98000001907,1808.0,23.5294113159,,,,,,,,,0.0,,5.46875,
28.7393591852,195,1162,109500,42.2989016667,-83.7810477778,61.0,2.69000005722,1694.0,23.5294113159,,,,,,,,,0.0,,5.46875,
28.7393591852,195,1162,110100,42.2989016667,-83.7810477778,61.0,2.69000005722,1694.0,10.5882358551,,,,,,,,,0.0,,5.46875,
28.7393591852,195,1162,110600,42.2989016667,-83.7810477778,57.0,2.69000005722,1694.0,10.5882358551,,,,,,,,,0.0,,5.46875,
28.7393591852,195,1162,111000,42.2993511111,-83.7810452778,57.0,2.69000005722,1694.0,10.5882358551,,,,,,,,,0.0,,5.46875,
28.7393591852,195,1162,111100,42.2993511111,-83.7810452778,57.0,2.69000005722,1694.0,10.5882358551,,,,,,,,,4.6875,,5.46875,
28.7393591852,195,1162,111500,42.2993511111,-83.7810452778,57.0,2.59999990463,1436.0,10.5882358551,,,,,,,,,4.6875,,5.46875,
28.7393591852,195,1162,112200,42.2993511111,-83.7810452778,52.0,2.59999990463,1436.0,10.5882358551,,,,,,,,,4.6875,,5.46875,
28.7393591852,195,1162,113200,42.2993511111,-83.7810452778,48.0,2.59999990463,1436.0,10.5882358551,,,,,,,,,4.6875,,5.46875,
28.7393591852,195,1162,113800,42.2993511111,-83.7810452778,48.0,2.77999997139,1314.0,10.5882358551,,,,,,,,,4.6875,,5.46875,
28.7393591852,195,1162,113900,42.2997025,-83.7810508333,48.0,2.77999997139,1314.0,10.5882358551,,,,,,,,,4.6875,,5.46875,
28.7393591852,195,1162,114600,42.2997025,-83.7810508333,41.0,2.77999997139,1314.0,10.5882358551,,,,,,,,,4.6875,,5.46875,
28.7393591852,195,1162,115600,42.2997025,-83.7810508333,36.0,2.77999997139,1314.0,10.5882358551,,,,,,,,,4.6875,,5.46875,
28.7393591852,195,1162,115800,42.2997025,-83.7810508333,36.0,2.25999999046,1206.0,10.5882358551,,,,,,,,,4.6875,,5.46875,
28.7393591852,195,1162,116700,42.2997025,-83.7810508333,29.0,2.25999999046,1206.0,10.5882358551,,,,,,,,,0.0,,5.46875,
28.7393591852,195,1162,117000,42.2999183333,-83.7809947222,29.0,2.25999999046,1206.0,10.5882358551,,,,,,,,,0.0,,5.46875,
28.7393591852,195,1162,117700,42.2999183333,-83.7809947222,26.0,2.25999999046,1206.0,10.5882358551,,,,,,,,,0.0,,5.46875,
28.7393591852,195,1162,117800,42.2999183333,-83.7809947222,26.0,13.0900001526,1467.0,10.5882358551,,,,,,,,,0.0,,5.46875,
28.7393591852,195,1162,118700,42.2999183333,-83.7809947222,28.0,13.0900001526,1467.0,10.5882358551,,,,,,,,,0.0,,5.46875,
28.7393591852,195,1162,120100,42.2999183333,-83.7809947222,38.0,40.1399993896,3214.0,10.5882358551,,,,,,,,,0.0,,5.46875,
28.7393591852,195,1162,121000,42.30011,-83.7806133333,38.0,40.1399993896,3214.0,10.5882358551,,,,,,,,,0.0,,5.46875,
28.7393591852,195,1162,121100,42.30011,-83.7806133333,43.0,40.1399993896,3214.0,43.1372566223,,,,,,,,,0.0,,5.46875,
28.7393591852,195,1162,121700,42.30011,-83.7806133333,43.0,40.1399993896,3214.0,43.1372566223,,,,,,,,,3.125,,5.46875,
28.7393591852,195,1162,122300,42.30011,-83.7806133333,47.0,25.7199993134,2554.0,43.1372566223,,,,,,,,,3.125,,5.46875,
28.7393591852,195,1162,123400,42.30011,-83.7806133333,50.0,25.7199993134,2554.0,43.1372566223,,,,,,,,,3.125,,5.46875,
28.7393591852,195,1162,124000,42.3001819444,-83.7801366667,50.0,25.7199993134,2554.0,43.1372566223,,,,,,,,,3.125,,5.46875,
28.7393591852,195,1162,124500,42.3001819444,-83.7801366667,53.0,17.5100002289,2050.0,43.1372566223,,,,,,,,,3.125,,5.46875,
28.7393591852,195,1162,125900,42.3001819444,-83.7801366667,56.0,17.5100002289,2050.0,43.1372566223,,,,,,,,,3.125,,5.46875,
28.7393591852,195,1162,126100,42.3001819444,-83.7801366667,56.0,17.5100002289,2050.0,18.4313735962,,,,,,,,,3.125,,5.46875,
28.7393591852,195,1162,126900,42.3001819444,-83.7801366667,56.0,2.67000007629,1506.0,18.4313735962,,,,,,,,,-1.5625,,5.46875,
28.7393591852,195,1162,128000,42.3002975,-83.7794211111,55.0,2.67000007629,1506.0,18.4313735962,,,,,,,,,-1.5625,,5.46875,
28.7393591852,195,1162,129000,42.3002975,-83.7794211111,57.0,24.0,1842.0,18.4313735962,,,,,,,,,-1.5625,,5.46875,
28.7393591852,195,1162,130100,42.3002975,-83.7794211111,60.0,24.0,1842.0,18.4313735962,,,,,,,,,-1.5625,,5.46875,
28.7393591852,195,1162,131000,42.3004286111,-83.77886,60.0,24.0,1842.0,18.4313735962,,,,,,,,,-1.5625,,5.46875,
28.7393591852,195,1162,131400,42.3004286111,-83.77886,64.0,25.9599990845,1910.0,71.3725509644,,,,,,,,,-1.5625,,5.46875,
28.7393591852,195,1162,132500,42.3004286111,-83.77886,66.0,25.9599990845,1910.0,71.3725509644,,,,,,,,,-7.03125,,5.46875,
28.7393591852,195,1162,133500,42.3004286111,-83.77886,68.0,19.3299999237,2000.0,71.3725509644,,,,,,,,,-7.03125,,5.46875,
28.7393591852,195,1162,134000,42.3006027778,-83.7782383333,68.0,19.3299999237,2000.0,71.3725509644,,,,,,,,,-7.03125,,5.46875,
28.7393591852,195,1162,134500,42.3006027778,-83.7782383333,70.0,19.3299999237,2000.0,71.3725509644,,,,,,,,,-7.03125,,5.46875,
28.7393591852,195,1162,135600,42.3006027778,-83.7782383333,71.0,18.2399997711,2049.0,71.3725509644,,,,,,,,,-7.03125,,4.6875,
28.7393591852,195,1162,136700,42.3006027778,-83.7782383333,71.0,18.2399997711,2049.0,46.2745094299,,,,,,,,,-7.03125,,4.6875,
28.7393591852,195,1162,136900,42.3007902778,-83.7775652778,71.0,18.2399997711,2049.0,46.2745094299,,,,,,,,,-7.03125,,4.6875,
28.7393591852,195,1162,137500,42.3007902778,-83.7775652778,71.0,18.2399997711,2049.0,46.2745094299,,,,,,,,,-5.46875,,4.6875,
28.7393591852,195,1162,137600,42.3007902778,-83.7775652778,71.0,26.3099994659,1829.0,46.2745094299,,,,,,,,,-5.46875,,4.6875,
28.7393591852,195,1162,137700,42.3007902778,-83.7775652778,74.0,26.3099994659,1829.0,46.2745094299,,,,,,,,,-5.46875,,4.6875,
28.7393591852,195,1162,138800,42.3007902778,-83.7775652778,75.0,26.3099994659,1829.0,46.2745094299,,,,,,,,,-5.46875,,4.6875,
28.7393591852,195,1162,139600,42.3007902778,-83.7775652778,75.0,30.4599990845,2252.0,46.2745094299,,,,,,,,,-5.46875,,4.6875,
28.7393591852,195,1162,139800,42.3007902778,-83.7775652778,78.0,30.4599990845,2252.0,46.2745094299,,,,,,,,,-5.46875,,4.6875,
28.7393591852,195,1162,140000,42.3009308333,-83.7768161111,78.0,30.4599990845,2252.0,46.2745094299,,,,,,,,,-5.46875,,4.6875,
28.7393591852,195,1162,141200,42.3009308333,-83.7768161111,80.0,30.4599990845,2252.0,46.2745094299,,,,,,,,,-5.46875,,4.6875,
28.7393591852,195,1162,142000,42.3009308333,-83.7768161111,80.0,25.7199993134,2376.0,55.2941169739,,,,,,,,,-5.46875,,4.6875,
28.7393591852,195,1162,142200,42.3009308333,-83.7768161111,83.0,25.7199993134,2376.0,55.2941169739,,,,,,,,,-5.46875,,4.6875,
28.7393591852,195,1162,143000,42.3009308333,-83.7768161111,83.0,25.7199993134,2376.0,55.2941169739,,,,,,,,,3.90625,,4.6875,
28.7393591852,195,1162,143200,42.3009308333,-83.7768161111,85.0,25.7199993134,2376.0,55.2941169739,,,,,,,,,3.90625,,4.6875,
28.7393591852,195,1162,144000,42.3009841667,-83.7756947222,85.0,25.7199993134,2376.0,55.2941169739,,,,,,,,,3.90625,,4.6875,
28.7393591852,195,1162,144100,42.3009841667,-83.7756947222,85.0,30.1200008392,2476.0,55.2941169739,,,,,,,,,3.90625,,4.6875,
28.7393591852,195,1162,144300,42.3009841667,-83.7756947222,87.0,30.1200008392,2476.0,55.2941169739,,,,,,,,,3.90625,,4.6875,
28.7393591852,195,1162,145300,42.3009841667,-83.7756947222,90.0,30.1200008392,2476.0,55.2941169739,,,,,,,,,3.90625,,4.6875,
28.7393591852,195,1162,146100,42.3009841667,-83.7756947222,90.0,32.1599998474,2610.0,55.2941169739,,,,,,,,,3.90625,,4.6875,
28.7393591852,195,1162,147000,42.3008652778,-83.774795,90.0,32.1599998474,2610.0,55.2941169739,,,,,,,,,3.90625,,4.6875,
28.7393591852,195,1162,147500,42.3008652778,-83.774795,90.0,32.1599998474,2610.0,84.7058868408,,,,,,,,,3.90625,,4.6875,
28.7393591852,195,1162,147700,42.3008652778,-83.774795,93.0,32.1599998474,2610.0,84.7058868408,,,,,,,,,3.90625,,4.6875,
28.7393591852,195,1162,148000,42.3008652778,-83.774795,93.0,32.1599998474,2610.0,84.7058868408,,,,,,,,,-0.78125,,4.6875,
28.7393591852,195,1162,148500,42.3008652778,-83.774795,93.0,62.7200012207,3635.0,84.7058868408,,,,,,,,,-0.78125,,4.6875,
28.7393591852,195,1162,148800,42.3008652778,-83.774795,95.0,62.7200012207,3635.0,84.7058868408,,,,,,,,,-0.78125,,4.6875,
28.7393591852,195,1162,149800,42.3008652778,-83.774795,98.0,62.7200012207,3635.0,84.7058868408,,,,,,,,,-0.78125,,4.6875,
28.7393591852,195,1162,150000,42.3006675,-83.7738422222,98.0,62.7200012207,3635.0,84.7058868408,,,,,,,,,-0.78125,,4.6875,
28.7393591852,195,1162,150600,42.3006675,-83.7738422222,98.0,69.5100021362,3836.0,84.7058868408,,,,,,,,,-0.78125,,4.6875,
28.7393591852,195,1162,150800,42.3006675,-83.7738422222,102.0,69.5100021362,3836.0,84.7058868408,,,,,,,,,-0.78125,,4.6875,
28.7393591852,195,1162,152400,42.3006675,-83.7738422222,107.0,69.5100021362,3836.0,84.7058868408,,,,,,,,,-0.78125,,4.6875,
28.7393591852,195,1162,152900,42.3004358333,-83.7727911111,107.0,72.6699981689,3995.0,90.5882339478,,,,,,,,,-0.78125,,4.6875,
28.7393591852,195,1162,153100,42.3004358333,-83.7727911111,107.0,72.6699981689,3995.0,90.5882339478,,,,,,,,,0.0,,4.6875,
28.7393591852,195,1162,153700,42.3004358333,-83.7727911111,116.0,72.6699981689,3995.0,90.5882339478,,,,,,,,,0.0,,4.6875,
28.7393591852,195,1162,154800,42.3004358333,-83.7727911111,119.0,72.6699981689,3995.0,90.5882339478,,,,,,,,,0.0,,4.6875,
28.7393591852,195,1162,155000,42.3004358333,-83.7727911111,119.0,51.7999992371,3987.0,90.5882339478,,,,,,,,,0.0,,4.6875,
28.7393591852,195,1162,155900,42.3004358333,-83.7727911111,121.0,51.7999992371,3987.0,90.5882339478,,,,,,,,,0.0,,4.6875,
28.7393591852,195,1162,157000,42.3000544444,-83.7712547222,123.0,36.8300018311,2932.0,90.5882339478,,,,,,,,,0.0,,4.6875,
28.7393591852,195,1162,158100,42.3000544444,-83.7712547222,123.0,36.8300018311,2932.0,36.8627471924,,,,,,,,,0.0,,4.6875,
28.7393591852,195,1162,159500,42.3000544444,-83.7712547222,122.0,16.3799991608,2820.0,36.8627471924,,,,,,,,,0.0,,4.6875,
28.7393591852,195,1162,160000,42.2997572222,-83.7700819444,122.0,16.3799991608,2820.0,36.8627471924,,,,,,,,,0.0,,4.6875,
28.7393591852,195,1162,161500,42.2997572222,-83.7700819444,121.0,13.6400003433,2782.0,36.8627471924,,,,,,,,,0.0,,4.6875,
28.7393591852,195,1162,162600,42.2997572222,-83.7700819444,120.0,13.6400003433,2782.0,36.8627471924,,,,,,,,,0.0,,4.6875,
28.7393591852,195,1162,163000,42.2994677778,-83.7689333333,120.0,13.6400003433,2782.0,36.8627471924,,,,,,,,,0.0,,4.6875,
28.7393591852,195,1162,163100,42.2994677778,-83.7689333333,120.0,13.6400003433,2782.0,28.235294342,,,,,,,,,-3.90625,,4.6875,
28.7393591852,195,1162,163600,42.2994677778,-83.7689333333,119.0,13.0900001526,2734.0,28.235294342,,,,,,,,,-3.90625,,4.6875,
28.7393591852,195,1162,165000,42.2994677778,-83.7689333333,118.0,13.0900001526,2734.0,28.235294342,,,,,,,,,-3.90625,,4.6875,
28.7393591852,195,1162,166000,42.2991830556,-83.7678058333,118.0,25.4699993134,2718.0,28.235294342,,,,,,,,,-3.90625,,5.46875,
28.7393591852,195,1162,168000,42.2991830556,-83.7678058333,118.0,20.9599990845,2734.0,28.235294342,,,,,,,,,-3.90625,,5.46875,
28.7393591852,195,1162,168600,42.2991830556,-83.7678058333,118.0,20.9599990845,2734.0,40.0,,,,,,,,,0.0,,5.46875,
28.7393591852,195,1162,168900,42.2989408333,-83.7666666667,118.0,20.9599990845,2734.0,40.0,,,,,,,,,0.0,,5.46875,
28.7393591852,195,1162,170000,42.2989408333,-83.7666666667,118.0,28.3899993896,2722.0,40.0,,,,,,,,,0.0,,5.46875,
28.7393591852,195,1162,171100,42.2989408333,-83.7666666667,119.0,28.3899993896,2722.0,40.0,,,,,,,,,0.0,,5.46875,
28.7393591852,195,1162,172100,42.2989408333,-83.7666666667,119.0,25.9599990845,2738.0,40.0,,,,,,,,,0.0,,5.46875,
28.7393591852,195,1162,172900,42.2987041667,-83.7651261111,119.0,25.9599990845,2738.0,40.0,,,,,,,,,0.0,,5.46875,
28.7393591852,195,1162,173600,42.2987041667,-83.7651261111,119.0,25.9599990845,2738.0,48.235294342,,,,,,,,,0.0,,5.46875,
28.7393591852,195,1162,174200,42.2987041667,-83.7651261111,119.0,12.5399999619,2740.0,48.235294342,,,,,,,,,0.0,,5.46875,
28.7393591852,195,1162,175500,42.2987041667,-83.7651261111,117.0,12.5399999619,2740.0,48.235294342,,,,,,,,,0.0,,5.46875,
28.7393591852,195,1162,176000,42.298615,-83.76395,117.0,12.5399999619,2740.0,48.235294342,,,,,,,,,0.0,,5.46875,
28.7393591852,195,1162,176600,42.298615,-83.76395,115.0,5.61999988556,2652.0,48.235294342,,,,,,,,,0.0,,5.46875,
28.7393591852,195,1162,177600,42.298615,-83.76395,114.0,5.61999988556,2652.0,48.235294342,,,,,,,,,0.0,,5.46875,
28.7393591852,195,1162,178700,42.298615,-83.76395,112.0,5.30000019073,2558.0,10.1960783005,,,,,,,,,1.5625,,5.46875,
28.7393591852,195,1162,179000,42.2985544444,-83.7628175,112.0,5.30000019073,2558.0,10.1960783005,,,,,,,,,1.5625,,5.46875,
28.7393591852,195,1162,179700,42.2985544444,-83.7628175,110.0,5.30000019073,2558.0,10.1960783005,,,,,,,,,1.5625,,5.46875,
28.7393591852,195,1162,181100,42.2985544444,-83.7628175,108.0,5.17000007629,2476.0,10.1960783005,,,,,,,,,1.5625,,5.46875,
28.7393591852,195,1162,182100,42.2985544444,-83.7628175,106.0,5.17000007629,2476.0,10.1960783005,,,,,,,,,1.5625,,5.46875,
28.7393591852,195,1162,183000,42.2984777778,-83.7613830556,106.0,5.17000007629,2476.0,10.1960783005,,,,,,,,,1.5625,,5.46875,
28.7393591852,195,1162,183100,42.2984777778,-83.7613830556,105.0,10.1800003052,2416.0,10.1960783005,,,,,,,,,1.5625,,5.46875,
28.7393591852,195,1162,184200,42.2984777778,-83.7613830556,104.0,10.1800003052,2416.0,20.392156601,,,,,,,,,0.0,,5.46875,
28.7393591852,195,1162,185200,42.2984777778,-83.7613830556,104.0,9.97999954224,2404.0,20.392156601,,,,,,,,,0.0,,5.46875,
28.7393591852,195,1162,186000,42.2984208333,-83.7603358333,104.0,9.97999954224,2404.0,20.392156601,,,,,,,,,0.0,,5.46875,
28.7393591852,195,1162,187600,42.2984208333,-83.7603358333,105.0,21.7999992371,2412.0,20.392156601,,,,,,,,,0.0,,5.46875,
28.7393591852,195,1162,188800,42.2984208333,-83.7603358333,106.0,21.7999992371,2412.0,20.392156601,,,,,,,,,0.0,,5.46875,
28.7393591852,195,1162,189000,42.2983627778,-83.7592788889,106.0,21.7999992371,2412.0,20.392156601,,,,,,,,,0.0,,5.46875,
28.7393591852,195,1162,189200,42.2983627778,-83.7592788889,106.0,21.7999992371,2412.0,47.4509811401,,,,,,,,,1.5625,,5.46875,
28.7393591852,195,1162,189900,42.2983627778,-83.7592788889,107.0,13.5,2480.0,47.4509811401,,,,,,,,,1.5625,,5.46875,
28.7393591852,195,1162,191000,42.2983627778,-83.7592788889,108.0,13.5,2480.0,47.4509811401,,,,,,,,,1.5625,,5.46875,
28.7393591852,195,1162,191900,42.2983627778,-83.7592788889,108.0,5.55000019073,2488.0,47.4509811401,,,,,,,,,1.5625,,5.46875,
28.7393591852,195,1162,192900,42.2982802778,-83.7578366667,108.0,5.55000019073,2488.0,47.4509811401,,,,,,,,,1.5625,,5.46875,
28.7393591852,195,1162,193900,42.2982802778,-83.7578366667,108.0,5.23000001907,2468.0,47.4509811401,,,,,,,,,1.5625,,5.46875,
28.7393591852,195,1162,194500,42.2982802778,-83.7578366667,107.0,5.23000001907,2468.0,10.1960783005,,,,,,,,,-2.34375,,5.46875,
28.7393591852,195,1162,195900,42.2982802778,-83.7578366667,107.0,5.17000007629,2450.0,10.1960783005,,,,,,,,,-2.34375,,5.46875,
28.7393591852,195,1162,196000,42.2982186111,-83.7567608333,107.0,5.17000007629,2450.0,10.1960783005,,,,,,,,,-2.34375,,5.46875,
28.7393591852,195,1162,197900,42.2982186111,-83.7567608333,107.0,5.07000017166,2426.0,10.1960783005,,,,,,,,,-2.34375,,5.46875,
28.7393591852,195,1162,198700,42.2982186111,-83.7567608333,105.0,5.07000017166,2426.0,10.1960783005,,,,,,,,,-2.34375,,5.46875,
28.7393591852,195,1162,199000,42.2981572222,-83.7557011111,105.0,5.07000017166,2426.0,10.1960783005,,,,,,,,,-2.34375,,5.46875,
28.7393591852,195,1162,199500,42.2981572222,-83.7557011111,105.0,5.07000017166,2426.0,10.1960783005,,,,,,,,,0.0,,5.46875,
28.7393591852,195,1162,199700,42.2981572222,-83.7557011111,104.0,5.07000017166,2426.0,10.1960783005,,,,,,,,,0.0,,5.46875,
28.7393591852,195,1162,199900,42.2981572222,-83.7557011111,104.0,4.76000022888,2266.0,10.1960783005,,,,,,,,,0.0,,5.46875,
28.7393591852,195,1162,200800,42.2981572222,-83.7557011111,100.0,4.76000022888,2266.0,10.1960783005,,,,,,,,,0.0,,5.46875,
28.7393591852,195,1162,202000,42.2980955556,-83.7546863889,100.0,4.76000022888,2266.0,10.1960783005,,,,,,,,,0.0,,5.46875,
28.7393591852,195,1162,202100,42.2980955556,-83.7546863889,100.0,4.71000003815,2262.0,10.1960783005,,,,,,,,,0.0,,5.46875,
28.7393591852,195,1162,203200,42.2980955556,-83.7546863889,99.0,4.71000003815,2262.0,10.1960783005,,,,,,,,,0.0,,5.46875,
28.7393591852,195,1162,204100,42.2980955556,-83.7546863889,99.0,4.73999977112,2244.0,10.1960783005,,,,,,,,,0.0,,5.46875,
28.7393591852,195,1162,206000,42.2980383333,-83.7533680556,99.0,4.73999977112,2244.0,10.1960783005,,,,,,,,,0.0,,5.46875,
28.7393591852,195,1162,206100,42.2980383333,-83.7533680556,99.0,4.67999982834,2226.0,10.1960783005,,,,,,,,,0.0,,5.46875,
28.7393591852,195,1162,206300,42.2980383333,-83.7533680556,98.0,4.67999982834,2226.0,10.1960783005,,,,,,,,,0.0,,5.46875,
28.7393591852,195,1162,208500,42.2980383333,-83.7533680556,98.0,4.59999990463,2144.0,10.1960783005,,,,,,,,,0.0,,5.46875,
28.7393591852,195,1162,208700,42.2980383333,-83.7533680556,95.0,4.59999990463,2144.0,10.1960783005,,,,,,,,,0.0,,5.46875,
28.7393591852,195,1162,208900,42.2980769444,-83.7524055556,95.0,4.59999990463,2144.0,10.1960783005,,,,,,,,,0.0,,5.46875,
28.7393591852,195,1162,210500,42.2980769444,-83.7524055556,95.0,4.51999998093,2149.0,10.1960783005,,,,,,,,,0.0,,5.46875,
28.7393591852,195,1162,210800,42.2980769444,-83.7524055556,94.0,4.51999998093,2149.0,10.1960783005,,,,,,,,,0.0,,5.46875,
28.7393591852,195,1162,211800,42.2980769444,-83.7524055556,93.0,4.51999998093,2149.0,10.1960783005,,,,,,,,,0.0,,5.46875,
28.7393591852,195,1162,212900,42.2982547222,-83.7511786111,93.0,4.51999998093,2149.0,10.1960783005,,,,,,,,,0.0,,5.46875,
28.7393591852,195,1162,213300,42.2982547222,-83.7511786111,93.0,4.48999977112,2098.0,10.1960783005,,,,,,,,,0.0,,5.46875,
28.7393591852,195,1162,214700,42.2982547222,-83.7511786111,91.0,4.48999977112,2098.0,10.1960783005,,,,,,,,,0.0,,5.46875,
28.7393591852,195,1162,215700,42.2982547222,-83.7511786111,90.0,4.36999988556,2046.0,10.5882358551,,,,,,,,,0.0,,5.46875,
28.7393591852,195,1162,216000,42.2984816667,-83.7503275,90.0,4.36999988556,2046.0,10.5882358551,,,,,,,,,0.0,,5.46875,
28.7393591852,195,1162,217800,42.2984816667,-83.7503275,89.0,4.34999990463,2028.0,10.5882358551,,,,,,,,,0.0,,5.46875,
28.7393591852,195,1162,218900,42.2984816667,-83.7503275,90.0,4.34999990463,2028.0,10.5882358551,,,,,,,,,0.0,,5.46875,
28.7393591852,195,1162,220000,42.2989080556,-83.7492658333,90.0,4.34999990463,2028.0,10.5882358551,,,,,,,,,0.0,,5.46875,
28.7393591852,195,1162,220200,42.2989080556,-83.7492658333,91.0,5.19999980927,2104.0,10.5882358551,,,,,,,,,0.0,,5.46875,
28.7393591852,195,1162,220800,42.2989080556,-83.7492658333,91.0,5.19999980927,2104.0,10.5882358551,,,,,,,,,4.6875,,5.46875,
28.7393591852,195,1162,222400,42.2989080556,-83.7492658333,91.0,4.30999994278,2049.0,10.5882358551,,,,,,,,,4.6875,,5.46875,
28.7393591852,195,1162,223000,42.2993211111,-83.7485272222,91.0,4.30999994278,2049.0,10.5882358551,,,,,,,,,4.6875,,5.46875,
28.7393591852,195,1162,224600,42.2993211111,-83.7485272222,90.0,4.38999986649,2049.0,10.5882358551,,,,,,,,,4.6875,,5.46875,
28.7393591852,195,1162,225900,42.2997844444,-83.7478633333,90.0,4.38999986649,2049.0,10.1960783005,,,,,,,,,0.0,,5.46875,
28.7393591852,195,1162,227000,42.2997844444,-83.7478633333,90.0,4.34999990463,2038.0,10.1960783005,,,,,,,,,0.0,,2.34375,
28.7393591852,195,1162,229000,42.2997844444,-83.7478633333,90.0,4.32999992371,2026.0,10.1960783005,,,,,,,,,0.0,,2.34375,
28.7393591852,195,1162,229500,42.2997844444,-83.7478633333,89.0,4.32999992371,2026.0,10.1960783005,,,,,,,,,0.0,,2.34375,
28.7393591852,195,1162,230000,42.3004844444,-83.7471127778,89.0,4.32999992371,2026.0,10.1960783005,,,,,,,,,0.0,,2.34375,
28.7393591852,195,1162,231000,42.3004844444,-83.7471127778,90.0,9.69999980927,2088.0,19.2156867981,,,,,,,,,0.0,,2.34375,
28.7393591852,195,1162,232000,42.3004844444,-83.7471127778,91.0,9.69999980927,2088.0,19.2156867981,,,,,,,,,0.0,,2.34375,
28.7393591852,195,1162,233000,42.3010605556,-83.7466377778,91.0,9.69999980927,2088.0,19.2156867981,,,,,,,,,0.0,,2.34375,
28.7393591852,195,1162,233100,42.3010605556,-83.7466377778,91.0,5.09999990463,2110.0,19.2156867981,,,,,,,,,0.0,,2.34375,
28.7393591852,195,1162,234100,42.3010605556,-83.7466377778,92.0,5.09999990463,2110.0,19.2156867981,,,,,,,,,0.0,,2.34375,
28.7393591852,195,1162,235100,42.3010605556,-83.7466377778,94.0,23.2700004578,2174.0,19.2156867981,,,,,,,,,0.0,,2.34375,
28.7393591852,195,1162,235900,42.3016594444,-83.7461638889,94.0,23.2700004578,2174.0,19.2156867981,,,,,,,,,0.0,,2.34375,
28.7393591852,195,1162,236000,42.3016594444,-83.7461638889,94.0,23.2700004578,2174.0,50.9803924561,,,,,,,,,1.5625,,2.34375,
28.7393591852,195,1162,236500,42.3016594444,-83.7461638889,97.0,23.2700004578,2174.0,50.9803924561,,,,,,,,,1.5625,,2.34375,
28.7393591852,195,1162,237700,42.3016594444,-83.7461638889,99.0,26.6599998474,2278.0,50.9803924561,,,,,,,,,1.5625,,2.34375,
28.7393591852,195,1162,238800,42.3016594444,-83.7461638889,101.0,26.6599998474,2278.0,50.9803924561,,,,,,,,,1.5625,,2.34375,
28.7393591852,195,1162,242100,42.3030083333,-83.7451911111,101.0,26.6599998474,2278.0,50.9803924561,,,,,,,,,1.5625,,2.34375,
28.7393591852,195,1162,243500,42.3030083333,-83.7451911111,109.0,26.6599998474,2278.0,50.9803924561,,,,,,,,,1.5625,,2.34375,
28.7393591852,195,1162,244000,42.3030083333,-83.7451911111,109.0,6.75,2546.0,50.9803924561,,,,,,,,,1.5625,,2.34375,
28.7393591852,195,1162,244600,42.3030083333,-83.7451911111,108.0,6.75,2546.0,50.9803924561,,,,,,,,,1.5625,,2.34375,
28.7393591852,195,1162,245000,42.3037358333,-83.7447052778,108.0,6.75,2546.0,50.9803924561,,,,,,,,,1.5625,,2.34375,
28.7393591852,195,1162,245700,42.3037358333,-83.7447052778,107.0,6.75,2546.0,50.9803924561,,,,,,,,,1.5625,,2.34375,
28.7393591852,195,1162,246000,42.3037358333,-83.7447052778,107.0,4.01999998093,2382.0,50.9803924561,,,,,,,,,1.5625,,2.34375,
28.7393591852,195,1162,246100,42.3037358333,-83.7447052778,107.0,4.01999998093,2382.0,10.1960783005,,,,,,,,,0.0,,2.34375,
28.7393591852,195,1162,246700,42.3037358333,-83.7447052778,104.0,4.01999998093,2382.0,10.1960783005,,,,,,,,,0.0,,2.34375,
28.7393591852,195,1162,248300,42.3037358333,-83.7447052778,96.0,3.41000008583,2142.0,10.1960783005,,,,,,,,,0.0,,2.34375,
28.7393591852,195,1162,249100,42.3046166667,-83.7441283333,96.0,3.41000008583,2142.0,10.1960783005,,,,,,,,,0.0,,2.34375,
28.7393591852,195,1162,249400,42.3046166667,-83.7441283333,87.0,3.41000008583,2142.0,10.1960783005,,,,,,,,,0.0,,2.34375,
28.7393591852,195,1162,250400,42.3046166667,-83.7441283333,74.0,2.3599998951,1500.0,10.1960783005,,,,,,,,,0.0,,2.34375,
28.7393591852,195,1162,251500,42.3046166667,-83.7441283333,62.0,2.3599998951,1500.0,12.9411764145,,,,,,,,,0.0,,2.34375,
28.7393591852,195,1162,251900,42.3050541667,-83.7438327778,62.0,2.3599998951,1500.0,12.9411764145,,,,,,,,,0.0,,2.34375,
28.7393591852,195,1162,252500,42.3050541667,-83.7438327778,62.0,3.07999992371,1296.0,12.9411764145,,,,,,,,,0.0,,2.34375,
28.7393591852,195,1162,253000,42.3050541667,-83.7438327778,41.0,3.07999992371,1296.0,12.9411764145,,,,,,,,,0.0,,2.34375,
28.7393591852,195,1162,254100,42.3050541667,-83.7438327778,31.0,3.07999992371,1296.0,12.9411764145,,,,,,,,,0.0,,2.34375,
28.7393591852,195,1162,254400,42.3050541667,-83.7438327778,31.0,3.25,1308.0,12.9411764145,,,,,,,,,0.0,,2.34375,
28.7393591852,195,1162,254900,42.3051816667,-83.7435425,31.0,3.25,1308.0,12.9411764145,,,,,,,,,0.0,,2.34375,
28.7393591852,195,1162,255200,42.3051816667,-83.7435425,28.0,3.25,1308.0,12.9411764145,,,,,,,,,0.0,,2.34375,
28.7393591852,195,1162,256400,42.3051816667,-83.7435425,28.0,8.34000015259,2456.0,12.9411764145,,,,,,,,,0.0,,2.34375,
28.7393591852,195,1162,256600,42.3051816667,-83.7435425,28.0,8.34000015259,2456.0,20.7843132019,,,,,,,,,5.46875,,2.34375,
28.7393591852,195,1162,257400,42.3051816667,-83.7435425,29.0,8.34000015259,2456.0,20.7843132019,,,,,,,,,5.46875,,2.34375,
28.7393591852,195,1162,257900,42.3050305556,-83.74333,29.0,8.34000015259,2456.0,20.7843132019,,,,,,,,,5.46875,,2.34375,
28.7393591852,195,1162,258500,42.3050305556,-83.74333,29.0,10.6800003052,2456.0,20.7843132019,,,,,,,,,5.46875,,2.34375,
28.7393591852,195,1162,259500,42.3050305556,-83.74333,35.0,10.6800003052,2456.0,20.7843132019,,,,,,,,,5.46875,,2.34375,
28.7393591852,195,1162,260500,42.3050305556,-83.74333,35.0,4.21999979019,1474.0,20.7843132019,,,,,,,,,5.46875,,2.34375,
28.7393591852,195,1162,260600,42.3050305556,-83.74333,38.0,4.21999979019,1474.0,20.7843132019,,,,,,,,,5.46875,,2.34375,
28.7393591852,195,1162,261000,42.3047561111,-83.7433430556,38.0,4.21999979019,1474.0,20.7843132019,,,,,,,,,5.46875,,2.34375,
28.7393591852,195,1162,261600,42.3047561111,-83.7433430556,39.0,4.21999979019,1474.0,12.1568632126,,,,,,,,,7.8125,,2.34375,
28.7393591852,195,1162,262500,42.3047561111,-83.7433430556,39.0,2.44000005722,1450.0,12.1568632126,,,,,,,,,7.8125,,2.34375,
28.7393591852,195,1162,263000,42.3047561111,-83.7433430556,40.0,2.44000005722,1450.0,12.1568632126,,,,,,,,,7.8125,,2.34375,
28.7393591852,195,1162,264000,42.3045302778,-83.7436083333,42.0,2.44000005722,1450.0,12.1568632126,,,,,,,,,7.8125,,2.34375,
28.7393591852,195,1162,264800,42.3045302778,-83.7436083333,42.0,5.09999990463,1702.0,12.1568632126,,,,,,,,,7.8125,,2.34375,
28.7393591852,195,1162,265000,42.3045302778,-83.7436083333,43.0,5.09999990463,1702.0,12.1568632126,,,,,,,,,7.8125,,2.34375,
28.7393591852,195,1162,266100,42.3045302778,-83.7436083333,45.0,5.09999990463,1702.0,12.1568632126,,,,,,,,,7.8125,,2.34375,
28.7393591852,195,1162,266900,42.3045302778,-83.7436083333,45.0,2.29999995232,1270.0,11.372549057,,,,,,,,,0.0,,2.34375,
28.7393591852,195,1162,267000,42.3042991667,-83.7439358333,45.0,2.29999995232,1270.0,11.372549057,,,,,,,,,0.0,,2.34375,
28.7393591852,195,1162,267100,42.3042991667,-83.7439358333,47.0,2.29999995232,1270.0,11.372549057,,,,,,,,,0.0,,2.34375,
28.7393591852,195,1162,269300,42.3042991667,-83.7439358333,47.0,2.43000006676,1356.0,11.372549057,,,,,,,,,0.0,,2.34375,
28.7393591852,195,1162,269500,42.3042991667,-83.7439358333,48.0,2.43000006676,1356.0,11.372549057,,,,,,,,,0.0,,2.34375,
28.7393591852,195,1162,271000,42.3038930556,-83.7442433333,48.0,2.43000006676,1356.0,11.372549057,,,,,,,,,0.0,,2.34375,
28.7393591852,195,1162,271400,42.3038930556,-83.7442433333,48.0,2.3599998951,1270.0,11.372549057,,,,,,,,,0.0,,2.34375,
28.7393591852,195,1162,271600,42.3038930556,-83.7442433333,40.0,2.3599998951,1270.0,11.372549057,,,,,,,,,0.0,,2.34375,
28.7393591852,195,1162,271900,42.3038930556,-83.7442433333,40.0,2.3599998951,1270.0,10.1960783005,,,,,,,,,0.78125,,2.34375,
28.7393591852,195,1162,273900,42.3036566667,-83.7443288889,40.0,2.3599998951,1270.0,10.1960783005,,,,,,,,,0.78125,,2.34375,
28.7393591852,195,1162,274200,42.3036566667,-83.7443288889,30.0,3.48000001907,1150.0,10.1960783005,,,,,,,,,0.78125,,2.34375,
28.7393591852,195,1162,275500,42.3036566667,-83.7443288889,6.0,3.48000001907,1150.0,10.1960783005,,,,,,,,,0.78125,,2.34375,
28.7393591852,195,1162,276600,42.3036566667,-83.7443288889,7.0,16.6499996185,1646.0,10.1960783005,,,,,,,,,0.78125,,2.34375,
28.7393591852,195,1162,277000,42.303585,-83.7443372222,7.0,16.6499996185,1646.0,43.9215698242,,,,,,,,,0.78125,,2.34375,
28.7393591852,195,1162,277600,42.303585,-83.7443372222,15.0,16.6499996185,1646.0,43.9215698242,,,,,,,,,0.78125,,2.34375,
28.7393591852,195,1162,278700,42.303585,-83.7443372222,19.0,9.44999980927,1752.0,43.9215698242,,,,,,,,,0.78125,,2.34375,
28.7393591852,195,1162,279700,42.303585,-83.7443372222,21.0,9.44999980927,1752.0,43.9215698242,,,,,,,,,0.78125,,2.34375,
28.7393591852,195,1162,281000,42.3034516667,-83.7441519444,21.0,9.44999980927,1752.0,43.9215698242,,,,,,,,,0.78125,,2.34375,
28.7393591852,195,1162,281100,42.3034516667,-83.7441519444,25.0,13.3599996567,1638.0,43.9215698242,,,,,,,,,0.78125,,2.34375,
28.7393591852,195,1162,282100,42.3034516667,-83.7441519444,29.0,13.3599996567,1638.0,52.1568641663,,,,,,,,,-0.78125,,2.34375,
28.7393591852,195,1162,283100,42.3034516667,-83.7441519444,33.0,16.3799991608,1836.0,52.1568641663,,,,,,,,,-0.78125,,2.34375,
28.7393591852,195,1162,284000,42.3033866667,-83.7438425,33.0,16.3799991608,1836.0,52.1568641663,,,,,,,,,-0.78125,,2.34375,
28.7393591852,195,1162,284200,42.3033866667,-83.7438425,36.0,16.3799991608,1836.0,52.1568641663,,,,,,,,,-0.78125,,2.34375,
28.7393591852,195,1162,285200,42.3033866667,-83.7438425,39.0,15.8299999237,2082.0,52.1568641663,,,,,,,,,-0.78125,,2.34375,
28.7393591852,195,1162,286600,42.3033866667,-83.7438425,42.0,15.8299999237,2082.0,52.1568641663,,,,,,,,,-0.78125,,2.34375,
28.7393591852,195,1162,287000,42.3032538889,-83.7434766667,42.0,15.8299999237,2082.0,52.1568641663,,,,,,,,,-0.78125,,2.34375,
28.7393591852,195,1162,287600,42.3032538889,-83.7434766667,44.0,12.1700000763,1700.0,39.6078453064,,,,,,,,,-3.90625,,4.6875,
28.7393591852,195,1162,288700,42.3032538889,-83.7434766667,45.0,12.1700000763,1700.0,39.6078453064,,,,,,,,,-3.90625,,4.6875,
28.7393591852,195,1162,289700,42.3032538889,-83.7434766667,45.0,3.75999999046,1528.0,39.6078453064,,,,,,,,,-3.90625,,4.6875,
28.7393591852,195,1162,290000,42.3030797222,-83.7430952778,45.0,3.75999999046,1528.0,39.6078453064,,,,,,,,,-3.90625,,4.6875,
28.7393591852,195,1162,290300,42.3030797222,-83.7430952778,46.0,3.75999999046,1528.0,39.6078453064,,,,,,,,,-3.90625,,4.6875,
28.7393591852,195,1162,291800,42.3030797222,-83.7430952778,45.0,6.84000015259,1350.0,39.6078453064,,,,,,,,,-3.90625,,4.6875,
28.7393591852,195,1162,292900,42.3028802778,-83.742735,44.0,6.84000015259,1350.0,25.882352829,,,,,,,,,-3.90625,,4.6875,
28.7393591852,195,1162,293900,42.3028802778,-83.742735,45.0,7.82000017166,1358.0,25.882352829,,,,,,,,,-3.90625,,4.6875,
28.7393591852,195,1162,296000,42.3028802778,-83.742735,46.0,5.32999992371,1372.0,25.882352829,,,,,,,,,-3.90625,,4.6875,
28.7393591852,195,1162,296900,42.3025708333,-83.7422858333,46.0,5.32999992371,1372.0,25.882352829,,,,,,,,,-3.90625,,4.6875,
28.7393591852,195,1162,297900,42.3025708333,-83.7422858333,46.0,5.32999992371,1372.0,17.6470584869,,,,,,,,,7.03125,,4.6875,
28.7393591852,195,1162,298000,42.3025708333,-83.7422858333,46.0,3.77999997139,1412.0,17.6470584869,,,,,,,,,7.03125,,4.6875,
28.7393591852,195,1162,299000,42.3024119444,-83.7420633333,46.0,3.77999997139,1412.0,17.6470584869,,,,,,,,,7.03125,,4.6875,
28.7393591852,195,1162,299100,42.3024119444,-83.7420633333,45.0,3.77999997139,1412.0,17.6470584869,,,,,,,,,7.03125,,4.6875,
28.7393591852,195,1162,300000,42.3024119444,-83.7420633333,45.0,2.24000000954,1220.0,17.6470584869,,,,,,,,,7.03125,,4.6875,
28.7393591852,195,1162,300100,42.3024119444,-83.7420633333,44.0,2.24000000954,1220.0,17.6470584869,,,,,,,,,7.03125,,4.6875,
28.7393591852,195,1162,302000,42.3024119444,-83.7420633333,44.0,2.11999988556,1176.0,17.6470584869,,,,,,,,,7.03125,,4.6875,
28.7393591852,195,1162,302200,42.3024119444,-83.7420633333,42.0,2.11999988556,1176.0,17.6470584869,,,,,,,,,7.03125,,4.6875,
28.7393591852,195,1162,302900,42.3021941667,-83.7415852778,42.0,2.11999988556,1176.0,17.6470584869,,,,,,,,,7.03125,,4.6875,
28.7393591852,195,1162,303000,42.3021941667,-83.7415852778,42.0,2.11999988556,1176.0,27.4509811401,,,,,,,,,1.5625,,4.6875,
28.7393591852,195,1162,303200,42.3021941667,-83.7415852778,41.0,2.11999988556,1176.0,27.4509811401,,,,,,,,,1.5625,,4.6875,
28.7393591852,195,1162,304100,42.3021941667,-83.7415852778,41.0,10.8800001144,1318.0,27.4509811401,,,,,,,,,1.5625,,4.6875,
28.7393591852,195,1162,305300,42.3021941667,-83.7415852778,42.0,10.8800001144,1318.0,27.4509811401,,,,,,,,,1.5625,,4.6875,
28.7393591852,195,1162,306000,42.3022016667,-83.7411661111,42.0,10.8800001144,1318.0,27.4509811401,,,,,,,,,1.5625,,4.6875,
28.7393591852,195,1162,306100,42.3022016667,-83.7411661111,42.0,13.3599996567,1314.0,27.4509811401,,,,,,,,,1.5625,,4.6875,
28.7393591852,195,1162,306700,42.3022016667,-83.7411661111,44.0,13.3599996567,1314.0,27.4509811401,,,,,,,,,1.5625,,4.6875,
28.7393591852,195,1162,307700,42.3022016667,-83.7411661111,46.0,13.3599996567,1314.0,27.4509811401,,,,,,,,,1.5625,,4.6875,
28.7393591852,195,1162,308500,42.3022016667,-83.7411661111,46.0,13.7700004578,1414.0,50.5882377625,,,,,,,,,-1.5625,,4.6875,
28.7393591852,195,1162,308800,42.3022016667,-83.7411661111,47.0,13.7700004578,1414.0,50.5882377625,,,,,,,,,-1.5625,,4.6875,
28.7393591852,195,1162,309000,42.3022322222,-83.7407075,47.0,13.7700004578,1414.0,50.5882377625,,,,,,,,,-1.5625,,4.6875,
28.7393591852,195,1162,309800,42.3022322222,-83.7407075,48.0,13.7700004578,1414.0,50.5882377625,,,,,,,,,-1.5625,,4.6875,
28.7393591852,195,1162,310600,42.3022322222,-83.7407075,48.0,8.22999954224,1498.0,50.5882377625,,,,,,,,,-1.5625,,4.6875,
28.7393591852,195,1162,310800,42.3022322222,-83.7407075,47.0,8.22999954224,1498.0,50.5882377625,,,,,,,,,-1.5625,,4.6875,
28.7393591852,195,1162,312200,42.3022322222,-83.7407075,46.0,8.22999954224,1498.0,50.5882377625,,,,,,,,,-1.5625,,4.6875,
28.7393591852,195,1162,313000,42.3022361111,-83.7400905556,46.0,5.65999984741,1336.0,50.5882377625,,,,,,,,,-1.5625,,4.6875,
28.7393591852,195,1162,313200,42.3022361111,-83.7400905556,45.0,5.65999984741,1336.0,50.5882377625,,,,,,,,,-1.5625,,4.6875,
28.7393591852,195,1162,313600,42.3022361111,-83.7400905556,45.0,5.65999984741,1336.0,16.0784320831,,,,,,,,,0.78125,,4.6875,
28.7393591852,195,1162,314300,42.3022361111,-83.7400905556,43.0,5.65999984741,1336.0,16.0784320831,,,,,,,,,0.78125,,4.6875,
28.7393591852,195,1162,315100,42.3022361111,-83.7400905556,43.0,2.02999997139,1152.0,16.0784320831,,,,,,,,,0.78125,,4.6875,
28.7393591852,195,1162,315300,42.3022361111,-83.7400905556,41.0,2.02999997139,1152.0,16.0784320831,,,,,,,,,0.78125,,4.6875,
28.7393591852,195,1162,316000,42.30216,-83.7397,41.0,2.02999997139,1152.0,16.0784320831,,,,,,,,,0.78125,,4.6875,
28.7393591852,195,1162,316400,42.30216,-83.7397,38.0,2.02999997139,1152.0,16.0784320831,,,,,,,,,0.78125,,4.6875,
28.7393591852,195,1162,317200,42.30216,-83.7397,38.0,8.71000003815,1502.0,16.0784320831,,,,,,,,,0.78125,,4.6875,
28.7393591852,195,1162,317700,42.30216,-83.7397,37.0,8.71000003815,1502.0,16.0784320831,,,,,,,,,0.78125,,4.6875,
28.7393591852,195,1162,318600,42.30216,-83.7397,37.0,8.71000003815,1502.0,33.3333320618,,,,,,,,,5.46875,,4.6875,
28.7393591852,195,1162,318900,42.3019583333,-83.7394216667,37.0,8.71000003815,1502.0,33.3333320618,,,,,,,,,5.46875,,4.6875,
28.7393591852,195,1162,319600,42.3019583333,-83.7394216667,37.0,15.279999733,1530.0,33.3333320618,,,,,,,,,5.46875,,4.6875,
28.7393591852,195,1162,320100,42.3019583333,-83.7394216667,38.0,15.279999733,1530.0,33.3333320618,,,,,,,,,5.46875,,4.6875,
28.7393591852,195,1162,321200,42.3019583333,-83.7394216667,42.0,15.279999733,1530.0,33.3333320618,,,,,,,,,5.46875,,4.6875,
28.7393591852,195,1162,322000,42.3019583333,-83.7394216667,42.0,15.1400003433,1642.0,33.3333320618,,,,,,,,,5.46875,,4.6875,
28.7393591852,195,1162,323000,42.3016441667,-83.7390491667,42.0,15.1400003433,1642.0,33.3333320618,,,,,,,,,5.46875,,4.6875,
28.7393591852,195,1162,323700,42.3016441667,-83.7390491667,42.0,15.1400003433,1642.0,47.8431396484,,,,,,,,,-3.125,,4.6875,
28.7393591852,195,1162,324100,42.3016441667,-83.7390491667,42.0,11.8100004196,1772.0,47.8431396484,,,,,,,,,-3.125,,4.6875,
28.7393591852,195,1162,324800,42.3016441667,-83.7390491667,46.0,11.8100004196,1772.0,47.8431396484,,,,,,,,,-3.125,,4.6875,
28.7393591852,195,1162,326000,42.3014119444,-83.7387069444,46.0,11.8100004196,1772.0,47.8431396484,,,,,,,,,-3.125,,4.6875,
28.7393591852,195,1162,326100,42.3014119444,-83.7387069444,46.0,5.88999986649,1428.0,47.8431396484,,,,,,,,,-3.125,,4.6875,
28.7393591852,195,1162,328100,42.3014119444,-83.7387069444,46.0,5.30000019073,1352.0,47.8431396484,,,,,,,,,-3.125,,4.6875,
28.7393591852,195,1162,328800,42.3014119444,-83.7387069444,46.0,5.30000019073,1352.0,23.137254715,,,,,,,,,-1.5625,,4.6875,
28.7393591852,195,1162,329000,42.3011977778,-83.7383561111,46.0,5.30000019073,1352.0,23.137254715,,,,,,,,,-1.5625,,4.6875,
28.7393591852,195,1162,329400,42.3011977778,-83.7383561111,45.0,5.30000019073,1352.0,23.137254715,,,,,,,,,-1.5625,,4.6875,
28.7393591852,195,1162,330300,42.3011977778,-83.7383561111,45.0,5.26999998093,1284.0,23.137254715,,,,,,,,,-1.5625,,4.6875,
28.7393591852,195,1162,330400,42.3011977778,-83.7383561111,42.0,5.26999998093,1284.0,23.137254715,,,,,,,,,-1.5625,,4.6875,
28.7393591852,195,1162,331900,42.3009963889,-83.7380302778,42.0,5.26999998093,1284.0,23.137254715,,,,,,,,,-1.5625,,4.6875,
28.7393591852,195,1162,332400,42.3009963889,-83.7380302778,42.0,4.78999996185,1260.0,23.137254715,,,,,,,,,-1.5625,,4.6875,
28.7393591852,195,1162,332500,42.3009963889,-83.7380302778,41.0,4.78999996185,1260.0,23.137254715,,,,,,,,,-1.5625,,4.6875,
28.7393591852,195,1162,333500,42.3009963889,-83.7380302778,40.0,4.78999996185,1260.0,23.137254715,,,,,,,,,-1.5625,,4.6875,
28.7393591852,195,1162,334000,42.3009963889,-83.7380302778,40.0,4.78999996185,1260.0,23.5294113159,,,,,,,,,0.78125,,4.6875,
28.7393591852,195,1162,334900,42.3009963889,-83.7380302778,40.0,12.0500001907,1628.0,23.5294113159,,,,,,,,,0.78125,,4.6875,
28.7393591852,195,1162,335000,42.3008161111,-83.7377138889,40.0,12.0500001907,1628.0,23.5294113159,,,,,,,,,0.78125,,4.6875,
28.7393591852,195,1162,335900,42.3008161111,-83.7377138889,41.0,12.0500001907,1628.0,23.5294113159,,,,,,,,,0.78125,,4.6875,
28.7393591852,195,1162,336900,42.3008161111,-83.7377138889,41.0,8.27999973297,1672.0,23.5294113159,,,,,,,,,0.78125,,4.6875,
28.7393591852,195,1162,337000,42.3008161111,-83.7377138889,42.0,8.27999973297,1672.0,23.5294113159,,,,,,,,,0.78125,,4.6875,
28.7393591852,195,1162,338000,42.3007075,-83.7373163889,43.0,8.27999973297,1672.0,23.5294113159,,,,,,,,,0.78125,,4.6875,
28.7393591852,195,1162,339100,42.3007075,-83.7373163889,43.0,7.86999988556,1666.0,27.4509811401,,,,,,,,,0.0,,4.6875,
28.7393591852,195,1162,341100,42.3007075,-83.7373163889,43.0,10.779999733,1352.0,27.4509811401,,,,,,,,,0.0,,4.6875,
28.7393591852,195,1162,341900,42.3005844444,-83.7367588889,43.0,10.779999733,1352.0,27.4509811401,,,,,,,,,0.0,,4.6875,
28.7393591852,195,1162,342200,42.3005844444,-83.7367588889,44.0,10.779999733,1352.0,27.4509811401,,,,,,,,,0.0,,4.6875,
28.7393591852,195,1162,343100,42.3005844444,-83.7367588889,44.0,5.26999998093,1366.0,27.4509811401,,,,,,,,,0.0,,4.6875,
28.7393591852,195,1162,344200,42.3005844444,-83.7367588889,44.0,5.26999998093,1366.0,27.4509811401,,,,,,,,,-9.375,,4.6875,
28.7393591852,195,1162,344700,42.3005844444,-83.7367588889,44.0,5.26999998093,1366.0,16.0784320831,,,,,,,,,-9.375,,4.6875,
28.7393591852,195,1162,345000,42.3004905556,-83.7363397222,44.0,5.26999998093,1366.0,16.0784320831,,,,,,,,,-9.375,,4.6875,
28.7393591852,195,1162,345500,42.3004905556,-83.7363397222,44.0,1.79999995232,1124.0,16.0784320831,,,,,,,,,-9.375,,4.6875,
28.7393591852,195,1162,345700,42.3004905556,-83.7363397222,41.0,1.79999995232,1124.0,16.0784320831,,,,,,,,,-9.375,,4.6875,
28.7393591852,195,1162,346700,42.3004905556,-83.7363397222,26.0,1.79999995232,1124.0,16.0784320831,,,,,,,,,-9.375,,4.6875,
28.7393591852,195,1162,347500,42.3004905556,-83.7363397222,26.0,2.0,1254.0,16.0784320831,,,,,,,,,-9.375,,4.6875,
28.7393591852,195,1162,347900,42.3004288889,-83.7360536111,26.0,2.0,1254.0,16.0784320831,,,,,,,,,-9.375,,4.6875,
28.7393591852,195,1162,348800,42.3004288889,-83.7360536111,14.0,2.0,1254.0,16.0784320831,,,,,,,,,-9.375,,4.6875,
28.7393591852,195,1162,349600,42.3004288889,-83.7360536111,14.0,26.3099994659,1174.0,16.0784320831,,,,,,,,,-9.375,,4.6875,
28.7393591852,195,1162,349700,42.3004288889,-83.7360536111,14.0,26.3099994659,1174.0,45.8823547363,,,,,,,,,-9.375,,4.6875,
28.7393591852,195,1162,350200,42.3004288889,-83.7360536111,7.0,26.3099994659,1174.0,45.8823547363,,,,,,,,,-9.375,,4.6875,
