DayNum,VehId,Trip,Timestamp(ms),Latitude[deg],Longitude[deg],Vehicle Speed[km/h],MAF[g/sec],Engine RPM[RPM],Absolute Load[%],OAT[DegC],Fuel Rate[L/hr],Air Conditioning Power[kW],Air Conditioning Power[Watts],Heater Power[Watts],HV Battery Current[A],HV Battery SOC[%],HV Battery Voltage[V],Short Term Fuel Trim Bank 1[%],Short Term Fuel Trim Bank 2[%],Long Term Fuel Trim Bank 1[%],Long Term Fuel Trim Bank 2[%]
68.6563661111,353,1103,0,42.3004402778,-83.7356861111,11.0,8.81000041962,1240.0,37.254901886,,,,,,,,,-2.34375,,0.0,
68.6563661111,353,1103,100,42.3004402778,-83.7356861111,11.0,13.8999996185,1639.0,37.254901886,,,,,,,,,-2.34375,,0.0,
68.6563661111,353,1103,300,42.3004402778,-83.7356861111,16.0,13.8999996185,1639.0,37.254901886,,,,,,,,,-2.34375,,0.0,
68.6563661111,353,1103,1600,42.3004402778,-83.7356861111,25.0,13.8999996185,1639.0,37.254901886,,,,,,,,,-2.34375,,0.0,
68.6563661111,353,1103,2100,42.3004402778,-83.7356861111,25.0,9.31000041962,1232.0,37.254901886,,,,,,,,,-2.34375,,0.0,
68.6563661111,353,1103,2700,42.3004402778,-83.7356861111,28.0,9.31000041962,1232.0,37.254901886,,,,,,,,,-2.34375,,0.0,
68.6563661111,353,1103,2900,42.3002308333,-83.7357575,28.0,9.31000041962,1232.0,37.254901886,,,,,,,,,-2.34375,,0.0,
68.6563661111,353,1103,3700,42.3002308333,-83.7357575,30.0,9.31000041962,1232.0,43.9215698242,,,,,,,,,5.46875,,0.0,
68.6563661111,353,1103,4100,42.3002308333,-83.7357575,30.0,10.9499998093,1391.0,43.9215698242,,,,,,,,,5.46875,,0.0,
68.6563661111,353,1103,4800,42.3002308333,-83.7357575,33.0,10.9499998093,1391.0,43.9215698242,,,,,,,,,5.46875,,0.0,
68.6563661111,353,1103,5800,42.3002308333,-83.7357575,36.0,10.9499998093,1391.0,43.9215698242,,,,,,,,,5.46875,,0.0,
68.6563661111,353,1103,6400,42.3002308333,-83.7357575,36.0,11.1800003052,1408.0,43.9215698242,,,,,,,,,5.46875,,0.0,
68.6563661111,353,1103,6900,42.2998544444,-83.7358733333,36.0,11.1800003052,1408.0,43.9215698242,,,,,,,,,5.46875,,0.0,
68.6563661111,353,1103,7200,42.2998544444,-83.7358733333,40.0,11.1800003052,1408.0,43.9215698242,,,,,,,,,5.46875,,0.0,
68.6563661111,353,1103,8200,42.2998544444,-83.7358733333,43.0,11.1800003052,1408.0,43.9215698242,,,,,,,,,5.46875,,0.0,
68.6563661111,353,1103,8300,42.2998544444,-83.7358733333,43.0,11.1800003052,1540.0,43.9215698242,,,,,,,,,5.46875,,0.0,
68.6563661111,353,1103,8400,42.2998544444,-83.7358733333,43.0,12.25,1540.0,43.9215698242,,,,,,,,,5.46875,,0.0,
68.6563661111,353,1103,9200,42.2998544444,-83.7358733333,45.0,12.25,1540.0,43.9215698242,,,,,,,,,5.46875,,0.0,
68.6563661111,353,1103,9300,42.2998544444,-83.7358733333,45.0,12.25,1540.0,46.6666679382,,,,,,,,,0.0,,0.0,
68.6563661111,353,1103,9900,42.2995002778,-83.7359933333,45.0,12.25,1540.0,46.6666679382,,,,,,,,,0.0,,0.0,
68.6563661111,353,1103,10300,42.2995002778,-83.7359933333,47.0,12.25,1614.0,46.6666679382,,,,,,,,,0.0,,0.0,
68.6563661111,353,1103,10400,42.2995002778,-83.7359933333,47.0,13.1999998093,1614.0,46.6666679382,,,,,,,,,0.0,,0.0,
68.6563661111,353,1103,11300,42.2995002778,-83.7359933333,49.0,13.1999998093,1614.0,46.6666679382,,,,,,,,,0.0,,0.0,
68.6563661111,353,1103,12700,42.2995002778,-83.7359933333,50.0,9.21000003815,1320.0,46.6666679382,,,,,,,,,0.0,,0.0,
68.6563661111,353,1103,13000,42.2991188889,-83.7361311111,50.0,9.21000003815,1320.0,46.6666679382,,,,,,,,,0.0,,0.0,
68.6563661111,353,1103,14800,42.2991188889,-83.7361311111,51.0,9.64000034332,1365.0,39.2156867981,,,,,,,,,-0.78125,,0.0,
68.6563661111,353,1103,16000,42.2987825,-83.7362913889,51.0,9.64000034332,1365.0,39.2156867981,,,,,,,,,-0.78125,,0.0,
68.6563661111,353,1103,16900,42.2987825,-83.7362913889,51.0,9.31000041962,1376.0,39.2156867981,,,,,,,,,-0.78125,,0.0,
68.6563661111,353,1103,19300,42.2987825,-83.7362913889,51.0,7.5,1322.0,39.2156867981,,,,,,,,,-0.78125,,0.0,
68.6563661111,353,1103,20000,42.29833,-83.7364911111,51.0,7.5,1322.0,39.2156867981,,,,,,,,,-0.78125,,0.0,
68.6563661111,353,1103,20300,42.29833,-83.7364911111,50.0,7.5,1322.0,32.1568641663,,,,,,,,,-1.5625,,0.0,
68.6563661111,353,1103,21300,42.29833,-83.7364911111,48.0,3.42000007629,1312.0,32.1568641663,,,,,,,,,-1.5625,,0.0,
68.6563661111,353,1103,22400,42.29833,-83.7364911111,47.0,3.42000007629,1312.0,32.1568641663,,,,,,,,,-1.5625,,0.0,
68.6563661111,353,1103,23000,42.2980077778,-83.7366380556,47.0,3.42000007629,1312.0,32.1568641663,,,,,,,,,-1.5625,,0.0,
68.6563661111,353,1103,23700,42.2980077778,-83.7366380556,46.0,6.80999994278,1246.0,32.1568641663,,,,,,,,,-1.5625,,0.0,
68.6563661111,353,1103,25300,42.2980077778,-83.7366380556,46.0,6.80999994278,1246.0,28.235294342,,,,,,,,,-7.8125,,0.0,
68.6563661111,353,1103,25800,42.2980077778,-83.7366380556,45.0,6.17000007629,1248.0,28.235294342,,,,,,,,,-7.8125,,0.0,
68.6563661111,353,1103,25900,42.2976847222,-83.7367725,45.0,6.17000007629,1248.0,28.235294342,,,,,,,,,-7.8125,,0.0,
68.6563661111,353,1103,27800,42.2976847222,-83.7367725,45.0,6.40000009537,1254.0,28.235294342,,,,,,,,,-7.8125,,0.0,
68.6563661111,353,1103,28400,42.2976847222,-83.7367725,44.0,6.40000009537,1254.0,28.235294342,,,,,,,,,-7.8125,,0.0,
68.6563661111,353,1103,30000,42.2972566667,-83.7369508333,45.0,6.42000007629,1248.0,28.235294342,,,,,,,,,-7.8125,,0.0,
68.6563661111,353,1103,30400,42.2972566667,-83.7369508333,45.0,6.42000007629,1248.0,28.627450943,,,,,,,,,-3.125,,0.0,
68.6563661111,353,1103,32200,42.2972566667,-83.7369508333,46.0,6.42999982834,1248.0,28.627450943,,,,,,,,,-3.125,,0.0,
68.6563661111,353,1103,33000,42.2969130556,-83.7370733333,46.0,6.42999982834,1248.0,28.627450943,,,,,,,,,-3.125,,0.0,
68.6563661111,353,1103,33200,42.2969130556,-83.7370733333,47.0,6.42999982834,1248.0,28.627450943,,,,,,,,,-3.125,,0.0,
68.6563661111,353,1103,34200,42.2969130556,-83.7370733333,47.0,6.19999980927,1257.0,28.627450943,,,,,,,,,-3.125,,0.0,
68.6563661111,353,1103,35700,42.2969130556,-83.7370733333,48.0,6.19999980927,1257.0,29.0196075439,,,,,,,,,-3.125,,0.0,
68.6563661111,353,1103,36000,42.2965652778,-83.7372041667,48.0,6.19999980927,1257.0,29.0196075439,,,,,,,,,-3.125,,0.0,
68.6563661111,353,1103,36100,42.2965652778,-83.7372041667,48.0,6.19999980927,1216.0,29.0196075439,,,,,,,,,-3.125,,0.0,
68.6563661111,353,1103,36200,42.2965652778,-83.7372041667,48.0,6.53000020981,1216.0,29.0196075439,,,,,,,,,-3.125,,0.0,
68.6563661111,353,1103,38100,42.2965652778,-83.7372041667,48.0,6.53000020981,1250.0,29.0196075439,,,,,,,,,-3.125,,0.0,
68.6563661111,353,1103,38200,42.2965652778,-83.7372041667,48.0,6.57000017166,1250.0,29.0196075439,,,,,,,,,-3.125,,0.0,
68.6563661111,353,1103,38900,42.2962219444,-83.7373425,48.0,6.57000017166,1250.0,29.0196075439,,,,,,,,,-3.125,,0.0,
68.6563661111,353,1103,39400,42.2962219444,-83.7373425,49.0,6.57000017166,1250.0,29.0196075439,,,,,,,,,-3.125,,0.0,
68.6563661111,353,1103,40200,42.2962219444,-83.7373425,49.0,6.84000015259,1257.0,29.0196075439,,,,,,,,,-3.125,,0.0,
68.6563661111,353,1103,41200,42.2962219444,-83.7373425,49.0,6.84000015259,1257.0,30.5882358551,,,,,,,,,-2.34375,,0.0,
68.6563661111,353,1103,41900,42.2958683333,-83.7374855556,49.0,6.84000015259,1257.0,30.5882358551,,,,,,,,,-2.34375,,0.0,
68.6563661111,353,1103,42300,42.2958683333,-83.7374855556,49.0,6.46000003815,1254.0,30.5882358551,,,,,,,,,-2.34375,,0.0,
68.6563661111,353,1103,43500,42.2958683333,-83.7374855556,50.0,6.46000003815,1254.0,30.5882358551,,,,,,,,,-2.34375,,0.0,
68.6563661111,353,1103,44300,42.2958683333,-83.7374855556,50.0,6.59999990463,1216.0,30.5882358551,,,,,,,,,-2.34375,,0.0,
68.6563661111,353,1103,45000,42.2955138889,-83.737625,50.0,6.59999990463,1216.0,30.5882358551,,,,,,,,,-2.34375,,0.0,
68.6563661111,353,1103,46700,42.2955138889,-83.737625,50.0,6.53000020981,1184.0,30.1960792542,,,,,,,,,-2.34375,,0.0,
68.6563661111,353,1103,48000,42.2951513889,-83.7377686111,49.0,6.53000020981,1184.0,30.1960792542,,,,,,,,,-2.34375,,0.0,
68.6563661111,353,1103,48800,42.2951513889,-83.7377686111,49.0,6.71000003815,1223.0,30.1960792542,,,,,,,,,-2.34375,,0.0,
68.6563661111,353,1103,50600,42.2951513889,-83.7377686111,49.0,6.71000003815,1223.0,30.1960792542,,,,,,,,,-2.34375,,0.0,
68.6563661111,353,1103,51200,42.2951513889,-83.7377686111,49.0,6.78999996185,1229.0,30.1960792542,,,,,,,,,-2.34375,,0.0,
68.6563661111,353,1103,51900,42.2946775,-83.7379527778,49.0,6.78999996185,1229.0,30.1960792542,,,,,,,,,-2.34375,,0.0,
68.6563661111,353,1103,52200,42.2946775,-83.7379527778,49.0,6.78999996185,1229.0,30.9803924561,,,,,,,,,-2.34375,,0.0,
68.6563661111,353,1103,52300,42.2946775,-83.7379527778,49.0,6.78999996185,1229.0,30.9803924561,,,,,,,,,-1.5625,,0.0,
68.6563661111,353,1103,54000,42.2946775,-83.7379527778,49.0,6.71000003815,1230.0,30.9803924561,,,,,,,,,-1.5625,,0.0,
68.6563661111,353,1103,55000,42.2943205556,-83.7380844444,49.0,6.71000003815,1230.0,30.9803924561,,,,,,,,,-1.5625,,0.0,
68.6563661111,353,1103,55500,42.2943205556,-83.7380844444,48.0,6.71000003815,1230.0,30.9803924561,,,,,,,,,-1.5625,,0.0,
68.6563661111,353,1103,56200,42.2943205556,-83.7380844444,48.0,6.71000003815,1216.0,30.9803924561,,,,,,,,,-1.5625,,0.0,
68.6563661111,353,1103,57300,42.2943205556,-83.7380844444,48.0,6.71000003815,1216.0,30.5882358551,,,,,,,,,-0.78125,,0.0,
68.6563661111,353,1103,57800,42.2939597222,-83.7382183333,49.0,6.71000003815,1216.0,30.5882358551,,,,,,,,,-0.78125,,0.0,
68.6563661111,353,1103,58600,42.2939597222,-83.7382183333,49.0,6.71000003815,1215.0,30.5882358551,,,,,,,,,-0.78125,,0.0,
68.6563661111,353,1103,58700,42.2939597222,-83.7382183333,49.0,6.38999986649,1215.0,30.5882358551,,,,,,,,,-0.78125,,0.0,
68.6563661111,353,1103,60600,42.2939597222,-83.7382183333,49.0,6.53000020981,1232.0,30.5882358551,,,,,,,,,-0.78125,,0.0,
68.6563661111,353,1103,60900,42.2936011111,-83.7383575,49.0,6.53000020981,1232.0,30.5882358551,,,,,,,,,-0.78125,,0.0,
68.6563661111,353,1103,61300,42.2936011111,-83.7383575,48.0,6.53000020981,1232.0,30.5882358551,,,,,,,,,-0.78125,,0.0,
68.6563661111,353,1103,62400,42.2936011111,-83.7383575,48.0,6.53000020981,1232.0,26.6666679382,,,,,,,,,-1.5625,,0.0,
68.6563661111,353,1103,62600,42.2936011111,-83.7383575,48.0,5.92999982834,1231.0,26.6666679382,,,,,,,,,-1.5625,,0.0,
68.6563661111,353,1103,64000,42.2932438889,-83.7384919444,48.0,5.92999982834,1231.0,26.6666679382,,,,,,,,,-1.5625,,0.0,
68.6563661111,353,1103,64600,42.2932438889,-83.7384919444,49.0,5.92999982834,1231.0,26.6666679382,,,,,,,,,-1.5625,,0.0,
68.6563661111,353,1103,64700,42.2932438889,-83.7384919444,49.0,5.69999980927,1227.0,26.6666679382,,,,,,,,,-1.5625,,0.0,
68.6563661111,353,1103,67200,42.2932438889,-83.7384919444,50.0,3.40000009537,1231.0,26.6666679382,,,,,,,,,-1.5625,,0.0,
68.6563661111,353,1103,67400,42.2932438889,-83.7384919444,50.0,3.40000009537,1231.0,15.6862745285,,,,,,,,,-2.34375,,0.0,
68.6563661111,353,1103,67900,42.2927638889,-83.7386694444,50.0,3.40000009537,1231.0,15.6862745285,,,,,,,,,-2.34375,,0.0,
68.6563661111,353,1103,69300,42.2927638889,-83.7386694444,50.0,3.45000004768,1222.0,15.6862745285,,,,,,,,,-2.34375,,0.0,
68.6563661111,353,1103,70400,42.2927638889,-83.7386694444,49.0,3.45000004768,1222.0,15.6862745285,,,,,,,,,-2.34375,,0.0,
68.6563661111,353,1103,71000,42.2924052778,-83.7388108333,49.0,3.45000004768,1222.0,15.6862745285,,,,,,,,,-2.34375,,0.0,
68.6563661111,353,1103,71300,42.2924052778,-83.7388108333,49.0,3.58999991417,1214.0,15.6862745285,,,,,,,,,-2.34375,,0.0,
68.6563661111,353,1103,71400,42.2924052778,-83.7388108333,48.0,3.58999991417,1214.0,15.6862745285,,,,,,,,,-2.34375,,0.0,
68.6563661111,353,1103,72900,42.2924052778,-83.7388108333,48.0,3.58999991417,1214.0,16.0784320831,,,,,,,,,-4.6875,,0.0,
68.6563661111,353,1103,73300,42.2924052778,-83.7388108333,48.0,3.58999991417,1229.0,16.0784320831,,,,,,,,,-4.6875,,0.0,
68.6563661111,353,1103,73800,42.2920558333,-83.7389475,48.0,3.58999991417,1229.0,16.0784320831,,,,,,,,,-4.6875,,0.0,
68.6563661111,353,1103,74000,42.2920558333,-83.7389475,47.0,3.58999991417,1229.0,16.0784320831,,,,,,,,,-4.6875,,0.0,
68.6563661111,353,1103,75300,42.2920558333,-83.7389475,47.0,3.45000004768,1229.0,16.0784320831,,,,,,,,,-4.6875,,0.0,
68.6563661111,353,1103,76000,42.2920558333,-83.7389475,46.0,3.45000004768,1229.0,16.0784320831,,,,,,,,,-4.6875,,0.0,
68.6563661111,353,1103,76900,42.2917169444,-83.7390875,46.0,3.45000004768,1229.0,16.0784320831,,,,,,,,,-4.6875,,0.0,
68.6563661111,353,1103,77400,42.2917169444,-83.7390875,46.0,3.45000004768,1227.0,16.0784320831,,,,,,,,,-4.6875,,0.0,
68.6563661111,353,1103,77900,42.2917169444,-83.7390875,46.0,3.45000004768,1227.0,16.0784320831,,,,,,,,,-3.125,,0.0,
68.6563661111,353,1103,78500,42.2917169444,-83.7390875,46.0,3.45000004768,1227.0,15.6862745285,,,,,,,,,-3.125,,0.0,
68.6563661111,353,1103,79500,42.2917169444,-83.7390875,46.0,3.46000003815,1237.0,15.6862745285,,,,,,,,,-3.125,,0.0,
68.6563661111,353,1103,79900,42.2913763889,-83.7392183333,46.0,3.46000003815,1237.0,15.6862745285,,,,,,,,,-3.125,,0.0,
68.6563661111,353,1103,81600,42.2913763889,-83.7392183333,45.0,3.34999990463,1298.0,15.6862745285,,,,,,,,,-3.125,,0.0,
68.6563661111,353,1103,82900,42.2913763889,-83.7392183333,42.0,3.34999990463,1298.0,15.6862745285,,,,,,,,,-3.125,,0.0,
68.6563661111,353,1103,83000,42.2913763889,-83.7392183333,42.0,3.34999990463,1298.0,15.6862745285,,,,,,,,,-3.90625,,0.0,
68.6563661111,353,1103,83500,42.2913763889,-83.7392183333,42.0,3.34999990463,1298.0,13.3333339691,,,,,,,,,-3.90625,,0.0,
68.6563661111,353,1103,83900,42.2909583333,-83.7393766667,42.0,3.34999990463,1298.0,13.3333339691,,,,,,,,,-3.90625,,0.0,
68.6563661111,353,1103,84000,42.2909583333,-83.7393766667,40.0,3.31999993324,1380.0,13.3333339691,,,,,,,,,-3.90625,,0.0,
68.6563661111,353,1103,85000,42.2909583333,-83.7393766667,39.0,3.31999993324,1380.0,13.3333339691,,,,,,,,,-3.90625,,0.0,
68.6563661111,353,1103,86000,42.2909583333,-83.7393766667,40.0,3.31999993324,1380.0,13.3333339691,,,,,,,,,-3.90625,,0.0,
68.6563661111,353,1103,86100,42.2909583333,-83.7393766667,40.0,6.21000003815,1239.0,13.3333339691,,,,,,,,,-3.90625,,0.0,
68.6563661111,353,1103,87000,42.2906661111,-83.7394661111,40.0,6.21000003815,1239.0,13.3333339691,,,,,,,,,-3.90625,,0.0,
68.6563661111,353,1103,87100,42.2906661111,-83.7394661111,42.0,6.21000003815,1239.0,13.3333339691,,,,,,,,,-3.90625,,0.0,
68.6563661111,353,1103,88200,42.2906661111,-83.7394661111,42.0,6.05999994278,1236.0,13.3333339691,,,,,,,,,0.78125,,0.0,
68.6563661111,353,1103,89000,42.2906661111,-83.7394661111,42.0,6.05999994278,1236.0,25.490196228,,,,,,,,,0.78125,,0.0,
68.6563661111,353,1103,89200,42.2906661111,-83.7394661111,47.0,6.05999994278,1236.0,25.490196228,,,,,,,,,0.78125,,0.0,
68.6563661111,353,1103,90000,42.2903697222,-83.7395522222,47.0,6.05999994278,1236.0,25.490196228,,,,,,,,,0.78125,,0.0,
68.6563661111,353,1103,90200,42.2903697222,-83.7395522222,47.0,5.53999996185,1229.0,25.490196228,,,,,,,,,0.78125,,0.0,
68.6563661111,353,1103,90300,42.2903697222,-83.7395522222,49.0,5.53999996185,1229.0,25.490196228,,,,,,,,,0.78125,,0.0,
68.6563661111,353,1103,92200,42.2903697222,-83.7395522222,49.0,3.30999994278,1229.0,25.490196228,,,,,,,,,0.78125,,0.0,
68.6563661111,353,1103,92700,42.2903697222,-83.7395522222,50.0,3.30999994278,1361.0,25.490196228,,,,,,,,,0.78125,,0.0,
68.6563661111,353,1103,92900,42.2900597222,-83.7396702778,50.0,3.30999994278,1361.0,25.490196228,,,,,,,,,0.78125,,0.0,
68.6563661111,353,1103,93500,42.2900597222,-83.7396702778,50.0,3.30999994278,1361.0,25.490196228,,,,,,,,,-5.46875,,0.0,
68.6563661111,353,1103,93700,42.2900597222,-83.7396702778,47.0,3.30999994278,1361.0,25.490196228,,,,,,,,,-5.46875,,0.0,
68.6563661111,353,1103,94500,42.2900597222,-83.7396702778,47.0,3.34999990463,1361.0,13.3333339691,,,,,,,,,-5.46875,,0.0,
68.6563661111,353,1103,94700,42.2900597222,-83.7396702778,44.0,3.34999990463,1389.0,13.3333339691,,,,,,,,,-5.46875,,0.0,
68.6563661111,353,1103,95800,42.2900597222,-83.7396702778,42.0,3.34999990463,1389.0,13.3333339691,,,,,,,,,-5.46875,,0.0,
68.6563661111,353,1103,95900,42.2897875,-83.7397783333,42.0,3.34999990463,1389.0,13.3333339691,,,,,,,,,-5.46875,,0.0,
68.6563661111,353,1103,96600,42.2897875,-83.7397783333,42.0,3.33999991417,1389.0,13.3333339691,,,,,,,,,-5.46875,,0.0,
68.6563661111,353,1103,96700,42.2897875,-83.7397783333,42.0,3.33999991417,1378.0,13.3333339691,,,,,,,,,-5.46875,,0.0,
68.6563661111,353,1103,96800,42.2897875,-83.7397783333,39.0,3.33999991417,1378.0,13.3333339691,,,,,,,,,-5.46875,,0.0,
68.6563661111,353,1103,98300,42.2897875,-83.7397783333,35.0,3.33999991417,1378.0,13.3333339691,,,,,,,,,-5.46875,,0.0,
68.6563661111,353,1103,98500,42.2897875,-83.7397783333,35.0,3.33999991417,1378.0,13.3333339691,,,,,,,,,-4.6875,,0.0,
68.6563661111,353,1103,98600,42.2897875,-83.7397783333,35.0,3.30999994278,1378.0,13.3333339691,,,,,,,,,-4.6875,,0.0,
68.6563661111,353,1103,99000,42.2895891667,-83.7398319444,35.0,3.30999994278,1378.0,13.3333339691,,,,,,,,,-4.6875,,0.0,
68.6563661111,353,1103,99200,42.2895891667,-83.7398319444,35.0,3.30999994278,1390.0,13.3333339691,,,,,,,,,-4.6875,,0.0,
68.6563661111,353,1103,99300,42.2895891667,-83.7398319444,33.0,3.30999994278,1390.0,13.3333339691,,,,,,,,,-4.6875,,0.0,
68.6563661111,353,1103,100400,42.2895891667,-83.7398319444,28.0,3.30999994278,1390.0,13.3333339691,,,,,,,,,-4.6875,,0.0,
68.6563661111,353,1103,100700,42.2895891667,-83.7398319444,28.0,3.34999990463,1390.0,13.3333339691,,,,,,,,,-4.6875,,0.0,
68.6563661111,353,1103,101400,42.2895891667,-83.7398319444,28.0,3.34999990463,1344.0,13.3333339691,,,,,,,,,-4.6875,,0.0,
68.6563661111,353,1103,101500,42.2895891667,-83.7398319444,21.0,3.34999990463,1344.0,13.3333339691,,,,,,,,,-4.6875,,0.0,
68.6563661111,353,1103,102000,42.2893941667,-83.7397980556,21.0,3.34999990463,1344.0,13.3333339691,,,,,,,,,-4.6875,,0.0,
68.6563661111,353,1103,102600,42.2893941667,-83.7397980556,16.0,3.34999990463,1344.0,13.3333339691,,,,,,,,,-4.6875,,0.0,
68.6563661111,353,1103,103600,42.2893941667,-83.7397980556,16.0,3.34999990463,1365.0,13.3333339691,,,,,,,,,-4.6875,,0.0,
68.6563661111,353,1103,104200,42.2893941667,-83.7397980556,10.0,3.34999990463,1365.0,13.3333339691,,,,,,,,,-4.6875,,0.0,
68.6563661111,353,1103,105000,42.2893941667,-83.7397980556,10.0,3.34999990463,1365.0,13.7254905701,,,,,,,,,-4.6875,,0.0,
68.6563661111,353,1103,105200,42.2893941667,-83.7397980556,3.0,3.34999990463,1365.0,13.7254905701,,,,,,,,,-4.6875,,0.0,
68.6563661111,353,1103,106000,42.2893569444,-83.7397825,3.0,3.34999990463,1347.0,13.7254905701,,,,,,,,,-4.6875,,0.0,
68.6563661111,353,1103,106200,42.2893569444,-83.7397825,1.0,3.34999990463,1347.0,13.7254905701,,,,,,,,,-4.6875,,0.0,
68.6563661111,353,1103,106300,42.2893569444,-83.7397825,1.0,3.34999990463,1312.0,13.7254905701,,,,,,,,,-4.6875,,0.0,
68.6563661111,353,1103,106400,42.2893569444,-83.7397825,1.0,3.02999997139,1312.0,13.7254905701,,,,,,,,,-4.6875,,0.0,
68.6563661111,353,1103,106500,42.2893569444,-83.7397825,1.0,3.02999997139,1312.0,12.5490198135,,,,,,,,,-4.6875,,0.0,
68.6563661111,353,1103,107100,42.2893569444,-83.7397825,1.0,3.02999997139,1312.0,12.5490198135,,,,,,,,,-5.46875,,0.0,
68.6563661111,353,1103,108200,42.2893569444,-83.7397825,1.0,3.02999997139,1240.0,12.5490198135,,,,,,,,,-5.46875,,0.0,
68.6563661111,353,1103,108300,42.2893569444,-83.7397825,1.0,2.90000009537,1240.0,12.5490198135,,,,,,,,,-5.46875,,0.0,
68.6563661111,353,1103,108400,42.2893569444,-83.7397825,1.0,2.90000009537,1240.0,12.9411764145,,,,,,,,,-5.46875,,0.0,
68.6563661111,353,1103,108900,42.2893727778,-83.7397944444,1.0,2.90000009537,1240.0,12.9411764145,,,,,,,,,-5.46875,,0.0,
68.6563661111,353,1103,109000,42.2893727778,-83.7397944444,1.0,2.90000009537,1240.0,12.9411764145,,,,,,,,,-3.125,,0.0,
68.6563661111,353,1103,110200,42.2893727778,-83.7397944444,1.0,2.92000007629,1232.0,12.9411764145,,,,,,,,,-3.125,,0.0,
68.6563661111,353,1103,110300,42.2893727778,-83.7397944444,1.0,2.92000007629,1232.0,13.3333339691,,,,,,,,,-3.125,,0.0,
68.6563661111,353,1103,110900,42.2893727778,-83.7397944444,1.0,2.92000007629,1232.0,13.3333339691,,,,,,,,,-3.125,,0.0,
68.6563661111,353,1103,112000,42.2893727778,-83.7397944444,0.0,2.92000007629,1232.0,13.3333339691,,,,,,,,,-3.125,,0.0,
68.6563661111,353,1103,112200,42.2893727778,-83.7397944444,0.0,2.92000007629,1216.0,13.3333339691,,,,,,,,,-3.125,,0.0,
68.6563661111,353,1103,115500,42.2893727778,-83.7397944444,0.0,2.90000009537,1216.0,13.3333339691,,,,,,,,,-3.125,,0.0,
68.6563661111,353,1103,119100,42.2893727778,-83.7397944444,0.0,2.90000009537,1232.0,13.3333339691,,,,,,,,,-3.125,,0.0,
68.6563661111,353,1103,121000,42.2893727778,-83.7397944444,0.0,2.95000004768,1232.0,13.3333339691,,,,,,,,,-3.125,,0.0,
68.6563661111,353,1103,121100,42.2893727778,-83.7397944444,0.0,2.95000004768,1229.0,13.3333339691,,,,,,,,,-3.125,,0.0,
68.6563661111,353,1103,123500,42.2893727778,-83.7397944444,0.0,2.95000004768,1228.0,13.3333339691,,,,,,,,,-3.125,,0.0,
68.6563661111,353,1103,125500,42.2893727778,-83.7397944444,0.0,2.95000004768,1216.0,13.3333339691,,,,,,,,,-3.125,,0.0,
68.6563661111,353,1103,126600,42.2893727778,-83.7397944444,0.0,3.25999999046,1216.0,14.9019613266,,,,,,,,,-3.125,,0.0,
68.6563661111,353,1103,132100,42.2893727778,-83.7397944444,0.0,3.27999997139,1224.0,14.9019613266,,,,,,,,,0.78125,,0.0,
68.6563661111,353,1103,134500,42.2893727778,-83.7397944444,0.0,3.27999997139,1226.0,14.9019613266,,,,,,,,,0.78125,,0.0,
68.6563661111,353,1103,136800,42.2893727778,-83.7397944444,0.0,3.27999997139,1228.0,14.9019613266,,,,,,,,,0.78125,,0.0,
68.6563661111,353,1103,137100,42.2893727778,-83.7397944444,0.0,3.28999996185,1228.0,14.9019613266,,,,,,,,,0.78125,,0.0,
68.6563661111,353,1103,137200,42.2893727778,-83.7397944444,0.0,3.28999996185,1228.0,15.2941179276,,,,,,,,,0.0,,0.0,
68.6563661111,353,1103,139000,42.2893375,-83.7398877778,0.0,3.28999996185,1216.0,15.2941179276,,,,,,,,,0.0,,0.0,
68.6563661111,353,1103,141400,42.2893375,-83.7398877778,0.0,3.28999996185,1225.0,15.2941179276,,,,,,,,,0.0,,0.0,
68.6563661111,353,1103,142200,42.2893375,-83.7398877778,0.0,3.28999996185,1225.0,14.9019613266,,,,,,,,,-0.78125,,0.0,
68.6563661111,353,1103,143900,42.2893375,-83.7398877778,0.0,3.28999996185,1227.0,14.9019613266,,,,,,,,,-0.78125,,0.0,
68.6563661111,353,1103,146300,42.2893375,-83.7398877778,0.0,3.28999996185,1226.0,14.9019613266,,,,,,,,,-0.78125,,0.0,
68.6563661111,353,1103,148400,42.2893375,-83.7398877778,0.0,3.28999996185,1223.0,14.9019613266,,,,,,,,,-0.78125,,0.0,
68.6563661111,353,1103,150400,42.2893375,-83.7398877778,0.0,3.28999996185,1225.0,14.9019613266,,,,,,,,,-0.78125,,0.0,
68.6563661111,353,1103,152800,42.2893375,-83.7398877778,0.0,3.28999996185,1245.0,14.9019613266,,,,,,,,,-0.78125,,0.0,
68.6563661111,353,1103,152900,42.2893375,-83.7398877778,0.0,2.8900001049,1245.0,12.9411764145,,,,,,,,,-0.78125,,0.0,
68.6563661111,353,1103,154900,42.2893375,-83.7398877778,0.0,2.8900001049,1196.0,12.9411764145,,,,,,,,,-0.78125,,0.0,
68.6563661111,353,1103,155000,42.2893111111,-83.7398633333,0.0,2.8900001049,1196.0,12.9411764145,,,,,,,,,-0.78125,,0.0,
68.6563661111,353,1103,155200,42.2893111111,-83.7398633333,0.0,2.8900001049,1208.0,12.9411764145,,,,,,,,,-0.78125,,0.0,
68.6563661111,353,1103,155300,42.2893111111,-83.7398633333,0.0,7.17000007629,1208.0,12.9411764145,,,,,,,,,-0.78125,,0.0,
68.6563661111,353,1103,155400,42.2893111111,-83.7398633333,0.0,7.17000007629,1208.0,33.3333320618,,,,,,,,,-0.78125,,0.0,
68.6563661111,353,1103,156000,42.2893111111,-83.7398633333,0.0,7.17000007629,1208.0,33.3333320618,,,,,,,,,2.34375,,0.0,
68.6563661111,353,1103,157100,42.2893111111,-83.7398633333,16.0,7.17000007629,1208.0,33.3333320618,,,,,,,,,2.34375,,0.0,
68.6563661111,353,1103,157200,42.2893111111,-83.7398633333,16.0,7.17000007629,1238.0,33.3333320618,,,,,,,,,2.34375,,0.0,
68.6563661111,353,1103,157300,42.2893111111,-83.7398633333,16.0,5.23000001907,1238.0,33.3333320618,,,,,,,,,2.34375,,0.0,
68.6563661111,353,1103,158000,42.2892302778,-83.7397847222,16.0,5.23000001907,1238.0,33.3333320618,,,,,,,,,2.34375,,0.0,
68.6563661111,353,1103,159100,42.2892302778,-83.7397847222,18.0,5.23000001907,1238.0,33.3333320618,,,,,,,,,2.34375,,0.0,
68.6563661111,353,1103,159200,42.2892302778,-83.7397847222,18.0,5.23000001907,1207.0,33.3333320618,,,,,,,,,2.34375,,0.0,
68.6563661111,353,1103,159300,42.2892302778,-83.7397847222,18.0,5.78999996185,1207.0,33.3333320618,,,,,,,,,2.34375,,0.0,
68.6563661111,353,1103,160200,42.2892302778,-83.7397847222,22.0,5.78999996185,1207.0,33.3333320618,,,,,,,,,2.34375,,0.0,
68.6563661111,353,1103,160400,42.2892302778,-83.7397847222,22.0,5.78999996185,1207.0,27.0588245392,,,,,,,,,2.34375,,0.0,
68.6563661111,353,1103,160900,42.2891022222,-83.7397086111,22.0,5.78999996185,1207.0,27.0588245392,,,,,,,,,2.34375,,0.0,
68.6563661111,353,1103,161600,42.2891022222,-83.7397086111,24.0,5.71000003815,1217.0,27.0588245392,,,,,,,,,2.34375,,0.0,
68.6563661111,353,1103,162600,42.2891022222,-83.7397086111,27.0,5.71000003815,1217.0,27.0588245392,,,,,,,,,2.34375,,0.0,
68.6563661111,353,1103,163500,42.2891022222,-83.7397086111,27.0,5.71000003815,2285.0,27.0588245392,,,,,,,,,2.34375,,0.0,
68.6563661111,353,1103,163600,42.2891022222,-83.7397086111,31.0,20.8999996185,2285.0,27.0588245392,,,,,,,,,2.34375,,0.0,
68.6563661111,353,1103,164000,42.2889402778,-83.7398955556,31.0,20.8999996185,2285.0,27.0588245392,,,,,,,,,2.34375,,0.0,
68.6563661111,353,1103,164700,42.2889402778,-83.7398955556,36.0,20.8999996185,2285.0,27.0588245392,,,,,,,,,2.34375,,0.0,
68.6563661111,353,1103,165500,42.2889402778,-83.7398955556,36.0,20.8999996185,2213.0,50.9803924561,,,,,,,,,2.34375,,0.0,
68.6563661111,353,1103,165600,42.2889402778,-83.7398955556,36.0,20.2900009155,2213.0,50.9803924561,,,,,,,,,2.34375,,0.0,
68.6563661111,353,1103,165700,42.2889402778,-83.7398955556,40.0,20.2900009155,2213.0,50.9803924561,,,,,,,,,2.34375,,0.0,
68.6563661111,353,1103,166500,42.2889402778,-83.7398955556,40.0,20.2900009155,2213.0,50.9803924561,,,,,,,,,0.78125,,0.0,
68.6563661111,353,1103,167000,42.28872,-83.7402516667,40.0,20.2900009155,2213.0,50.9803924561,,,,,,,,,0.78125,,0.0,
68.6563661111,353,1103,167100,42.28872,-83.7402516667,44.0,20.2900009155,2213.0,50.9803924561,,,,,,,,,0.78125,,0.0,
68.6563661111,353,1103,167900,42.28872,-83.7402516667,44.0,19.8199996948,2185.0,50.9803924561,,,,,,,,,0.78125,,0.0,
68.6563661111,353,1103,168100,42.28872,-83.7402516667,47.0,19.8199996948,2185.0,50.9803924561,,,,,,,,,0.78125,,0.0,
68.6563661111,353,1103,169100,42.28872,-83.7402516667,51.0,19.8199996948,2185.0,50.9803924561,,,,,,,,,0.78125,,0.0,
68.6563661111,353,1103,170000,42.28872,-83.7402516667,51.0,17.6800003052,2018.0,50.9803924561,,,,,,,,,0.78125,,0.0,
68.6563661111,353,1103,170100,42.28872,-83.7402516667,52.0,17.6800003052,2018.0,50.9803924561,,,,,,,,,0.78125,,0.0,
68.6563661111,353,1103,170500,42.28872,-83.7402516667,52.0,17.6800003052,2018.0,48.6274528503,,,,,,,,,0.78125,,0.0,
68.6563661111,353,1103,170900,42.2884472222,-83.7408330556,52.0,17.6800003052,2018.0,48.6274528503,,,,,,,,,0.78125,,0.0,
68.6563661111,353,1103,171200,42.2884472222,-83.7408330556,53.0,17.6800003052,2018.0,48.6274528503,,,,,,,,,0.78125,,0.0,
68.6563661111,353,1103,171600,42.2884472222,-83.7408330556,53.0,17.6800003052,2018.0,48.6274528503,,,,,,,,,1.5625,,0.0,
68.6563661111,353,1103,172200,42.2884472222,-83.7408330556,53.0,17.8999996185,2035.0,48.6274528503,,,,,,,,,1.5625,,0.0,
68.6563661111,353,1103,172800,42.2884472222,-83.7408330556,54.0,17.8999996185,2035.0,48.6274528503,,,,,,,,,1.5625,,0.0,
68.6563661111,353,1103,173900,42.2882391667,-83.7412875,54.0,17.8999996185,2035.0,48.6274528503,,,,,,,,,1.5625,,0.0,
68.6563661111,353,1103,174200,42.2882391667,-83.7412875,54.0,17.1200008392,2006.0,48.6274528503,,,,,,,,,1.5625,,0.0,
68.6563661111,353,1103,175600,42.2882391667,-83.7412875,54.0,17.1200008392,2006.0,47.8431396484,,,,,,,,,1.5625,,0.0,
68.6563661111,353,1103,176400,42.2882391667,-83.7412875,54.0,15.8699998856,1880.0,47.8431396484,,,,,,,,,1.5625,,0.0,
68.6563661111,353,1103,176600,42.2882391667,-83.7412875,54.0,15.8699998856,1880.0,47.8431396484,,,,,,,,,-0.78125,,0.0,
68.6563661111,353,1103,177000,42.2880408333,-83.7417483333,54.0,15.8699998856,1880.0,47.8431396484,,,,,,,,,-0.78125,,0.0,
68.6563661111,353,1103,178000,42.2880408333,-83.7417483333,53.0,15.8699998856,1880.0,47.8431396484,,,,,,,,,-0.78125,,0.0,
68.6563661111,353,1103,178800,42.2880408333,-83.7417483333,53.0,8.39000034332,1332.0,47.8431396484,,,,,,,,,-0.78125,,0.0,
68.6563661111,353,1103,179000,42.2880408333,-83.7417483333,52.0,8.39000034332,1332.0,47.8431396484,,,,,,,,,-0.78125,,0.0,
68.6563661111,353,1103,180000,42.2878319444,-83.7421836111,52.0,8.39000034332,1332.0,47.8431396484,,,,,,,,,-0.78125,,0.0,
68.6563661111,353,1103,180100,42.2878319444,-83.7421836111,51.0,8.39000034332,1332.0,47.8431396484,,,,,,,,,-0.78125,,0.0,
68.6563661111,353,1103,180900,42.2878319444,-83.7421836111,51.0,5.01000022888,1174.0,24.3137264252,,,,,,,,,-0.78125,,0.0,
68.6563661111,353,1103,181100,42.2878319444,-83.7421836111,50.0,5.01000022888,1174.0,24.3137264252,,,,,,,,,-0.78125,,0.0,
68.6563661111,353,1103,181900,42.2878319444,-83.7421836111,50.0,5.01000022888,1174.0,24.3137264252,,,,,,,,,-3.90625,,0.0,
68.6563661111,353,1103,182100,42.2878319444,-83.7421836111,49.0,5.01000022888,1174.0,24.3137264252,,,,,,,,,-3.90625,,0.0,
68.6563661111,353,1103,183000,42.2878319444,-83.7421836111,49.0,5.0,1153.0,24.3137264252,,,,,,,,,-3.90625,,0.0,
68.6563661111,353,1103,183500,42.2878319444,-83.7421836111,48.0,5.0,1153.0,24.3137264252,,,,,,,,,-3.90625,,0.0,
68.6563661111,353,1103,184000,42.2875619444,-83.7427263889,48.0,5.0,1153.0,24.3137264252,,,,,,,,,-3.90625,,0.0,
68.6563661111,353,1103,185400,42.2875619444,-83.7427263889,48.0,2.53999996185,1216.0,24.3137264252,,,,,,,,,-3.90625,,0.0,
68.6563661111,353,1103,185900,42.2875619444,-83.7427263889,48.0,2.53999996185,1216.0,12.5490198135,,,,,,,,,-3.90625,,0.0,
68.6563661111,353,1103,186900,42.2873561111,-83.7431375,48.0,2.53999996185,1216.0,12.5490198135,,,,,,,,,-3.90625,,0.0,
68.6563661111,353,1103,187100,42.2873561111,-83.7431375,47.0,2.53999996185,1216.0,12.5490198135,,,,,,,,,-7.03125,,0.0,
68.6563661111,353,1103,187300,42.2873561111,-83.7431375,47.0,2.53999996185,1056.0,12.5490198135,,,,,,,,,-7.03125,,0.0,
68.6563661111,353,1103,187400,42.2873561111,-83.7431375,47.0,2.56999993324,1056.0,12.5490198135,,,,,,,,,-7.03125,,0.0,
68.6563661111,353,1103,188600,42.2873561111,-83.7431375,43.0,2.56999993324,1056.0,12.5490198135,,,,,,,,,-7.03125,,0.0,
68.6563661111,353,1103,189400,42.2873561111,-83.7431375,43.0,13.5699996948,1531.0,12.5490198135,,,,,,,,,-7.03125,,0.0,
68.6563661111,353,1103,189600,42.2873561111,-83.7431375,45.0,13.5699996948,1531.0,12.5490198135,,,,,,,,,-7.03125,,0.0,
68.6563661111,353,1103,189900,42.2871655556,-83.7435369444,45.0,13.5699996948,1531.0,12.5490198135,,,,,,,,,-7.03125,,0.0,
68.6563661111,353,1103,190600,42.2871655556,-83.7435369444,48.0,13.5699996948,1531.0,12.5490198135,,,,,,,,,-7.03125,,0.0,
68.6563661111,353,1103,191400,42.2871655556,-83.7435369444,48.0,13.5699996948,1363.0,12.5490198135,,,,,,,,,-7.03125,,0.0,
68.6563661111,353,1103,191500,42.2871655556,-83.7435369444,48.0,10.0600004196,1363.0,43.9215698242,,,,,,,,,-7.03125,,0.0,
68.6563661111,353,1103,191700,42.2871655556,-83.7435369444,51.0,10.0600004196,1363.0,43.9215698242,,,,,,,,,-7.03125,,0.0,
68.6563661111,353,1103,192700,42.2871655556,-83.7435369444,52.0,10.0600004196,1363.0,43.9215698242,,,,,,,,,-7.03125,,0.0,
68.6563661111,353,1103,193000,42.2869702778,-83.7439994444,52.0,10.0600004196,1363.0,43.9215698242,,,,,,,,,-7.03125,,0.0,
68.6563661111,353,1103,193500,42.2869702778,-83.7439994444,52.0,7.75,1184.0,43.9215698242,,,,,,,,,-7.03125,,0.0,
68.6563661111,353,1103,194100,42.2869702778,-83.7439994444,53.0,7.75,1184.0,43.9215698242,,,,,,,,,-7.03125,,0.0,
68.6563661111,353,1103,195900,42.2869702778,-83.7439994444,53.0,8.42000007629,1152.0,43.9215698242,,,,,,,,,-7.03125,,0.0,
68.6563661111,353,1103,196100,42.2869702778,-83.7439994444,54.0,8.42000007629,1152.0,43.9215698242,,,,,,,,,-7.03125,,0.0,
68.6563661111,353,1103,196500,42.2869702778,-83.7439994444,54.0,8.42000007629,1152.0,40.7843132019,,,,,,,,,-7.03125,,0.0,
68.6563661111,353,1103,197000,42.2866838889,-83.7446236111,54.0,8.42000007629,1152.0,40.7843132019,,,,,,,,,-7.03125,,0.0,
68.6563661111,353,1103,198000,42.2866838889,-83.7446236111,54.0,5.03999996185,1155.0,40.7843132019,,,,,,,,,0.0,,0.0,
68.6563661111,353,1103,199800,42.2864569444,-83.7450797222,54.0,5.03999996185,1155.0,40.7843132019,,,,,,,,,0.0,,0.0,
68.6563661111,353,1103,200400,42.2864569444,-83.7450797222,54.0,2.45000004768,1184.0,40.7843132019,,,,,,,,,0.0,,0.0,
68.6563661111,353,1103,200600,42.2864569444,-83.7450797222,49.0,2.45000004768,1184.0,40.7843132019,,,,,,,,,0.0,,0.0,
68.6563661111,353,1103,201500,42.2864569444,-83.7450797222,49.0,2.45000004768,1184.0,12.5490198135,,,,,,,,,0.0,,0.0,
68.6563661111,353,1103,202500,42.2864569444,-83.7450797222,49.0,2.50999999046,1071.0,12.5490198135,,,,,,,,,0.0,,0.0,
68.6563661111,353,1103,202700,42.2864569444,-83.7450797222,46.0,2.50999999046,1071.0,12.5490198135,,,,,,,,,0.0,,0.0,
68.6563661111,353,1103,202900,42.2862475,-83.74548,46.0,2.50999999046,1071.0,12.5490198135,,,,,,,,,0.0,,0.0,
68.6563661111,353,1103,203500,42.2862475,-83.74548,46.0,2.50999999046,1071.0,12.5490198135,,,,,,,,,-3.125,,0.0,
68.6563661111,353,1103,203700,42.2862475,-83.74548,43.0,2.50999999046,1071.0,12.5490198135,,,,,,,,,-3.125,,0.0,
68.6563661111,353,1103,204600,42.2862475,-83.74548,43.0,2.48000001907,1024.0,12.5490198135,,,,,,,,,-3.125,,0.0,
68.6563661111,353,1103,205100,42.2862475,-83.74548,39.0,2.48000001907,1024.0,12.5490198135,,,,,,,,,-3.125,,0.0,
68.6563661111,353,1103,206000,42.2860802778,-83.7457866667,39.0,2.48000001907,1024.0,12.5490198135,,,,,,,,,-3.125,,0.0,
68.6563661111,353,1103,206100,42.2860802778,-83.7457866667,34.0,2.48000001907,1024.0,12.5490198135,,,,,,,,,-3.125,,0.0,
68.6563661111,353,1103,206500,42.2860802778,-83.7457866667,34.0,2.48000001907,1024.0,54.9019622803,,,,,,,,,-3.125,,0.0,
68.6563661111,353,1103,207100,42.2860802778,-83.7457866667,34.0,10.4600000381,1155.0,54.9019622803,,,,,,,,,-3.125,,0.0,
68.6563661111,353,1103,207200,42.2860802778,-83.7457866667,32.0,10.4600000381,1155.0,54.9019622803,,,,,,,,,-3.125,,0.0,
68.6563661111,353,1103,208300,42.2860802778,-83.7457866667,33.0,10.4600000381,1155.0,54.9019622803,,,,,,,,,-3.125,,0.0,
68.6563661111,353,1103,208600,42.2860802778,-83.7457866667,33.0,10.4600000381,1155.0,54.9019622803,,,,,,,,,-11.71875,,0.0,
68.6563661111,353,1103,209000,42.2858666667,-83.7458994444,33.0,10.4600000381,1155.0,54.9019622803,,,,,,,,,-11.71875,,0.0,
68.6563661111,353,1103,209300,42.2858666667,-83.7458994444,33.0,16.0,1824.0,54.9019622803,,,,,,,,,-11.71875,,0.0,
68.6563661111,353,1103,209400,42.2858666667,-83.7458994444,37.0,16.0,1824.0,54.9019622803,,,,,,,,,-11.71875,,0.0,
68.6563661111,353,1103,211000,42.2858666667,-83.7458994444,38.0,16.0,1824.0,54.9019622803,,,,,,,,,-11.71875,,0.0,
68.6563661111,353,1103,211300,42.2858666667,-83.7458994444,38.0,6.28999996185,1120.0,54.9019622803,,,,,,,,,-11.71875,,0.0,
68.6563661111,353,1103,212000,42.2858666667,-83.7458994444,38.0,6.28999996185,1120.0,30.9803924561,,,,,,,,,-11.71875,,0.0,
68.6563661111,353,1103,212800,42.2855777778,-83.7459133333,38.0,6.28999996185,1120.0,30.9803924561,,,,,,,,,-11.71875,,0.0,
68.6563661111,353,1103,213000,42.2855777778,-83.7459133333,36.0,6.28999996185,1120.0,30.9803924561,,,,,,,,,-11.71875,,0.0,
68.6563661111,353,1103,213300,42.2855777778,-83.7459133333,36.0,11.0900001526,1504.0,30.9803924561,,,,,,,,,-11.71875,,0.0,
68.6563661111,353,1103,214000,42.2855777778,-83.7459133333,36.0,11.0900001526,1504.0,30.9803924561,,,,,,,,,0.78125,,0.0,
68.6563661111,353,1103,215100,42.2855777778,-83.7459133333,37.0,11.0900001526,1504.0,30.9803924561,,,,,,,,,0.78125,,0.0,
68.6563661111,353,1103,215300,42.2855777778,-83.7459133333,37.0,11.4799995422,1504.0,30.9803924561,,,,,,,,,0.78125,,0.0,
68.6563661111,353,1103,215900,42.2853119444,-83.7458830556,37.0,11.4799995422,1504.0,30.9803924561,,,,,,,,,0.78125,,0.0,
68.6563661111,353,1103,216500,42.2853119444,-83.7458830556,38.0,11.4799995422,1504.0,30.9803924561,,,,,,,,,0.78125,,0.0,
68.6563661111,353,1103,217300,42.2853119444,-83.7458830556,38.0,7.38999986649,1184.0,41.9607849121,,,,,,,,,0.78125,,0.0,
68.6563661111,353,1103,217900,42.2853119444,-83.7458830556,39.0,7.38999986649,1184.0,41.9607849121,,,,,,,,,0.78125,,0.0,
68.6563661111,353,1103,218900,42.2850086111,-83.7458841667,38.0,7.38999986649,1184.0,41.9607849121,,,,,,,,,0.78125,,0.0,
68.6563661111,353,1103,219300,42.2850086111,-83.7458841667,38.0,2.40000009537,1152.0,41.9607849121,,,,,,,,,0.78125,,0.0,
68.6563661111,353,1103,220000,42.2850086111,-83.7458841667,36.0,2.40000009537,1152.0,41.9607849121,,,,,,,,,0.78125,,0.0,
68.6563661111,353,1103,221000,42.2850086111,-83.7458841667,33.0,2.40000009537,1152.0,41.9607849121,,,,,,,,,0.78125,,0.0,
68.6563661111,353,1103,221600,42.2850086111,-83.7458841667,33.0,2.42000007629,1106.0,41.9607849121,,,,,,,,,0.78125,,0.0,
68.6563661111,353,1103,222000,42.2847375,-83.7458661111,33.0,2.42000007629,1106.0,41.9607849121,,,,,,,,,0.78125,,0.0,
68.6563661111,353,1103,222400,42.2847375,-83.7458661111,30.0,2.42000007629,1106.0,12.5490198135,,,,,,,,,0.78125,,0.0,
68.6563661111,353,1103,223400,42.2847375,-83.7458661111,29.0,2.42000007629,1106.0,12.5490198135,,,,,,,,,0.78125,,0.0,
68.6563661111,353,1103,223500,42.2847375,-83.7458661111,29.0,2.42000007629,1216.0,12.5490198135,,,,,,,,,0.78125,,0.0,
68.6563661111,353,1103,223600,42.2847375,-83.7458661111,29.0,8.75,1216.0,12.5490198135,,,,,,,,,0.78125,,0.0,
68.6563661111,353,1103,224400,42.2847375,-83.7458661111,30.0,8.75,1216.0,12.5490198135,,,,,,,,,0.78125,,0.0,
68.6563661111,353,1103,224500,42.2847375,-83.7458661111,30.0,8.75,1216.0,12.5490198135,,,,,,,,,-15.625,,0.0,
68.6563661111,353,1103,224800,42.2845016667,-83.7458633333,30.0,8.75,1216.0,12.5490198135,,,,,,,,,-15.625,,0.0,
68.6563661111,353,1103,225500,42.2845016667,-83.7458633333,32.0,12.1000003815,1216.0,12.5490198135,,,,,,,,,-15.625,,0.0,
68.6563661111,353,1103,225600,42.2845016667,-83.7458633333,32.0,12.1000003815,1440.0,12.5490198135,,,,,,,,,-15.625,,0.0,
68.6563661111,353,1103,226500,42.2845016667,-83.7458633333,34.0,12.1000003815,1440.0,12.5490198135,,,,,,,,,-15.625,,0.0,
68.6563661111,353,1103,227900,42.2842636111,-83.7458602778,36.0,8.14000034332,1199.0,35.6862754822,,,,,,,,,-15.625,,0.0,
68.6563661111,353,1103,228900,42.2842636111,-83.7458602778,37.0,8.14000034332,1199.0,35.6862754822,,,,,,,,,-15.625,,0.0,
68.6563661111,353,1103,230000,42.2842636111,-83.7458602778,36.0,6.53000020981,1183.0,35.6862754822,,,,,,,,,0.78125,,0.0,
68.6563661111,353,1103,231000,42.2842636111,-83.7458602778,37.0,6.53000020981,1183.0,35.6862754822,,,,,,,,,0.78125,,0.0,
68.6563661111,353,1103,231100,42.2842636111,-83.7458602778,37.0,6.53000020981,1183.0,35.6862754822,,,,,,,,,0.78125,,0.0,
68.6563661111,353,1103,231900,42.2838730556,-83.7458602778,37.0,6.53000020981,1183.0,35.6862754822,,,,,,,,,0.78125,,0.0,
68.6563661111,353,1103,232000,42.2838730556,-83.7458602778,38.0,6.53000020981,1183.0,35.6862754822,,,,,,,,,0.78125,,0.0,
68.6563661111,353,1103,232100,42.2838730556,-83.7458602778,38.0,7.53000020981,1137.0,35.6862754822,,,,,,,,,0.78125,,0.0,
68.6563661111,353,1103,233400,42.2838730556,-83.7458602778,38.0,7.53000020981,1137.0,29.8039226532,,,,,,,,,0.78125,,0.0,
68.6563661111,353,1103,234500,42.2838730556,-83.7458602778,38.0,6.53000020981,1164.0,29.8039226532,,,,,,,,,0.78125,,0.0,
68.6563661111,353,1103,234900,42.2835869444,-83.7458341667,38.0,6.53000020981,1164.0,29.8039226532,,,,,,,,,0.78125,,0.0,
68.6563661111,353,1103,235500,42.2835869444,-83.7458341667,37.0,6.53000020981,1164.0,29.8039226532,,,,,,,,,-3.125,,0.0,
68.6563661111,353,1103,236900,42.2835869444,-83.7458341667,37.0,6.19999980927,1157.0,29.8039226532,,,,,,,,,-3.125,,0.0,
68.6563661111,353,1103,238000,42.2833325,-83.7458469444,37.0,6.19999980927,1157.0,29.8039226532,,,,,,,,,-3.125,,0.0,
68.6563661111,353,1103,238400,42.2833325,-83.7458469444,37.0,6.19999980927,1157.0,30.1960792542,,,,,,,,,-3.125,,0.0,
68.6563661111,353,1103,239300,42.2833325,-83.7458469444,37.0,6.09000015259,1127.0,30.1960792542,,,,,,,,,-3.125,,0.0,
68.6563661111,353,1103,240500,42.2833325,-83.7458469444,37.0,6.09000015259,1127.0,30.1960792542,,,,,,,,,-3.90625,,0.0,
68.6563661111,353,1103,240800,42.2830702778,-83.7458586111,37.0,6.09000015259,1127.0,30.1960792542,,,,,,,,,-3.90625,,0.0,
68.6563661111,353,1103,241300,42.2830702778,-83.7458586111,37.0,5.86999988556,1135.0,30.1960792542,,,,,,,,,-3.90625,,0.0,
68.6563661111,353,1103,243400,42.2830702778,-83.7458586111,37.0,5.98000001907,1141.0,30.1960792542,,,,,,,,,-3.90625,,0.0,
68.6563661111,353,1103,244000,42.2830702778,-83.7458586111,37.0,5.98000001907,1141.0,29.4117660522,,,,,,,,,-3.90625,,0.0,
68.6563661111,353,1103,244900,42.2827016667,-83.7458763889,37.0,5.98000001907,1141.0,29.4117660522,,,,,,,,,-3.90625,,0.0,
68.6563661111,353,1103,245400,42.2827016667,-83.7458763889,37.0,6.75,1154.0,29.4117660522,,,,,,,,,-3.90625,,0.0,
68.6563661111,353,1103,245500,42.2827016667,-83.7458763889,37.0,6.75,1154.0,29.4117660522,,,,,,,,,-3.125,,0.0,
68.6563661111,353,1103,247800,42.2827016667,-83.7458763889,37.0,6.51000022888,1153.0,29.4117660522,,,,,,,,,-3.125,,0.0,
68.6563661111,353,1103,247900,42.2824419444,-83.7458752778,37.0,6.51000022888,1153.0,29.4117660522,,,,,,,,,-3.125,,0.0,
68.6563661111,353,1103,248600,42.2824419444,-83.7458752778,38.0,6.51000022888,1153.0,29.4117660522,,,,,,,,,-3.125,,0.0,
68.6563661111,353,1103,249200,42.2824419444,-83.7458752778,38.0,6.51000022888,1153.0,31.764705658,,,,,,,,,-3.125,,0.0,
68.6563661111,353,1103,250000,42.2824419444,-83.7458752778,37.0,2.33999991417,1214.0,31.764705658,,,,,,,,,-3.125,,0.0,
68.6563661111,353,1103,251000,42.2821633333,-83.7458927778,34.0,2.33999991417,1214.0,31.764705658,,,,,,,,,-3.125,,0.0,
68.6563661111,353,1103,252100,42.2821633333,-83.7458927778,30.0,2.3900001049,1071.0,31.764705658,,,,,,,,,-3.125,,0.0,
68.6563661111,353,1103,253100,42.2821633333,-83.7458927778,26.0,2.3900001049,1071.0,31.764705658,,,,,,,,,-3.125,,0.0,
68.6563661111,353,1103,253800,42.2819486111,-83.7459247222,26.0,2.3900001049,1071.0,31.764705658,,,,,,,,,-3.125,,0.0,
68.6563661111,353,1103,254200,42.2819486111,-83.7459247222,22.0,2.3900001049,1044.0,31.764705658,,,,,,,,,-3.125,,0.0,
68.6563661111,353,1103,254700,42.2819486111,-83.7459247222,22.0,2.3900001049,1044.0,12.5490198135,,,,,,,,,-3.125,,0.0,
68.6563661111,353,1103,255500,42.2819486111,-83.7459247222,16.0,2.3900001049,1044.0,12.5490198135,,,,,,,,,-3.125,,0.0,
68.6563661111,353,1103,256600,42.2819486111,-83.7459247222,10.0,2.36999988556,1026.0,12.5490198135,,,,,,,,,-10.15625,,0.0,
68.6563661111,353,1103,256900,42.2817877778,-83.7459194444,10.0,2.36999988556,1026.0,12.5490198135,,,,,,,,,-10.15625,,0.0,
68.6563661111,353,1103,257600,42.2817877778,-83.7459194444,6.0,2.36999988556,1026.0,12.5490198135,,,,,,,,,-10.15625,,0.0,
68.6563661111,353,1103,258600,42.2817877778,-83.7459194444,5.0,2.36999988556,1026.0,12.5490198135,,,,,,,,,-10.15625,,0.0,
68.6563661111,353,1103,258700,42.2817877778,-83.7459194444,5.0,2.36999988556,1033.0,12.5490198135,,,,,,,,,-10.15625,,0.0,
68.6563661111,353,1103,259700,42.2817877778,-83.7459194444,3.0,2.36999988556,1033.0,12.5490198135,,,,,,,,,-10.15625,,0.0,
68.6563661111,353,1103,260900,42.2817230556,-83.7459302778,3.0,2.36999988556,1033.0,12.5490198135,,,,,,,,,-10.15625,,0.0,
68.6563661111,353,1103,261100,42.2817230556,-83.7459302778,3.0,2.40000009537,1073.0,12.5490198135,,,,,,,,,-10.15625,,0.0,
68.6563661111,353,1103,261400,42.2817230556,-83.7459302778,3.0,2.43000006676,1076.0,12.5490198135,,,,,,,,,-10.15625,,0.0,
68.6563661111,353,1103,262100,42.2817230556,-83.7459302778,3.0,2.43000006676,1076.0,12.5490198135,,,,,,,,,-4.6875,,0.0,
68.6563661111,353,1103,263200,42.2817230556,-83.7459302778,0.0,2.43000006676,1076.0,12.5490198135,,,,,,,,,-4.6875,,0.0,
68.6563661111,353,1103,263400,42.2817230556,-83.7459302778,0.0,2.43000006676,1108.0,12.5490198135,,,,,,,,,-4.6875,,0.0,
68.6563661111,353,1103,265400,42.2817230556,-83.7459302778,0.0,2.43000006676,1088.0,12.5490198135,,,,,,,,,-4.6875,,0.0,
68.6563661111,353,1103,266500,42.2817230556,-83.7459302778,0.0,3.5,1088.0,17.254901886,,,,,,,,,-4.6875,,0.0,
68.6563661111,353,1103,267700,42.2817230556,-83.7459302778,0.0,3.5,1101.0,17.254901886,,,,,,,,,-4.6875,,0.0,
68.6563661111,353,1103,271600,42.2817230556,-83.7459302778,0.0,2.71000003815,1101.0,14.117647171,,,,,,,,,-4.6875,,0.0,
68.6563661111,353,1103,271700,42.2817230556,-83.7459302778,0.0,2.71000003815,1094.0,14.117647171,,,,,,,,,-4.6875,,0.0,
68.6563661111,353,1103,272600,42.2817230556,-83.7459302778,0.0,2.71000003815,1094.0,14.117647171,,,,,,,,,0.78125,,0.0,
68.6563661111,353,1103,274000,42.2817230556,-83.7459302778,0.0,2.71000003815,1099.0,14.117647171,,,,,,,,,0.78125,,0.0,
68.6563661111,353,1103,276100,42.2817230556,-83.7459302778,0.0,2.71000003815,1088.0,14.117647171,,,,,,,,,0.78125,,0.0,
68.6563661111,353,1103,277100,42.2817230556,-83.7459302778,0.0,2.8900001049,1088.0,14.9019613266,,,,,,,,,0.78125,,0.0,
68.6563661111,353,1103,277700,42.2817230556,-83.7459302778,0.0,2.8900001049,1088.0,14.9019613266,,,,,,,,,-2.34375,,0.0,
68.6563661111,353,1103,278800,42.2815852778,-83.7460752778,0.0,2.8900001049,1088.0,14.9019613266,,,,,,,,,-2.34375,,0.0,
68.6563661111,353,1103,279000,42.2815852778,-83.7460752778,0.0,2.8900001049,1085.0,14.9019613266,,,,,,,,,-2.34375,,0.0,
68.6563661111,353,1103,279100,42.2815852778,-83.7460752778,0.0,5.71000003815,1085.0,14.9019613266,,,,,,,,,-2.34375,,0.0,
68.6563661111,353,1103,279200,42.2815852778,-83.7460752778,0.0,5.71000003815,1085.0,33.7254905701,,,,,,,,,-2.34375,,0.0,
68.6563661111,353,1103,279900,42.2815852778,-83.7460752778,0.0,5.71000003815,1085.0,33.7254905701,,,,,,,,,1.5625,,0.0,
68.6563661111,353,1103,281100,42.2815852778,-83.7460752778,15.0,5.71000003815,1085.0,33.7254905701,,,,,,,,,1.5625,,0.0,
68.6563661111,353,1103,281800,42.2815311111,-83.7461175,15.0,5.71000003815,1085.0,33.7254905701,,,,,,,,,1.5625,,0.0,
68.6563661111,353,1103,283100,42.2815311111,-83.7461175,15.0,5.71000003815,1114.0,33.7254905701,,,,,,,,,1.5625,,0.0,
68.6563661111,353,1103,283200,42.2815311111,-83.7461175,18.0,8.31999969482,1114.0,33.7254905701,,,,,,,,,1.5625,,0.0,
68.6563661111,353,1103,284200,42.2815311111,-83.7461175,21.0,8.31999969482,1114.0,33.7254905701,,,,,,,,,1.5625,,0.0,
68.6563661111,353,1103,284300,42.2815311111,-83.7461175,21.0,8.31999969482,1114.0,43.9215698242,,,,,,,,,1.5625,,0.0,
