DayNum,VehId,Trip,Timestamp(ms),Latitude[deg],Longitude[deg],Vehicle Speed[km/h],MAF[g/sec],Engine RPM[RPM],Absolute Load[%],OAT[DegC],Fuel Rate[L/hr],Air Conditioning Power[kW],Air Conditioning Power[Watts],Heater Power[Watts],HV Battery Current[A],HV Battery SOC[%],HV Battery Voltage[V],Short Term Fuel Trim Bank 1[%],Short Term Fuel Trim Bank 2[%],Long Term Fuel Trim Bank 1[%],Long Term Fuel Trim Bank 2[%]
88.7079969352,156,1175,0,42.3092438889,-83.6777094444,16.0,4.46000003815,846.0,14.9019613266,,,,,,,,,-12.5,-13.28125,2.34375,3.125
88.7079969352,156,1175,200,42.3092438889,-83.6777094444,9.0,4.40000009537,680.0,14.9019613266,,,,,,,,,-12.5,-13.28125,2.34375,3.125
88.7079969352,156,1175,1200,42.3092438889,-83.6777094444,3.0,4.40000009537,680.0,14.9019613266,,,,,,,,,-12.5,-13.28125,2.34375,3.125
88.7079969352,156,1175,2200,42.3092438889,-83.6777094444,3.0,4.28999996185,670.0,14.9019613266,,,,,,,,,-12.5,-13.28125,2.34375,3.125
88.7079969352,156,1175,2400,42.3092438889,-83.6777094444,3.0,4.28999996185,670.0,18.4313735962,,,,,,,,,-12.5,-13.28125,2.34375,3.125
88.7079969352,156,1175,3400,42.3092438889,-83.6777094444,3.0,4.28999996185,667.0,18.4313735962,,,,,,,,,-12.5,-13.28125,2.34375,3.125
88.7079969352,156,1175,3500,42.3092438889,-83.6777094444,3.0,4.36999988556,667.0,18.8235301971,,,,,,,,,-12.5,-13.28125,2.34375,3.125
88.7079969352,156,1175,4100,42.3092438889,-83.6777094444,3.0,4.36999988556,667.0,18.8235301971,,,,,,,,,-1.5625,-13.28125,2.34375,3.125
88.7079969352,156,1175,4200,42.3092438889,-83.6777094444,3.0,4.36999988556,667.0,18.8235301971,,,,,,,,,-1.5625,-0.78125,2.34375,3.125
88.7079969352,156,1175,4300,42.3092438889,-83.6777094444,3.0,4.36999988556,667.0,18.8235301971,,,,,,,,,-1.5625,-0.78125,-2.34375,0.0
88.7079969352,156,1175,4400,42.3092438889,-83.6777094444,0.0,4.36999988556,667.0,18.8235301971,,,,,,,,,-1.5625,-0.78125,-2.34375,0.0
88.7079969352,156,1175,5400,42.3092438889,-83.6777094444,0.0,4.36999988556,673.0,18.8235301971,,,,,,,,,-1.5625,-0.78125,-2.34375,0.0
88.7079969352,156,1175,7400,42.3092438889,-83.6777094444,0.0,4.36999988556,668.0,18.8235301971,,,,,,,,,-1.5625,-0.78125,-2.34375,0.0
88.7079969352,156,1175,8500,42.3092438889,-83.6777094444,0.0,4.21000003815,668.0,18.8235301971,,,,,,,,,-1.5625,-0.78125,-2.34375,0.0
88.7079969352,156,1175,8600,42.3092438889,-83.6777094444,0.0,4.21000003815,668.0,18.0392150879,,,,,,,,,-1.5625,-0.78125,-2.34375,0.0
88.7079969352,156,1175,9400,42.3092438889,-83.6777094444,0.0,4.21000003815,661.0,18.0392150879,,,,,,,,,-1.5625,-0.78125,-2.34375,0.0
88.7079969352,156,1175,11500,42.3092438889,-83.6777094444,0.0,4.21000003815,652.0,18.0392150879,,,,,,,,,-1.5625,-0.78125,-2.34375,0.0
88.7079969352,156,1175,13600,42.3092438889,-83.6777094444,0.0,4.19999980927,655.0,18.4313735962,,,,,,,,,-1.5625,-0.78125,-2.34375,0.0
88.7079969352,156,1175,14600,42.3092438889,-83.6777094444,0.0,4.19999980927,655.0,18.4313735962,,,,,,,,,0.0,1.5625,-2.34375,0.0
88.7079969352,156,1175,15600,42.3092438889,-83.6777094444,0.0,4.19999980927,652.0,18.4313735962,,,,,,,,,0.0,1.5625,-2.34375,0.0
88.7079969352,156,1175,17700,42.3092438889,-83.6777094444,0.0,4.19999980927,655.0,18.4313735962,,,,,,,,,0.0,1.5625,-2.34375,0.0
88.7079969352,156,1175,18800,42.3092438889,-83.6777094444,0.0,4.17999982834,655.0,18.8235301971,,,,,,,,,0.0,1.5625,-2.34375,0.0
88.7079969352,156,1175,19900,42.3092438889,-83.6777094444,0.0,4.17999982834,658.0,18.8235301971,,,,,,,,,-1.5625,-0.78125,-2.34375,0.0
88.7079969352,156,1175,22200,42.3092438889,-83.6777094444,0.0,4.17999982834,676.0,18.8235301971,,,,,,,,,-1.5625,-0.78125,-2.34375,0.0
88.7079969352,156,1175,23800,42.3092438889,-83.6777094444,0.0,4.19999980927,676.0,18.4313735962,,,,,,,,,-1.5625,-0.78125,-2.34375,0.0
88.7079969352,156,1175,24300,42.3092438889,-83.6777094444,0.0,4.19999980927,650.0,18.4313735962,,,,,,,,,-1.5625,-0.78125,-2.34375,0.0
88.7079969352,156,1175,25300,42.3092438889,-83.6777094444,0.0,4.19999980927,650.0,18.4313735962,,,,,,,,,1.5625,2.34375,-2.34375,0.0
88.7079969352,156,1175,26400,42.3092438889,-83.6777094444,0.0,4.19999980927,658.0,18.4313735962,,,,,,,,,1.5625,2.34375,-2.34375,0.0
88.7079969352,156,1175,28400,42.3092438889,-83.6777094444,0.0,4.19999980927,650.0,18.4313735962,,,,,,,,,1.5625,2.34375,-2.34375,0.0
88.7079969352,156,1175,28800,42.3092438889,-83.6777094444,0.0,4.17999982834,650.0,18.0392150879,,,,,,,,,1.5625,2.34375,-2.34375,0.0
88.7079969352,156,1175,30100,42.3094675,-83.6779833333,0.0,4.17999982834,650.0,18.0392150879,,,,,,,,,1.5625,2.34375,-2.34375,0.0
88.7079969352,156,1175,30500,42.3094675,-83.6779833333,0.0,4.17999982834,657.0,18.0392150879,,,,,,,,,0.0,0.78125,-2.34375,0.0
88.7079969352,156,1175,32600,42.3094675,-83.6779833333,0.0,4.17999982834,660.0,18.0392150879,,,,,,,,,0.0,0.78125,-2.34375,0.0
88.7079969352,156,1175,33900,42.3094675,-83.6779833333,0.0,4.13999986649,660.0,18.0392150879,,,,,,,,,0.0,0.78125,-2.34375,0.0
88.7079969352,156,1175,34700,42.3094675,-83.6779833333,0.0,4.13999986649,665.0,18.0392150879,,,,,,,,,0.0,0.78125,-2.34375,0.0
88.7079969352,156,1175,35700,42.3094675,-83.6779833333,0.0,4.13999986649,665.0,18.0392150879,,,,,,,,,0.0,0.0,-2.34375,0.0
88.7079969352,156,1175,36800,42.3094675,-83.6779833333,0.0,4.13999986649,668.0,18.0392150879,,,,,,,,,0.0,0.0,-2.34375,0.0
88.7079969352,156,1175,38800,42.3094675,-83.6779833333,0.0,4.13999986649,651.0,18.0392150879,,,,,,,,,0.0,0.0,-2.34375,0.0
88.7079969352,156,1175,38900,42.3094675,-83.6779833333,0.0,4.17999982834,651.0,18.0392150879,,,,,,,,,0.0,0.0,-2.34375,0.0
88.7079969352,156,1175,40900,42.3094675,-83.6779833333,0.0,4.17999982834,1301.0,18.0392150879,,,,,,,,,3.125,3.90625,-2.34375,0.0
88.7079969352,156,1175,41000,42.3094194444,-83.6778686111,0.0,4.17999982834,1301.0,18.0392150879,,,,,,,,,3.125,3.90625,-2.34375,0.0
88.7079969352,156,1175,41100,42.3094194444,-83.6778686111,0.0,4.17999982834,1739.0,18.0392150879,,,,,,,,,3.125,3.90625,-2.34375,0.0
88.7079969352,156,1175,41200,42.3094194444,-83.6778686111,0.0,29.6200008392,1739.0,18.0392150879,,,,,,,,,3.125,3.90625,-2.34375,0.0
88.7079969352,156,1175,41300,42.3094194444,-83.6778686111,0.0,29.6200008392,1739.0,48.235294342,,,,,,,,,3.125,3.90625,-2.34375,0.0
88.7079969352,156,1175,41900,42.3094194444,-83.6778686111,0.0,29.6200008392,1739.0,48.235294342,,,,,,,,,1.5625,-0.78125,-2.34375,0.0
88.7079969352,156,1175,42000,42.3094194444,-83.6778686111,0.0,29.6200008392,1739.0,48.235294342,,,,,,,,,1.5625,-0.78125,1.5625,0.0
88.7079969352,156,1175,42100,42.3094194444,-83.6778686111,0.0,29.6200008392,1739.0,48.235294342,,,,,,,,,1.5625,-0.78125,1.5625,3.125
88.7079969352,156,1175,42200,42.3094194444,-83.6778686111,15.0,29.6200008392,1739.0,48.235294342,,,,,,,,,1.5625,-0.78125,1.5625,3.125
88.7079969352,156,1175,43100,42.3094194444,-83.6778686111,15.0,29.6200008392,2378.0,48.235294342,,,,,,,,,1.5625,-0.78125,1.5625,3.125
88.7079969352,156,1175,43200,42.3094194444,-83.6778686111,15.0,44.0400009155,2378.0,48.235294342,,,,,,,,,1.5625,-0.78125,1.5625,3.125
88.7079969352,156,1175,44000,42.3092463889,-83.6777311111,15.0,44.0400009155,2378.0,48.235294342,,,,,,,,,1.5625,-0.78125,1.5625,3.125
88.7079969352,156,1175,44300,42.3092463889,-83.6777311111,23.0,44.0400009155,2378.0,48.235294342,,,,,,,,,1.5625,-0.78125,1.5625,3.125
88.7079969352,156,1175,45100,42.3092463889,-83.6777311111,23.0,44.0400009155,2428.0,48.235294342,,,,,,,,,1.5625,-0.78125,1.5625,3.125
88.7079969352,156,1175,45200,42.3092463889,-83.6777311111,23.0,60.4599990845,2428.0,48.235294342,,,,,,,,,1.5625,-0.78125,1.5625,3.125
88.7079969352,156,1175,45300,42.3092463889,-83.6777311111,29.0,60.4599990845,2428.0,48.235294342,,,,,,,,,1.5625,-0.78125,1.5625,3.125
88.7079969352,156,1175,46300,42.3092463889,-83.6777311111,36.0,60.4599990845,2428.0,65.490196228,,,,,,,,,1.5625,-0.78125,1.5625,3.125
88.7079969352,156,1175,47100,42.3089191667,-83.67757,36.0,60.4599990845,2428.0,65.490196228,,,,,,,,,1.5625,-0.78125,1.5625,3.125
88.7079969352,156,1175,47200,42.3089191667,-83.67757,36.0,66.4800033569,3007.0,65.490196228,,,,,,,,,1.5625,-0.78125,1.5625,3.125
88.7079969352,156,1175,47400,42.3089191667,-83.67757,44.0,66.4800033569,3007.0,65.490196228,,,,,,,,,1.5625,-0.78125,1.5625,3.125
88.7079969352,156,1175,48400,42.3089191667,-83.67757,50.0,66.4800033569,3007.0,65.490196228,,,,,,,,,1.5625,-0.78125,1.5625,3.125
88.7079969352,156,1175,49200,42.3089191667,-83.67757,50.0,55.3199996948,2846.0,65.490196228,,,,,,,,,1.5625,-0.78125,1.5625,3.125
88.7079969352,156,1175,49500,42.3089191667,-83.67757,60.0,55.3199996948,2846.0,65.490196228,,,,,,,,,1.5625,-0.78125,1.5625,3.125
88.7079969352,156,1175,50100,42.3085533333,-83.6774294444,60.0,55.3199996948,2846.0,65.490196228,,,,,,,,,1.5625,-0.78125,1.5625,3.125
88.7079969352,156,1175,51300,42.3085533333,-83.6774294444,60.0,41.6399993896,2238.0,65.490196228,,,,,,,,,1.5625,-0.78125,1.5625,3.125
88.7079969352,156,1175,51400,42.3085533333,-83.6774294444,60.0,41.6399993896,2238.0,54.9019622803,,,,,,,,,1.5625,-0.78125,1.5625,3.125
88.7079969352,156,1175,51500,42.3085533333,-83.6774294444,68.0,41.6399993896,2238.0,54.9019622803,,,,,,,,,1.5625,-0.78125,1.5625,3.125
88.7079969352,156,1175,52400,42.3085533333,-83.6774294444,68.0,41.6399993896,2238.0,54.9019622803,,,,,,,,,0.0,-1.5625,1.5625,3.125
88.7079969352,156,1175,53100,42.3080530556,-83.6773105556,68.0,41.6399993896,2238.0,54.9019622803,,,,,,,,,0.0,-1.5625,1.5625,3.125
88.7079969352,156,1175,53500,42.3080530556,-83.6773105556,68.0,33.1500015259,1931.0,54.9019622803,,,,,,,,,0.0,-1.5625,1.5625,3.125
88.7079969352,156,1175,53600,42.3080530556,-83.6773105556,70.0,33.1500015259,1931.0,54.9019622803,,,,,,,,,0.0,-1.5625,1.5625,3.125
88.7079969352,156,1175,55700,42.3080530556,-83.6773105556,73.0,26.25,1856.0,54.9019622803,,,,,,,,,0.0,-1.5625,1.5625,3.125
88.7079969352,156,1175,56000,42.3075044444,-83.6772630556,73.0,26.25,1856.0,54.9019622803,,,,,,,,,0.0,-1.5625,1.5625,3.125
88.7079969352,156,1175,56700,42.3075044444,-83.6772630556,76.0,26.25,1856.0,38.4313735962,,,,,,,,,0.0,-1.5625,1.5625,3.125
88.7079969352,156,1175,57700,42.3075044444,-83.6772630556,76.0,15.5900001526,1792.0,38.4313735962,,,,,,,,,0.78125,-1.5625,1.5625,3.125
88.7079969352,156,1175,59100,42.306935,-83.6771986111,76.0,15.5900001526,1792.0,38.4313735962,,,,,,,,,0.78125,-1.5625,1.5625,3.125
88.7079969352,156,1175,59800,42.306935,-83.6771986111,76.0,15.6499996185,1592.0,38.4313735962,,,,,,,,,0.78125,-1.5625,1.5625,3.125
88.7079969352,156,1175,59900,42.306935,-83.6771986111,78.0,15.6499996185,1592.0,38.4313735962,,,,,,,,,0.78125,-1.5625,1.5625,3.125
88.7079969352,156,1175,60900,42.306935,-83.6771986111,78.0,15.6499996185,1592.0,38.4313735962,,,,,,,,,0.78125,-1.5625,1.5625,3.125
88.7079969352,156,1175,61700,42.306935,-83.6771986111,78.0,15.6499996185,1592.0,28.627450943,,,,,,,,,0.78125,-1.5625,1.5625,3.125
88.7079969352,156,1175,61800,42.306935,-83.6771986111,78.0,21.4799995422,1636.0,28.627450943,,,,,,,,,0.78125,-1.5625,1.5625,3.125
88.7079969352,156,1175,62100,42.3063452778,-83.6771427778,78.0,21.4799995422,1636.0,28.627450943,,,,,,,,,0.78125,-1.5625,1.5625,3.125
88.7079969352,156,1175,62700,42.3063452778,-83.6771427778,78.0,21.4799995422,1636.0,28.627450943,,,,,,,,,-4.6875,-1.5625,1.5625,3.125
88.7079969352,156,1175,63000,42.3063452778,-83.6771427778,79.0,21.4799995422,1636.0,28.627450943,,,,,,,,,-4.6875,-1.5625,1.5625,3.125
88.7079969352,156,1175,63800,42.3063452778,-83.6771427778,79.0,25.0400009155,1753.0,28.627450943,,,,,,,,,-4.6875,-1.5625,1.5625,3.125
88.7079969352,156,1175,64000,42.3063452778,-83.6771427778,80.0,25.0400009155,1753.0,28.627450943,,,,,,,,,-4.6875,-1.5625,1.5625,3.125
88.7079969352,156,1175,65000,42.3057683333,-83.6770922222,80.0,25.0400009155,1753.0,28.627450943,,,,,,,,,-4.6875,-1.5625,1.5625,3.125
88.7079969352,156,1175,65800,42.3057683333,-83.6770922222,80.0,30.4599990845,1865.0,28.627450943,,,,,,,,,-4.6875,-1.5625,1.5625,3.125
88.7079969352,156,1175,66700,42.3057683333,-83.6770922222,80.0,30.4599990845,1865.0,49.4117660522,,,,,,,,,-4.6875,-1.5625,1.5625,3.125
88.7079969352,156,1175,67100,42.3057683333,-83.6770922222,82.0,30.4599990845,1865.0,49.4117660522,,,,,,,,,-4.6875,-1.5625,1.5625,3.125
88.7079969352,156,1175,67800,42.3057683333,-83.6770922222,82.0,30.8999996185,1882.0,49.4117660522,,,,,,,,,-0.78125,-2.34375,1.5625,3.125
88.7079969352,156,1175,68000,42.3051533333,-83.6770658333,82.0,30.8999996185,1882.0,49.4117660522,,,,,,,,,-0.78125,-2.34375,1.5625,3.125
88.7079969352,156,1175,68200,42.3051533333,-83.6770658333,84.0,30.8999996185,1882.0,49.4117660522,,,,,,,,,-0.78125,-2.34375,1.5625,3.125
88.7079969352,156,1175,69800,42.3051533333,-83.6770658333,84.0,15.5600004196,1590.0,49.4117660522,,,,,,,,,-0.78125,-2.34375,1.5625,3.125
88.7079969352,156,1175,71100,42.3045325,-83.6770102778,84.0,15.5600004196,1590.0,49.4117660522,,,,,,,,,-0.78125,-2.34375,1.5625,3.125
88.7079969352,156,1175,71900,42.3045325,-83.6770102778,84.0,4.71000003815,1429.0,9.01960754395,,,,,,,,,-0.78125,-2.34375,1.5625,3.125
88.7079969352,156,1175,72300,42.3045325,-83.6770102778,83.0,4.71000003815,1429.0,9.01960754395,,,,,,,,,-0.78125,-2.34375,1.5625,3.125
88.7079969352,156,1175,72900,42.3045325,-83.6770102778,83.0,4.71000003815,1429.0,9.01960754395,,,,,,,,,0.0,-2.34375,1.5625,3.125
88.7079969352,156,1175,73400,42.3045325,-83.6770102778,82.0,4.71000003815,1429.0,9.01960754395,,,,,,,,,0.0,-2.34375,1.5625,3.125
88.7079969352,156,1175,74000,42.3045325,-83.6770102778,82.0,10.3100004196,1580.0,9.01960754395,,,,,,,,,0.0,-2.34375,1.5625,3.125
88.7079969352,156,1175,74100,42.3039194444,-83.6769577778,82.0,10.3100004196,1580.0,9.01960754395,,,,,,,,,0.0,-2.34375,1.5625,3.125
88.7079969352,156,1175,74400,42.3039194444,-83.6769577778,83.0,10.3100004196,1580.0,9.01960754395,,,,,,,,,0.0,-2.34375,1.5625,3.125
88.7079969352,156,1175,75500,42.3039194444,-83.6769577778,81.0,10.3100004196,1580.0,9.01960754395,,,,,,,,,0.0,-2.34375,1.5625,3.125
88.7079969352,156,1175,76000,42.3039194444,-83.6769577778,81.0,26.5,1497.0,9.01960754395,,,,,,,,,0.0,-2.34375,1.5625,3.125
88.7079969352,156,1175,76500,42.3039194444,-83.6769577778,83.0,26.5,1497.0,9.01960754395,,,,,,,,,0.0,-2.34375,1.5625,3.125
88.7079969352,156,1175,77100,42.3039194444,-83.6769577778,83.0,26.5,1497.0,57.6470603943,,,,,,,,,0.0,-2.34375,1.5625,3.125
88.7079969352,156,1175,77500,42.3039194444,-83.6769577778,82.0,26.5,1497.0,57.6470603943,,,,,,,,,0.0,-2.34375,1.5625,3.125
88.7079969352,156,1175,78100,42.3031430556,-83.6770672222,82.0,35.3100013733,1938.0,57.6470603943,,,,,,,,,-7.8125,-8.59375,1.5625,3.125
88.7079969352,156,1175,78600,42.3031430556,-83.6770672222,84.0,35.3100013733,1938.0,57.6470603943,,,,,,,,,-7.8125,-8.59375,1.5625,3.125
88.7079969352,156,1175,79600,42.3031430556,-83.6770672222,83.0,35.3100013733,1938.0,57.6470603943,,,,,,,,,-7.8125,-8.59375,1.5625,3.125
88.7079969352,156,1175,80200,42.3031430556,-83.6770672222,83.0,15.5399999619,1527.0,57.6470603943,,,,,,,,,-7.8125,-8.59375,1.5625,3.125
88.7079969352,156,1175,81000,42.3025322222,-83.6772386111,83.0,15.5399999619,1527.0,57.6470603943,,,,,,,,,-7.8125,-8.59375,1.5625,3.125
88.7079969352,156,1175,81700,42.3025322222,-83.6772386111,82.0,15.5399999619,1527.0,57.6470603943,,,,,,,,,-7.8125,-8.59375,1.5625,3.125
88.7079969352,156,1175,82300,42.3025322222,-83.6772386111,82.0,23.1499996185,1528.0,45.490196228,,,,,,,,,-7.8125,-8.59375,1.5625,3.125
88.7079969352,156,1175,82700,42.3025322222,-83.6772386111,84.0,23.1499996185,1528.0,45.490196228,,,,,,,,,-7.8125,-8.59375,1.5625,3.125
88.7079969352,156,1175,83300,42.3025322222,-83.6772386111,84.0,23.1499996185,1528.0,45.490196228,,,,,,,,,-3.125,-4.6875,1.5625,3.125
88.7079969352,156,1175,83800,42.3025322222,-83.6772386111,86.0,23.1499996185,1528.0,45.490196228,,,,,,,,,-3.125,-4.6875,1.5625,3.125
88.7079969352,156,1175,84000,42.3019130556,-83.6774861111,86.0,23.1499996185,1528.0,45.490196228,,,,,,,,,-3.125,-4.6875,1.5625,3.125
88.7079969352,156,1175,84400,42.3019130556,-83.6774861111,86.0,19.9500007629,1549.0,45.490196228,,,,,,,,,-3.125,-4.6875,1.5625,3.125
88.7079969352,156,1175,84800,42.3019130556,-83.6774861111,84.0,19.9500007629,1549.0,45.490196228,,,,,,,,,-3.125,-4.6875,1.5625,3.125
88.7079969352,156,1175,86500,42.3019130556,-83.6774861111,84.0,4.53999996185,1382.0,45.490196228,,,,,,,,,-3.125,-4.6875,1.5625,3.125
88.7079969352,156,1175,87000,42.3013455556,-83.6778302778,83.0,4.53999996185,1382.0,45.490196228,,,,,,,,,-3.125,-4.6875,1.5625,3.125
88.7079969352,156,1175,87600,42.3013455556,-83.6778302778,83.0,4.53999996185,1382.0,10.1960783005,,,,,,,,,-3.125,-4.6875,1.5625,3.125
88.7079969352,156,1175,88100,42.3013455556,-83.6778302778,80.0,4.53999996185,1382.0,10.1960783005,,,,,,,,,-3.125,-4.6875,1.5625,3.125
88.7079969352,156,1175,88700,42.3013455556,-83.6778302778,80.0,4.34000015259,1221.0,10.1960783005,,,,,,,,,-2.34375,-1.5625,1.5625,3.125
88.7079969352,156,1175,89100,42.3013455556,-83.6778302778,78.0,4.34000015259,1221.0,10.1960783005,,,,,,,,,-2.34375,-1.5625,1.5625,3.125
88.7079969352,156,1175,90100,42.3008458333,-83.6782408333,76.0,4.34000015259,1221.0,10.1960783005,,,,,,,,,-2.34375,-1.5625,1.5625,3.125
88.7079969352,156,1175,90800,42.3008458333,-83.6782408333,76.0,13.0399999619,1287.0,10.1960783005,,,,,,,,,-2.34375,-1.5625,1.5625,3.125
88.7079969352,156,1175,91100,42.3008458333,-83.6782408333,74.0,13.0399999619,1287.0,10.1960783005,,,,,,,,,-2.34375,-1.5625,1.5625,3.125
88.7079969352,156,1175,92200,42.3008458333,-83.6782408333,72.0,13.0399999619,1287.0,10.1960783005,,,,,,,,,-2.34375,-1.5625,1.5625,3.125
88.7079969352,156,1175,92800,42.3008458333,-83.6782408333,72.0,39.75,1971.0,58.0392150879,,,,,,,,,-2.34375,-1.5625,1.5625,3.125
88.7079969352,156,1175,93000,42.300355,-83.6786111111,72.0,39.75,1971.0,58.0392150879,,,,,,,,,-2.34375,-1.5625,1.5625,3.125
88.7079969352,156,1175,93900,42.300355,-83.6786111111,72.0,39.75,1971.0,58.0392150879,,,,,,,,,-14.0625,-16.40625,1.5625,3.125
88.7079969352,156,1175,94900,42.300355,-83.6786111111,72.0,52.0,2189.0,58.0392150879,,,,,,,,,-14.0625,-16.40625,1.5625,3.125
88.7079969352,156,1175,95300,42.300355,-83.6786111111,74.0,52.0,2189.0,58.0392150879,,,,,,,,,-14.0625,-16.40625,1.5625,3.125
88.7079969352,156,1175,96100,42.2998580556,-83.6790038889,74.0,52.0,2189.0,58.0392150879,,,,,,,,,-14.0625,-16.40625,1.5625,3.125
88.7079969352,156,1175,97000,42.2998580556,-83.6790038889,74.0,39.7000007629,2173.0,58.0392150879,,,,,,,,,-14.0625,-16.40625,1.5625,3.125
88.7079969352,156,1175,97400,42.2998580556,-83.6790038889,77.0,39.7000007629,2173.0,58.0392150879,,,,,,,,,-14.0625,-16.40625,1.5625,3.125
88.7079969352,156,1175,98000,42.2998580556,-83.6790038889,77.0,39.7000007629,2173.0,52.1568641663,,,,,,,,,-14.0625,-16.40625,1.5625,3.125
88.7079969352,156,1175,98400,42.2998580556,-83.6790038889,79.0,39.7000007629,2173.0,52.1568641663,,,,,,,,,-14.0625,-16.40625,1.5625,3.125
88.7079969352,156,1175,99100,42.2998580556,-83.6790038889,79.0,36.8400001526,2025.0,52.1568641663,,,,,,,,,-0.78125,1.5625,1.5625,3.125
88.7079969352,156,1175,99500,42.2998580556,-83.6790038889,80.0,36.8400001526,2025.0,52.1568641663,,,,,,,,,-0.78125,1.5625,1.5625,3.125
88.7079969352,156,1175,100100,42.2991888889,-83.6795933333,80.0,36.8400001526,2025.0,52.1568641663,,,,,,,,,-0.78125,1.5625,1.5625,3.125
88.7079969352,156,1175,100500,42.2991888889,-83.6795933333,79.0,36.8400001526,2025.0,52.1568641663,,,,,,,,,-0.78125,1.5625,1.5625,3.125
88.7079969352,156,1175,101200,42.2991888889,-83.6795933333,79.0,29.5599994659,1941.0,52.1568641663,,,,,,,,,-0.78125,1.5625,1.5625,3.125
88.7079969352,156,1175,101500,42.2991888889,-83.6795933333,81.0,29.5599994659,1941.0,52.1568641663,,,,,,,,,-0.78125,1.5625,1.5625,3.125
88.7079969352,156,1175,102200,42.2991888889,-83.6795933333,81.0,29.5599994659,1941.0,52.1568641663,,,,,,,,,-0.78125,1.5625,-1.5625,0.0
88.7079969352,156,1175,103000,42.2986880556,-83.6800769444,81.0,29.5599994659,1941.0,52.1568641663,,,,,,,,,-0.78125,1.5625,-1.5625,0.0
88.7079969352,156,1175,103200,42.2986880556,-83.6800769444,81.0,32.6699981689,2000.0,47.0588226318,,,,,,,,,-0.78125,1.5625,-1.5625,0.0
88.7079969352,156,1175,104300,42.2986880556,-83.6800769444,81.0,32.6699981689,2000.0,47.0588226318,,,,,,,,,0.0,-1.5625,-1.5625,0.0
88.7079969352,156,1175,104700,42.2986880556,-83.6800769444,80.0,32.6699981689,2000.0,47.0588226318,,,,,,,,,0.0,-1.5625,-1.5625,0.0
88.7079969352,156,1175,105300,42.2986880556,-83.6800769444,80.0,30.9300003052,1986.0,47.0588226318,,,,,,,,,0.0,-1.5625,-1.5625,0.0
88.7079969352,156,1175,105700,42.2986880556,-83.6800769444,79.0,30.9300003052,1986.0,47.0588226318,,,,,,,,,0.0,-1.5625,-1.5625,0.0
88.7079969352,156,1175,106000,42.2981525,-83.6805061111,79.0,30.9300003052,1986.0,47.0588226318,,,,,,,,,0.0,-1.5625,-1.5625,0.0
88.7079969352,156,1175,106700,42.2981525,-83.6805061111,81.0,30.9300003052,1986.0,47.0588226318,,,,,,,,,0.0,-1.5625,-1.5625,0.0
88.7079969352,156,1175,107400,42.2981525,-83.6805061111,81.0,18.9300003052,1871.0,47.0588226318,,,,,,,,,0.0,-1.5625,-1.5625,0.0
88.7079969352,156,1175,107800,42.2981525,-83.6805061111,79.0,18.9300003052,1871.0,47.0588226318,,,,,,,,,0.0,-1.5625,-1.5625,0.0
88.7079969352,156,1175,108400,42.2981525,-83.6805061111,79.0,18.9300003052,1871.0,29.8039226532,,,,,,,,,0.0,-1.5625,-1.5625,0.0
88.7079969352,156,1175,109100,42.2976333333,-83.6809483333,79.0,18.9300003052,1871.0,29.8039226532,,,,,,,,,0.0,-1.5625,-1.5625,0.0
88.7079969352,156,1175,109500,42.2976333333,-83.6809483333,79.0,20.6200008392,1617.0,29.8039226532,,,,,,,,,-0.78125,-0.78125,-1.5625,0.0
88.7079969352,156,1175,109900,42.2976333333,-83.6809483333,77.0,20.6200008392,1617.0,29.8039226532,,,,,,,,,-0.78125,-0.78125,-1.5625,0.0
88.7079969352,156,1175,110900,42.2976333333,-83.6809483333,76.0,20.6200008392,1617.0,29.8039226532,,,,,,,,,-0.78125,-0.78125,-1.5625,0.0
88.7079969352,156,1175,111600,42.2976333333,-83.6809483333,76.0,28.5900001526,1642.0,29.8039226532,,,,,,,,,-0.78125,-0.78125,-1.5625,0.0
88.7079969352,156,1175,112000,42.2971213889,-83.6813530556,76.0,28.5900001526,1642.0,29.8039226532,,,,,,,,,-0.78125,-0.78125,-1.5625,0.0
88.7079969352,156,1175,113000,42.2971213889,-83.6813530556,75.0,28.5900001526,1642.0,29.8039226532,,,,,,,,,-0.78125,-0.78125,-1.5625,0.0
88.7079969352,156,1175,113600,42.2971213889,-83.6813530556,75.0,28.4200000763,1775.0,46.2745094299,,,,,,,,,-0.78125,-0.78125,-1.5625,0.0
88.7079969352,156,1175,114700,42.2971213889,-83.6813530556,75.0,28.4200000763,1775.0,46.2745094299,,,,,,,,,-0.78125,-2.34375,-1.5625,0.0
88.7079969352,156,1175,115100,42.2966075,-83.6817486111,75.0,28.4200000763,1775.0,46.2745094299,,,,,,,,,-0.78125,-2.34375,-1.5625,0.0
88.7079969352,156,1175,115700,42.2966075,-83.6817486111,75.0,40.2099990845,1985.0,46.2745094299,,,,,,,,,-0.78125,-2.34375,-1.5625,0.0
88.7079969352,156,1175,117200,42.2966075,-83.6817486111,77.0,40.2099990845,1985.0,46.2745094299,,,,,,,,,-0.78125,-2.34375,-1.5625,0.0
88.7079969352,156,1175,117800,42.2966075,-83.6817486111,77.0,42.3699989319,2084.0,46.2745094299,,,,,,,,,-0.78125,-2.34375,-1.5625,0.0
88.7079969352,156,1175,118000,42.2961002778,-83.6820836111,77.0,42.3699989319,2084.0,46.2745094299,,,,,,,,,-0.78125,-2.34375,-1.5625,0.0
88.7079969352,156,1175,118200,42.2961002778,-83.6820836111,76.0,42.3699989319,2084.0,46.2745094299,,,,,,,,,-0.78125,-2.34375,-1.5625,0.0
88.7079969352,156,1175,118800,42.2961002778,-83.6820836111,76.0,42.3699989319,2084.0,60.0,,,,,,,,,-0.78125,-2.34375,-1.5625,0.0
88.7079969352,156,1175,119300,42.2961002778,-83.6820836111,78.0,42.3699989319,2084.0,60.0,,,,,,,,,-0.78125,-2.34375,-1.5625,0.0
88.7079969352,156,1175,120000,42.2961002778,-83.6820836111,78.0,32.9000015259,2053.0,60.0,,,,,,,,,0.0,-1.5625,-1.5625,0.0
88.7079969352,156,1175,121100,42.295595,-83.6823202778,78.0,32.9000015259,2053.0,60.0,,,,,,,,,0.0,-1.5625,-1.5625,0.0
88.7079969352,156,1175,121900,42.295595,-83.6823202778,78.0,32.9000015259,2053.0,60.0,,,,,,,,,0.0,-1.5625,-1.5625,0.0
88.7079969352,156,1175,122000,42.295595,-83.6823202778,78.0,10.4499998093,1464.0,60.0,,,,,,,,,0.0,-1.5625,-1.5625,0.0
88.7079969352,156,1175,122900,42.295595,-83.6823202778,76.0,10.4499998093,1464.0,60.0,,,,,,,,,0.0,-1.5625,-1.5625,0.0
88.7079969352,156,1175,123900,42.295595,-83.6823202778,75.0,10.4499998093,1464.0,21.1764717102,,,,,,,,,0.0,-1.5625,-1.5625,0.0
88.7079969352,156,1175,124000,42.295595,-83.6823202778,75.0,9.44999980927,1437.0,21.1764717102,,,,,,,,,0.0,-1.5625,-1.5625,0.0
88.7079969352,156,1175,125000,42.2948816667,-83.6824027778,74.0,9.44999980927,1437.0,21.1764717102,,,,,,,,,-20.3125,-21.09375,-1.5625,0.0
88.7079969352,156,1175,126000,42.2948816667,-83.6824027778,72.0,8.22999954224,1388.0,21.1764717102,,,,,,,,,-20.3125,-21.09375,-1.5625,0.0
88.7079969352,156,1175,127100,42.2948816667,-83.6824027778,71.0,8.22999954224,1388.0,21.1764717102,,,,,,,,,-20.3125,-21.09375,-1.5625,0.0
88.7079969352,156,1175,128000,42.2943655556,-83.6824158333,71.0,7.51000022888,1341.0,21.1764717102,,,,,,,,,-20.3125,-21.09375,-1.5625,0.0
88.7079969352,156,1175,128100,42.2943655556,-83.6824158333,70.0,7.51000022888,1341.0,21.1764717102,,,,,,,,,-20.3125,-21.09375,-1.5625,0.0
88.7079969352,156,1175,129100,42.2943655556,-83.6824158333,69.0,7.51000022888,1341.0,18.8235301971,,,,,,,,,-20.3125,-21.09375,-1.5625,0.0
88.7079969352,156,1175,130100,42.2943655556,-83.6824158333,69.0,16.2099990845,1417.0,18.8235301971,,,,,,,,,-3.90625,-4.6875,-1.5625,0.0
88.7079969352,156,1175,131100,42.2938480556,-83.6824033333,69.0,16.2099990845,1417.0,18.8235301971,,,,,,,,,-3.90625,-4.6875,-1.5625,0.0
88.7079969352,156,1175,131200,42.2938480556,-83.6824033333,68.0,16.2099990845,1417.0,18.8235301971,,,,,,,,,-3.90625,-4.6875,-1.5625,0.0
88.7079969352,156,1175,132200,42.2938480556,-83.6824033333,68.0,16.7900009155,1487.0,18.8235301971,,,,,,,,,-3.90625,-4.6875,1.5625,3.125
88.7079969352,156,1175,132300,42.2938480556,-83.6824033333,69.0,16.7900009155,1487.0,18.8235301971,,,,,,,,,-3.90625,-4.6875,1.5625,3.125
88.7079969352,156,1175,134100,42.2933183333,-83.6823727778,69.0,16.7900009155,1487.0,18.8235301971,,,,,,,,,-3.90625,-4.6875,1.5625,3.125
88.7079969352,156,1175,134300,42.2933183333,-83.6823727778,70.0,5.26000022888,1236.0,11.764705658,,,,,,,,,-3.90625,-4.6875,1.5625,3.125
88.7079969352,156,1175,135300,42.2933183333,-83.6823727778,70.0,5.26000022888,1236.0,11.764705658,,,,,,,,,0.78125,-1.5625,1.5625,3.125
88.7079969352,156,1175,135400,42.2933183333,-83.6823727778,69.0,5.26000022888,1236.0,11.764705658,,,,,,,,,0.78125,-1.5625,1.5625,3.125
88.7079969352,156,1175,136400,42.2933183333,-83.6823727778,69.0,5.09000015259,1209.0,11.764705658,,,,,,,,,0.78125,-1.5625,1.5625,3.125
88.7079969352,156,1175,137000,42.2928144444,-83.6823483333,69.0,5.09000015259,1209.0,11.764705658,,,,,,,,,0.78125,-1.5625,1.5625,3.125
88.7079969352,156,1175,138400,42.2928144444,-83.6823483333,69.0,5.11999988556,1185.0,11.764705658,,,,,,,,,0.78125,-1.5625,1.5625,3.125
88.7079969352,156,1175,140000,42.2923047222,-83.6823452778,69.0,5.11999988556,1185.0,11.764705658,,,,,,,,,0.78125,-1.5625,1.5625,3.125
88.7079969352,156,1175,140500,42.2923047222,-83.6823452778,69.0,5.07000017166,1212.0,11.764705658,,,,,,,,,-11.71875,-13.28125,1.5625,3.125
88.7079969352,156,1175,142800,42.2923047222,-83.6823452778,70.0,12.4200000763,1412.0,11.764705658,,,,,,,,,-11.71875,-13.28125,1.5625,3.125
88.7079969352,156,1175,143100,42.2917947222,-83.6823316667,70.0,12.4200000763,1412.0,11.764705658,,,,,,,,,-11.71875,-13.28125,1.5625,3.125
88.7079969352,156,1175,143800,42.2917947222,-83.6823316667,69.0,12.4200000763,1412.0,11.764705658,,,,,,,,,-11.71875,-13.28125,1.5625,3.125
88.7079969352,156,1175,144900,42.2917947222,-83.6823316667,68.0,19.75,1488.0,43.1372566223,,,,,,,,,-11.71875,-13.28125,1.5625,3.125
88.7079969352,156,1175,146000,42.2917947222,-83.6823316667,67.0,19.75,1488.0,43.1372566223,,,,,,,,,-4.6875,1.5625,1.5625,3.125
88.7079969352,156,1175,147000,42.2911175,-83.6823016667,67.0,26.7600002289,1698.0,43.1372566223,,,,,,,,,-4.6875,1.5625,1.5625,3.125
88.7079969352,156,1175,149200,42.2911175,-83.6823016667,66.0,24.8199996948,1726.0,43.1372566223,,,,,,,,,-4.6875,1.5625,1.5625,3.125
88.7079969352,156,1175,150100,42.2906125,-83.6822875,66.0,24.8199996948,1726.0,43.1372566223,,,,,,,,,-4.6875,1.5625,1.5625,3.125
88.7079969352,156,1175,150200,42.2906125,-83.6822875,68.0,24.8199996948,1726.0,26.6666679382,,,,,,,,,-4.6875,1.5625,1.5625,3.125
88.7079969352,156,1175,151300,42.2906125,-83.6822875,66.0,11.5,1548.0,26.6666679382,,,,,,,,,0.78125,-0.78125,1.5625,3.125
88.7079969352,156,1175,153100,42.2901094444,-83.6822825,66.0,11.5,1548.0,26.6666679382,,,,,,,,,0.78125,-0.78125,1.5625,3.125
88.7079969352,156,1175,153500,42.2901094444,-83.6822825,67.0,16.5100002289,1592.0,26.6666679382,,,,,,,,,0.78125,-0.78125,1.5625,3.125
88.7079969352,156,1175,154600,42.2901094444,-83.6822825,66.0,16.5100002289,1592.0,26.6666679382,,,,,,,,,0.78125,-0.78125,1.5625,3.125
88.7079969352,156,1175,155600,42.2901094444,-83.6822825,67.0,10.0399999619,1574.0,17.6470584869,,,,,,,,,0.78125,-0.78125,1.5625,3.125
88.7079969352,156,1175,156100,42.2895947222,-83.6822780556,67.0,10.0399999619,1574.0,17.6470584869,,,,,,,,,0.78125,-0.78125,1.5625,3.125
88.7079969352,156,1175,156700,42.2895947222,-83.6822780556,67.0,10.0399999619,1574.0,17.6470584869,,,,,,,,,-5.46875,1.5625,1.5625,3.125
88.7079969352,156,1175,157900,42.2895947222,-83.6822780556,66.0,4.21000003815,1278.0,17.6470584869,,,,,,,,,-5.46875,1.5625,1.5625,3.125
88.7079969352,156,1175,159000,42.2890794444,-83.6822627778,66.0,4.21000003815,1278.0,17.6470584869,,,,,,,,,-5.46875,1.5625,1.5625,3.125
88.7079969352,156,1175,159900,42.2890794444,-83.6822627778,66.0,4.19999980927,1192.0,17.6470584869,,,,,,,,,-5.46875,1.5625,1.5625,3.125
88.7079969352,156,1175,160900,42.2890794444,-83.6822627778,66.0,4.19999980927,1192.0,23.5294113159,,,,,,,,,-5.46875,1.5625,1.5625,3.125
88.7079969352,156,1175,162000,42.2890794444,-83.6822627778,65.0,17.5400009155,1563.0,23.5294113159,,,,,,,,,-17.1875,-17.96875,1.5625,3.125
88.7079969352,156,1175,162200,42.2890794444,-83.6822627778,65.0,17.5400009155,1563.0,23.5294113159,,,,,,,,,-17.1875,-17.96875,-0.78125,1.5625
88.7079969352,156,1175,163000,42.2884327778,-83.6823352778,65.0,17.5400009155,1563.0,23.5294113159,,,,,,,,,-17.1875,-17.96875,-0.78125,1.5625
88.7079969352,156,1175,163100,42.2884327778,-83.6823352778,64.0,17.5400009155,1563.0,23.5294113159,,,,,,,,,-17.1875,-17.96875,-0.78125,1.5625
88.7079969352,156,1175,164100,42.2884327778,-83.6823352778,64.0,10.5699996948,1464.0,23.5294113159,,,,,,,,,-17.1875,-17.96875,-0.78125,1.5625
88.7079969352,156,1175,165200,42.2884327778,-83.6823352778,63.0,10.5699996948,1464.0,23.5294113159,,,,,,,,,-17.1875,-17.96875,-0.78125,1.5625
88.7079969352,156,1175,166000,42.2879738889,-83.6823722222,63.0,10.5699996948,1464.0,23.5294113159,,,,,,,,,-17.1875,-17.96875,-0.78125,1.5625
88.7079969352,156,1175,166200,42.2879738889,-83.6823722222,62.0,9.81999969482,1419.0,20.0,,,,,,,,,-17.1875,-17.96875,-0.78125,1.5625
88.7079969352,156,1175,167200,42.2879738889,-83.6823722222,61.0,9.81999969482,1419.0,20.0,,,,,,,,,1.5625,-2.34375,-0.78125,1.5625
88.7079969352,156,1175,168300,42.2879738889,-83.6823722222,62.0,8.85000038147,1402.0,20.0,,,,,,,,,1.5625,-2.34375,-0.78125,1.5625
88.7079969352,156,1175,169100,42.2875169444,-83.6823594444,62.0,8.85000038147,1402.0,20.0,,,,,,,,,1.5625,-2.34375,-0.78125,1.5625
88.7079969352,156,1175,169300,42.2875169444,-83.6823594444,60.0,8.85000038147,1402.0,20.0,,,,,,,,,1.5625,-2.34375,-0.78125,1.5625
88.7079969352,156,1175,170400,42.2875169444,-83.6823594444,60.0,9.84000015259,1378.0,20.0,,,,,,,,,1.5625,-2.34375,-0.78125,1.5625
88.7079969352,156,1175,171400,42.2875169444,-83.6823594444,60.0,9.84000015259,1378.0,25.882352829,,,,,,,,,1.5625,-2.34375,-0.78125,1.5625
88.7079969352,156,1175,172100,42.2870536111,-83.6822786111,60.0,9.84000015259,1378.0,25.882352829,,,,,,,,,1.5625,-2.34375,-0.78125,1.5625
88.7079969352,156,1175,172400,42.2870536111,-83.6822786111,59.0,14.6999998093,1467.0,25.882352829,,,,,,,,,3.125,-2.34375,-0.78125,1.5625
88.7079969352,156,1175,172500,42.2870536111,-83.6822786111,59.0,14.6999998093,1467.0,25.882352829,,,,,,,,,3.125,-4.6875,-0.78125,1.5625
88.7079969352,156,1175,174500,42.2870536111,-83.6822786111,59.0,15.0699996948,1482.0,25.882352829,,,,,,,,,3.125,-4.6875,-0.78125,1.5625
88.7079969352,156,1175,175000,42.286595,-83.6821925,59.0,15.0699996948,1482.0,25.882352829,,,,,,,,,3.125,-4.6875,-0.78125,1.5625
88.7079969352,156,1175,175600,42.286595,-83.6821925,60.0,15.0699996948,1482.0,25.882352829,,,,,,,,,3.125,-4.6875,-0.78125,1.5625
88.7079969352,156,1175,176600,42.286595,-83.6821925,62.0,9.61999988556,1417.0,19.2156867981,,,,,,,,,3.125,-4.6875,-0.78125,1.5625
88.7079969352,156,1175,177600,42.286595,-83.6821925,60.0,9.61999988556,1417.0,19.2156867981,,,,,,,,,-3.125,2.34375,-0.78125,1.5625
88.7079969352,156,1175,178000,42.286125,-83.6821616667,60.0,9.61999988556,1417.0,19.2156867981,,,,,,,,,-3.125,2.34375,-0.78125,1.5625
88.7079969352,156,1175,178700,42.286125,-83.6821616667,61.0,4.19999980927,1335.0,19.2156867981,,,,,,,,,-3.125,2.34375,-0.78125,1.5625
88.7079969352,156,1175,180800,42.286125,-83.6821616667,60.0,4.09999990463,1119.0,19.2156867981,,,,,,,,,-3.125,2.34375,-0.78125,1.5625
88.7079969352,156,1175,181100,42.2856716667,-83.6821375,60.0,4.09999990463,1119.0,19.2156867981,,,,,,,,,-3.125,2.34375,-0.78125,1.5625
88.7079969352,156,1175,181800,42.2856716667,-83.6821375,59.0,4.09999990463,1119.0,10.5882358551,,,,,,,,,-3.125,2.34375,-0.78125,1.5625
88.7079969352,156,1175,182700,42.2856716667,-83.6821375,59.0,4.13999986649,1114.0,10.5882358551,,,,,,,,,-2.34375,-14.84375,-0.78125,1.5625
88.7079969352,156,1175,183300,42.2856716667,-83.6821375,58.0,4.13999986649,1114.0,10.5882358551,,,,,,,,,-2.34375,-14.84375,-0.78125,1.5625
88.7079969352,156,1175,184100,42.2852133333,-83.6820877778,58.0,4.13999986649,1114.0,10.5882358551,,,,,,,,,-2.34375,-14.84375,-0.78125,1.5625
88.7079969352,156,1175,184400,42.2852133333,-83.6820877778,59.0,4.13999986649,1114.0,10.5882358551,,,,,,,,,-2.34375,-14.84375,-0.78125,1.5625
88.7079969352,156,1175,184700,42.2852133333,-83.6820877778,59.0,4.13999986649,1120.0,10.5882358551,,,,,,,,,-2.34375,-14.84375,-0.78125,1.5625
88.7079969352,156,1175,185400,42.2852133333,-83.6820877778,58.0,4.13999986649,1120.0,10.5882358551,,,,,,,,,-2.34375,-14.84375,-0.78125,1.5625
88.7079969352,156,1175,186700,42.2852133333,-83.6820877778,58.0,4.11999988556,1101.0,10.5882358551,,,,,,,,,-2.34375,-14.84375,-0.78125,1.5625
88.7079969352,156,1175,187000,42.2847880556,-83.6820733333,58.0,4.11999988556,1101.0,10.5882358551,,,,,,,,,-2.34375,-14.84375,-0.78125,1.5625
88.7079969352,156,1175,187500,42.2847880556,-83.6820733333,60.0,4.11999988556,1101.0,10.5882358551,,,,,,,,,-2.34375,-14.84375,-0.78125,1.5625
88.7079969352,156,1175,187700,42.2847880556,-83.6820733333,60.0,4.11999988556,1101.0,10.5882358551,,,,,,,,,-10.15625,-8.59375,-0.78125,1.5625
88.7079969352,156,1175,188600,42.2847880556,-83.6820733333,59.0,4.11999988556,1101.0,10.5882358551,,,,,,,,,-10.15625,-8.59375,-0.78125,1.5625
88.7079969352,156,1175,188800,42.2847880556,-83.6820733333,59.0,4.13999986649,1103.0,10.5882358551,,,,,,,,,-10.15625,-8.59375,-0.78125,1.5625
88.7079969352,156,1175,189700,42.2847880556,-83.6820733333,58.0,4.13999986649,1103.0,10.5882358551,,,,,,,,,-10.15625,-8.59375,-0.78125,1.5625
88.7079969352,156,1175,190100,42.2843438889,-83.6820455556,58.0,4.13999986649,1103.0,10.5882358551,,,,,,,,,-10.15625,-8.59375,-0.78125,1.5625
88.7079969352,156,1175,190800,42.2843438889,-83.6820455556,58.0,17.0900001526,1416.0,10.5882358551,,,,,,,,,-10.15625,-8.59375,-0.78125,1.5625
88.7079969352,156,1175,191900,42.2843438889,-83.6820455556,57.0,17.0900001526,1416.0,14.117647171,,,,,,,,,-10.15625,-8.59375,-0.78125,1.5625
88.7079969352,156,1175,192200,42.2843438889,-83.6820455556,57.0,17.0900001526,1416.0,14.117647171,,,,,,,,,-10.15625,-8.59375,1.5625,3.125
88.7079969352,156,1175,192900,42.2843438889,-83.6820455556,58.0,5.67999982834,1274.0,14.117647171,,,,,,,,,-8.59375,-3.90625,1.5625,3.125
88.7079969352,156,1175,194000,42.2837569444,-83.6820166667,57.0,5.67999982834,1274.0,14.117647171,,,,,,,,,-8.59375,-3.90625,1.5625,3.125
88.7079969352,156,1175,195000,42.2837569444,-83.6820166667,57.0,5.61999988556,1210.0,14.117647171,,,,,,,,,-8.59375,-3.90625,1.5625,3.125
88.7079969352,156,1175,196000,42.2837569444,-83.6820166667,56.0,5.61999988556,1210.0,14.117647171,,,,,,,,,-8.59375,-3.90625,1.5625,3.125
88.7079969352,156,1175,197100,42.2833080556,-83.6819897222,55.0,4.71000003815,1165.0,11.372549057,,,,,,,,,-8.59375,-3.90625,1.5625,3.125
88.7079969352,156,1175,198100,42.2833080556,-83.6819897222,55.0,4.71000003815,1165.0,11.372549057,,,,,,,,,-4.6875,-7.03125,1.5625,3.125
88.7079969352,156,1175,199200,42.2833080556,-83.6819897222,54.0,4.17999982834,1051.0,11.372549057,,,,,,,,,-4.6875,-7.03125,1.5625,3.125
88.7079969352,156,1175,200100,42.2828719444,-83.681955,54.0,4.17999982834,1051.0,11.372549057,,,,,,,,,-4.6875,-7.03125,1.5625,3.125
88.7079969352,156,1175,200200,42.2828719444,-83.681955,53.0,4.17999982834,1051.0,11.372549057,,,,,,,,,-4.6875,-7.03125,1.5625,3.125
88.7079969352,156,1175,201200,42.2828719444,-83.681955,53.0,4.15000009537,1063.0,11.372549057,,,,,,,,,-4.6875,-7.03125,1.5625,3.125
88.7079969352,156,1175,202300,42.2828719444,-83.681955,55.0,4.15000009537,1063.0,10.9803924561,,,,,,,,,-4.6875,-7.03125,1.5625,3.125
88.7079969352,156,1175,203000,42.2824541667,-83.6819022222,55.0,4.15000009537,1063.0,10.9803924561,,,,,,,,,-4.6875,-7.03125,1.5625,3.125
88.7079969352,156,1175,203300,42.2824541667,-83.6819022222,55.0,4.17999982834,1072.0,10.9803924561,,,,,,,,,-8.59375,-8.59375,1.5625,3.125
88.7079969352,156,1175,205400,42.2824541667,-83.6819022222,56.0,4.19999980927,1093.0,10.9803924561,,,,,,,,,-8.59375,-8.59375,1.5625,3.125
88.7079969352,156,1175,206000,42.2820244444,-83.6818625,56.0,4.19999980927,1093.0,10.9803924561,,,,,,,,,-8.59375,-8.59375,1.5625,3.125
88.7079969352,156,1175,207500,42.2820244444,-83.6818625,55.0,9.53999996185,1296.0,22.745098114,,,,,,,,,-8.59375,-8.59375,1.5625,3.125
88.7079969352,156,1175,208500,42.2820244444,-83.6818625,57.0,9.53999996185,1296.0,22.745098114,,,,,,,,,-8.59375,-4.6875,1.5625,3.125
88.7079969352,156,1175,209100,42.2816158333,-83.6818011111,57.0,9.53999996185,1296.0,22.745098114,,,,,,,,,-8.59375,-4.6875,1.5625,3.125
88.7079969352,156,1175,209600,42.2816158333,-83.6818011111,55.0,21.5599994659,1510.0,22.745098114,,,,,,,,,-8.59375,-4.6875,1.5625,3.125
88.7079969352,156,1175,210600,42.2816158333,-83.6818011111,54.0,21.5599994659,1510.0,22.745098114,,,,,,,,,-8.59375,-4.6875,1.5625,3.125
88.7079969352,156,1175,211600,42.2816158333,-83.6818011111,54.0,29.0100002289,1753.0,22.745098114,,,,,,,,,-8.59375,-4.6875,1.5625,3.125
88.7079969352,156,1175,212100,42.2812211111,-83.6817763889,54.0,29.0100002289,1753.0,22.745098114,,,,,,,,,-8.59375,-4.6875,1.5625,3.125
88.7079969352,156,1175,212700,42.2812211111,-83.6817763889,53.0,29.0100002289,1753.0,37.6470603943,,,,,,,,,-8.59375,-4.6875,1.5625,3.125
88.7079969352,156,1175,213700,42.2812211111,-83.6817763889,52.0,28.1800003052,1742.0,37.6470603943,,,,,,,,,3.125,-2.34375,1.5625,3.125
88.7079969352,156,1175,215000,42.2808261111,-83.6817505556,52.0,28.1800003052,1742.0,37.6470603943,,,,,,,,,3.125,-2.34375,1.5625,3.125
88.7079969352,156,1175,215800,42.2808261111,-83.6817505556,52.0,30.3899993896,1786.0,37.6470603943,,,,,,,,,3.125,-2.34375,1.5625,3.125
88.7079969352,156,1175,217900,42.2808261111,-83.6817505556,54.0,9.97999954224,1321.0,22.3529415131,,,,,,,,,3.125,-2.34375,1.5625,3.125
88.7079969352,156,1175,218000,42.2804291667,-83.6817469444,54.0,9.97999954224,1321.0,22.3529415131,,,,,,,,,3.125,-2.34375,1.5625,3.125
88.7079969352,156,1175,218900,42.2804291667,-83.6817469444,53.0,9.97999954224,1321.0,22.3529415131,,,,,,,,,3.125,-1.5625,1.5625,3.125
88.7079969352,156,1175,220000,42.2804291667,-83.6817469444,52.0,24.5599994659,1627.0,22.3529415131,,,,,,,,,3.125,-1.5625,1.5625,3.125
88.7079969352,156,1175,221000,42.2804291667,-83.6817469444,51.0,24.5599994659,1627.0,22.3529415131,,,,,,,,,3.125,-1.5625,1.5625,3.125
88.7079969352,156,1175,221100,42.2800533333,-83.6817894444,51.0,24.5599994659,1627.0,22.3529415131,,,,,,,,,3.125,-1.5625,1.5625,3.125
88.7079969352,156,1175,222000,42.2800533333,-83.6817894444,53.0,23.7000007629,1635.0,22.3529415131,,,,,,,,,3.125,-1.5625,1.5625,3.125
88.7079969352,156,1175,222300,42.2800533333,-83.6817894444,53.0,23.7000007629,1635.0,22.3529415131,,,,,,,,,3.125,-1.5625,-2.34375,0.78125
88.7079969352,156,1175,223100,42.2800533333,-83.6817894444,51.0,23.7000007629,1635.0,39.6078453064,,,,,,,,,3.125,-1.5625,-2.34375,0.78125
88.7079969352,156,1175,224400,42.2800533333,-83.6817894444,52.0,13.2600002289,1447.0,39.6078453064,,,,,,,,,-2.34375,-0.78125,-2.34375,0.78125
88.7079969352,156,1175,225100,42.2795938889,-83.6819525,52.0,13.2600002289,1447.0,39.6078453064,,,,,,,,,-2.34375,-0.78125,-2.34375,0.78125
88.7079969352,156,1175,226400,42.2795938889,-83.6819525,52.0,4.40000009537,1207.0,39.6078453064,,,,,,,,,-2.34375,-0.78125,-2.34375,0.78125
88.7079969352,156,1175,227500,42.2795938889,-83.6819525,54.0,4.40000009537,1207.0,39.6078453064,,,,,,,,,-2.34375,-0.78125,-2.34375,0.78125
88.7079969352,156,1175,228100,42.2792013889,-83.6819744444,54.0,4.40000009537,1207.0,39.6078453064,,,,,,,,,-2.34375,-0.78125,-2.34375,0.78125
88.7079969352,156,1175,228400,42.2792013889,-83.6819744444,54.0,4.13999986649,1060.0,10.9803924561,,,,,,,,,-2.34375,-0.78125,-2.34375,0.78125
88.7079969352,156,1175,228500,42.2792013889,-83.6819744444,55.0,4.13999986649,1060.0,10.9803924561,,,,,,,,,-2.34375,-0.78125,-2.34375,0.78125
88.7079969352,156,1175,229500,42.2792013889,-83.6819744444,56.0,4.13999986649,1060.0,10.9803924561,,,,,,,,,-5.46875,-18.75,-2.34375,0.78125
88.7079969352,156,1175,230500,42.2792013889,-83.6819744444,56.0,4.09000015259,1101.0,10.9803924561,,,,,,,,,-5.46875,-18.75,-2.34375,0.78125
88.7079969352,156,1175,230600,42.2792013889,-83.6819744444,57.0,4.09000015259,1101.0,10.9803924561,,,,,,,,,-5.46875,-18.75,-2.34375,0.78125
88.7079969352,156,1175,231100,42.2788269444,-83.681965,57.0,4.09000015259,1101.0,10.9803924561,,,,,,,,,-5.46875,-18.75,-2.34375,0.78125
88.7079969352,156,1175,231600,42.2788269444,-83.681965,56.0,4.09000015259,1101.0,10.9803924561,,,,,,,,,-5.46875,-18.75,-2.34375,0.78125
88.7079969352,156,1175,232600,42.2788269444,-83.681965,56.0,4.05999994278,1132.0,10.9803924561,,,,,,,,,-5.46875,-18.75,-2.34375,0.78125
88.7079969352,156,1175,232700,42.2788269444,-83.681965,58.0,4.05999994278,1132.0,10.9803924561,,,,,,,,,-5.46875,-18.75,-2.34375,0.78125
88.7079969352,156,1175,233600,42.2788269444,-83.681965,58.0,4.05999994278,1132.0,10.1960783005,,,,,,,,,-5.46875,-18.75,-2.34375,0.78125
88.7079969352,156,1175,233700,42.2788269444,-83.681965,60.0,4.05999994278,1132.0,10.1960783005,,,,,,,,,-5.46875,-18.75,-2.34375,0.78125
88.7079969352,156,1175,234100,42.2783680556,-83.6819194444,60.0,4.05999994278,1132.0,10.1960783005,,,,,,,,,-5.46875,-18.75,-2.34375,0.78125
88.7079969352,156,1175,234700,42.2783680556,-83.6819194444,60.0,4.23000001907,1147.0,10.1960783005,,,,,,,,,-10.15625,-8.59375,-2.34375,0.78125
88.7079969352,156,1175,235800,42.2783680556,-83.6819194444,61.0,4.23000001907,1147.0,10.1960783005,,,,,,,,,-10.15625,-8.59375,-2.34375,0.78125
88.7079969352,156,1175,236800,42.2783680556,-83.6819194444,62.0,5.76000022888,1313.0,10.1960783005,,,,,,,,,-10.15625,-8.59375,-2.34375,0.78125
88.7079969352,156,1175,237000,42.2778458333,-83.6818916667,62.0,5.76000022888,1313.0,10.1960783005,,,,,,,,,-10.15625,-8.59375,-2.34375,0.78125
88.7079969352,156,1175,238800,42.2778458333,-83.6818916667,62.0,5.65000009537,1296.0,12.5490198135,,,,,,,,,-10.15625,-8.59375,-2.34375,0.78125
88.7079969352,156,1175,239900,42.2778458333,-83.6818916667,62.0,5.65000009537,1296.0,12.5490198135,,,,,,,,,-3.90625,-9.375,-2.34375,0.78125
88.7079969352,156,1175,240000,42.2773811111,-83.6819222222,62.0,5.65000009537,1296.0,12.5490198135,,,,,,,,,-3.90625,-9.375,-2.34375,0.78125
88.7079969352,156,1175,240900,42.2773811111,-83.6819222222,62.0,5.42999982834,1257.0,12.5490198135,,,,,,,,,-3.90625,-9.375,-2.34375,0.78125
88.7079969352,156,1175,242000,42.2773811111,-83.6819222222,61.0,5.42999982834,1257.0,12.5490198135,,,,,,,,,-3.90625,-9.375,-2.34375,0.78125
88.7079969352,156,1175,243100,42.2769177778,-83.6819302778,61.0,5.42999982834,1257.0,12.5490198135,,,,,,,,,-3.90625,-9.375,-2.34375,0.78125
88.7079969352,156,1175,243700,42.2769177778,-83.6819302778,60.0,4.13999986649,1103.0,12.5490198135,,,,,,,,,-3.90625,-9.375,-2.34375,0.78125
88.7079969352,156,1175,243900,42.2769177778,-83.6819302778,60.0,4.13999986649,1103.0,10.1960783005,,,,,,,,,-3.90625,-9.375,-2.34375,0.78125
88.7079969352,156,1175,244700,42.2769177778,-83.6819302778,59.0,4.13999986649,1103.0,10.1960783005,,,,,,,,,-3.90625,-9.375,-2.34375,0.78125
88.7079969352,156,1175,244900,42.2769177778,-83.6819302778,59.0,4.13999986649,1103.0,10.1960783005,,,,,,,,,-4.6875,-10.9375,-2.34375,0.78125
88.7079969352,156,1175,245700,42.2769177778,-83.6819302778,59.0,4.15000009537,1102.0,10.1960783005,,,,,,,,,-4.6875,-10.9375,-2.34375,0.78125
88.7079969352,156,1175,245800,42.2769177778,-83.6819302778,58.0,4.15000009537,1102.0,10.1960783005,,,,,,,,,-4.6875,-10.9375,-2.34375,0.78125
88.7079969352,156,1175,246100,42.2764569444,-83.6819302778,58.0,4.15000009537,1102.0,10.1960783005,,,,,,,,,-4.6875,-10.9375,-2.34375,0.78125
88.7079969352,156,1175,246800,42.2764569444,-83.6819302778,57.0,4.15000009537,1102.0,10.1960783005,,,,,,,,,-4.6875,-10.9375,-2.34375,0.78125
88.7079969352,156,1175,247700,42.2764569444,-83.6819302778,57.0,4.01000022888,1095.0,10.1960783005,,,,,,,,,-4.6875,-10.9375,-2.34375,0.78125
88.7079969352,156,1175,248900,42.2764569444,-83.6819302778,57.0,4.01000022888,1095.0,10.9803924561,,,,,,,,,-4.6875,-10.9375,-2.34375,0.78125
88.7079969352,156,1175,249700,42.2764569444,-83.6819302778,57.0,4.09999990463,1071.0,10.9803924561,,,,,,,,,-4.6875,-10.9375,-2.34375,0.78125
88.7079969352,156,1175,249900,42.2764569444,-83.6819302778,56.0,4.09999990463,1071.0,10.9803924561,,,,,,,,,-8.59375,-7.03125,-2.34375,0.78125
88.7079969352,156,1175,250000,42.2758927778,-83.6819594444,56.0,4.09999990463,1071.0,10.9803924561,,,,,,,,,-8.59375,-7.03125,-2.34375,0.78125
88.7079969352,156,1175,251000,42.2758927778,-83.6819594444,50.0,4.09999990463,1071.0,10.9803924561,,,,,,,,,-8.59375,-7.03125,-2.34375,0.78125
88.7079969352,156,1175,251800,42.2758927778,-83.6819594444,50.0,4.09000015259,975.0,10.9803924561,,,,,,,,,-8.59375,-7.03125,-2.34375,0.78125
88.7079969352,156,1175,252300,42.2758927778,-83.6819594444,50.0,4.09000015259,975.0,10.9803924561,,,,,,,,,-8.59375,-7.03125,2.34375,3.125
88.7079969352,156,1175,253100,42.2755152778,-83.6819483333,47.0,4.09000015259,975.0,10.9803924561,,,,,,,,,-8.59375,-7.03125,2.34375,3.125
88.7079969352,156,1175,253900,42.2755152778,-83.6819483333,47.0,4.88999986649,1110.0,12.5490198135,,,,,,,,,-8.59375,-7.03125,2.34375,3.125
88.7079969352,156,1175,254100,42.2755152778,-83.6819483333,44.0,4.88999986649,1110.0,12.5490198135,,,,,,,,,-8.59375,-7.03125,2.34375,3.125
88.7079969352,156,1175,255000,42.2755152778,-83.6819483333,44.0,4.88999986649,1110.0,12.5490198135,,,,,,,,,-7.8125,-6.25,2.34375,3.125
88.7079969352,156,1175,255100,42.2755152778,-83.6819483333,41.0,4.88999986649,1110.0,12.5490198135,,,,,,,,,-7.8125,-6.25,2.34375,3.125
88.7079969352,156,1175,256100,42.2751783333,-83.6819136111,41.0,5.01000022888,1123.0,12.5490198135,,,,,,,,,-7.8125,-6.25,2.34375,3.125
88.7079969352,156,1175,256200,42.2751783333,-83.6819136111,38.0,5.01000022888,1123.0,12.5490198135,,,,,,,,,-7.8125,-6.25,2.34375,3.125
88.7079969352,156,1175,257300,42.2751783333,-83.6819136111,35.0,5.01000022888,1123.0,12.5490198135,,,,,,,,,-7.8125,-6.25,2.34375,3.125
88.7079969352,156,1175,258200,42.2751783333,-83.6819136111,35.0,4.09999990463,846.0,12.5490198135,,,,,,,,,-7.8125,-6.25,2.34375,3.125
88.7079969352,156,1175,258300,42.2751783333,-83.6819136111,32.0,4.09999990463,846.0,12.5490198135,,,,,,,,,-7.8125,-6.25,2.34375,3.125
88.7079969352,156,1175,259000,42.2749177778,-83.6818594444,32.0,4.09999990463,846.0,12.5490198135,,,,,,,,,-7.8125,-6.25,2.34375,3.125
88.7079969352,156,1175,259200,42.2749177778,-83.6818594444,32.0,4.09999990463,846.0,14.509803772,,,,,,,,,-7.8125,-6.25,2.34375,3.125
88.7079969352,156,1175,259300,42.2749177778,-83.6818594444,25.0,4.09999990463,846.0,14.509803772,,,,,,,,,-7.8125,-6.25,2.34375,3.125
88.7079969352,156,1175,260300,42.2749177778,-83.6818594444,20.0,4.09999990463,723.0,14.509803772,,,,,,,,,-6.25,-5.46875,2.34375,3.125
88.7079969352,156,1175,261400,42.2749177778,-83.6818594444,13.0,4.09999990463,723.0,14.509803772,,,,,,,,,-6.25,-5.46875,2.34375,3.125
88.7079969352,156,1175,262000,42.2747430556,-83.6816986111,13.0,4.09999990463,723.0,14.509803772,,,,,,,,,-6.25,-5.46875,2.34375,3.125
88.7079969352,156,1175,262400,42.2747430556,-83.6816986111,8.0,3.98000001907,661.0,14.509803772,,,,,,,,,-6.25,-5.46875,2.34375,3.125
88.7079969352,156,1175,263500,42.2747430556,-83.6816986111,3.0,3.98000001907,661.0,14.509803772,,,,,,,,,-6.25,-5.46875,2.34375,3.125
88.7079969352,156,1175,264400,42.2747430556,-83.6816986111,3.0,18.5900001526,1491.0,35.2941169739,,,,,,,,,-6.25,-5.46875,2.34375,3.125
88.7079969352,156,1175,265100,42.2747061111,-83.6816127778,3.0,18.5900001526,1491.0,35.2941169739,,,,,,,,,-6.25,-5.46875,2.34375,3.125
88.7079969352,156,1175,265500,42.2747061111,-83.6816127778,4.0,18.5900001526,1491.0,35.2941169739,,,,,,,,,-3.125,-1.5625,2.34375,3.125
88.7079969352,156,1175,266500,42.2747061111,-83.6816127778,4.0,24.8700008392,1827.0,35.2941169739,,,,,,,,,-3.125,-1.5625,2.34375,3.125
88.7079969352,156,1175,266600,42.2747061111,-83.6816127778,13.0,24.8700008392,1827.0,35.2941169739,,,,,,,,,-3.125,-1.5625,2.34375,3.125
88.7079969352,156,1175,267600,42.2747061111,-83.6816127778,17.0,24.8700008392,1827.0,35.2941169739,,,,,,,,,-3.125,-1.5625,2.34375,3.125
88.7079969352,156,1175,268100,42.2746408333,-83.6816669444,17.0,24.8700008392,1827.0,35.2941169739,,,,,,,,,-3.125,-1.5625,2.34375,3.125
88.7079969352,156,1175,268600,42.2746408333,-83.6816669444,17.0,43.8899993896,2026.0,35.2941169739,,,,,,,,,-3.125,-1.5625,2.34375,3.125
88.7079969352,156,1175,268700,42.2746408333,-83.6816669444,20.0,43.8899993896,2026.0,35.2941169739,,,,,,,,,-3.125,-1.5625,2.34375,3.125
88.7079969352,156,1175,269600,42.2746408333,-83.6816669444,20.0,43.8899993896,2026.0,67.0588226318,,,,,,,,,-3.125,-1.5625,2.34375,3.125
88.7079969352,156,1175,269700,42.2746408333,-83.6816669444,28.0,43.8899993896,2026.0,67.0588226318,,,,,,,,,-3.125,-1.5625,2.34375,3.125
88.7079969352,156,1175,270700,42.2746408333,-83.6816669444,40.0,57.75,2504.0,67.0588226318,,,,,,,,,2.34375,2.34375,2.34375,3.125
88.7079969352,156,1175,271100,42.2747380556,-83.6818025,40.0,57.75,2504.0,67.0588226318,,,,,,,,,2.34375,2.34375,2.34375,3.125
88.7079969352,156,1175,272800,42.2747380556,-83.6818025,45.0,54.6500015259,2488.0,67.0588226318,,,,,,,,,2.34375,2.34375,2.34375,3.125
88.7079969352,156,1175,273900,42.2747380556,-83.6818025,50.0,54.6500015259,2488.0,67.0588226318,,,,,,,,,2.34375,2.34375,2.34375,3.125
88.7079969352,156,1175,274100,42.2748830556,-83.6824113889,50.0,54.6500015259,2488.0,67.0588226318,,,,,,,,,2.34375,2.34375,2.34375,3.125
88.7079969352,156,1175,274800,42.2748830556,-83.6824113889,50.0,34.6399993896,1985.0,52.5490188599,,,,,,,,,2.34375,2.34375,2.34375,3.125
88.7079969352,156,1175,274900,42.2748830556,-83.6824113889,54.0,34.6399993896,1985.0,52.5490188599,,,,,,,,,2.34375,2.34375,2.34375,3.125
88.7079969352,156,1175,275900,42.2748830556,-83.6824113889,56.0,34.6399993896,1985.0,52.5490188599,,,,,,,,,-2.34375,-1.5625,2.34375,3.125
88.7079969352,156,1175,276900,42.2748830556,-83.6824113889,56.0,33.3499984741,1922.0,52.5490188599,,,,,,,,,-2.34375,-1.5625,2.34375,3.125
88.7079969352,156,1175,277000,42.2750788889,-83.6832141667,58.0,33.3499984741,1922.0,52.5490188599,,,,,,,,,-2.34375,-1.5625,2.34375,3.125
88.7079969352,156,1175,278000,42.2750788889,-83.6832141667,61.0,33.3499984741,1922.0,52.5490188599,,,,,,,,,-2.34375,-1.5625,2.34375,3.125
88.7079969352,156,1175,279000,42.2750788889,-83.6832141667,61.0,30.0300006866,1895.0,52.5490188599,,,,,,,,,-2.34375,-1.5625,2.34375,3.125
88.7079969352,156,1175,280000,42.2750788889,-83.6832141667,61.0,30.0300006866,1895.0,47.8431396484,,,,,,,,,-2.34375,-1.5625,2.34375,3.125
88.7079969352,156,1175,280100,42.2750788889,-83.6832141667,63.0,30.0300006866,1895.0,47.8431396484,,,,,,,,,-2.34375,-1.5625,2.34375,3.125
88.7079969352,156,1175,281000,42.2752861111,-83.6840925,63.0,30.0300006866,1895.0,47.8431396484,,,,,,,,,-2.34375,-1.5625,2.34375,3.125
88.7079969352,156,1175,281100,42.2752861111,-83.6840925,65.0,31.9200000763,1974.0,47.8431396484,,,,,,,,,2.34375,-1.5625,2.34375,3.125
88.7079969352,156,1175,282300,42.2752861111,-83.6840925,65.0,31.9200000763,1974.0,47.8431396484,,,,,,,,,2.34375,-1.5625,-2.34375,0.78125
88.7079969352,156,1175,283200,42.2752861111,-83.6840925,65.0,17.0400009155,1583.0,47.8431396484,,,,,,,,,2.34375,-1.5625,-2.34375,0.78125
88.7079969352,156,1175,284000,42.2754841667,-83.6848227778,65.0,17.0400009155,1583.0,47.8431396484,,,,,,,,,2.34375,-1.5625,-2.34375,0.78125
88.7079969352,156,1175,285200,42.2754841667,-83.6848227778,65.0,5.78000020981,1388.0,12.1568632126,,,,,,,,,2.34375,-1.5625,-2.34375,0.78125
88.7079969352,156,1175,286300,42.2754841667,-83.6848227778,64.0,5.78000020981,1388.0,12.1568632126,,,,,,,,,-2.34375,-3.125,-2.34375,0.78125
88.7079969352,156,1175,287100,42.2756466667,-83.6854966667,64.0,5.78000020981,1388.0,12.1568632126,,,,,,,,,-2.34375,-3.125,-2.34375,0.78125
88.7079969352,156,1175,287300,42.2756466667,-83.6854966667,64.0,5.69999980927,1313.0,12.1568632126,,,,,,,,,-2.34375,-3.125,-2.34375,0.78125
88.7079969352,156,1175,287400,42.2756466667,-83.6854966667,65.0,5.69999980927,1313.0,12.1568632126,,,,,,,,,-2.34375,-3.125,-2.34375,0.78125
88.7079969352,156,1175,288400,42.2756466667,-83.6854966667,64.0,5.69999980927,1313.0,12.1568632126,,,,,,,,,-2.34375,-3.125,-2.34375,0.78125
88.7079969352,156,1175,289500,42.2756466667,-83.6854966667,63.0,9.31999969482,1325.0,12.1568632126,,,,,,,,,-2.34375,-3.125,-2.34375,0.78125
88.7079969352,156,1175,290100,42.2758158333,-83.6861419444,63.0,9.31999969482,1325.0,12.1568632126,,,,,,,,,-2.34375,-3.125,-2.34375,0.78125
88.7079969352,156,1175,290600,42.2758158333,-83.6861419444,62.0,9.31999969482,1325.0,30.5882358551,,,,,,,,,-2.34375,-3.125,-2.34375,0.78125
88.7079969352,156,1175,291600,42.2758158333,-83.6861419444,61.0,14.6999998093,1349.0,30.5882358551,,,,,,,,,-8.59375,-2.34375,-2.34375,0.78125
88.7079969352,156,1175,293100,42.2759758333,-83.6867644444,61.0,14.6999998093,1349.0,30.5882358551,,,,,,,,,-8.59375,-2.34375,-2.34375,0.78125
88.7079969352,156,1175,293700,42.2759758333,-83.6867644444,61.0,16.8099994659,1456.0,30.5882358551,,,,,,,,,-8.59375,-2.34375,-2.34375,0.78125
88.7079969352,156,1175,294800,42.2759758333,-83.6867644444,60.0,16.8099994659,1456.0,30.5882358551,,,,,,,,,-8.59375,-2.34375,-2.34375,0.78125
88.7079969352,156,1175,295800,42.2759758333,-83.6867644444,60.0,4.19999980927,1297.0,9.80392169952,,,,,,,,,-8.59375,-2.34375,-2.34375,0.78125
88.7079969352,156,1175,296000,42.2761316667,-83.6873711111,60.0,4.19999980927,1297.0,9.80392169952,,,,,,,,,-8.59375,-2.34375,-2.34375,0.78125
88.7079969352,156,1175,296800,42.2761316667,-83.6873711111,59.0,4.19999980927,1297.0,9.80392169952,,,,,,,,,0.78125,-3.125,-2.34375,0.78125
88.7079969352,156,1175,297900,42.2761316667,-83.6873711111,57.0,4.09999990463,1064.0,9.80392169952,,,,,,,,,0.78125,-3.125,-2.34375,0.78125
88.7079969352,156,1175,298900,42.2761316667,-83.6873711111,55.0,4.09999990463,1064.0,9.80392169952,,,,,,,,,0.78125,-3.125,-2.34375,0.78125
88.7079969352,156,1175,299000,42.2762658333,-83.6879302778,55.0,4.09999990463,1064.0,9.80392169952,,,,,,,,,0.78125,-3.125,-2.34375,0.78125
88.7079969352,156,1175,300000,42.2762658333,-83.6879302778,54.0,4.09000015259,1060.0,9.80392169952,,,,,,,,,0.78125,-3.125,-2.34375,0.78125
88.7079969352,156,1175,301000,42.2762658333,-83.6879302778,53.0,4.09000015259,1060.0,10.9803924561,,,,,,,,,0.78125,-3.125,-2.34375,0.78125
88.7079969352,156,1175,302000,42.2762658333,-83.6879302778,52.0,3.98000001907,1025.0,10.9803924561,,,,,,,,,-9.375,-3.125,-2.34375,0.78125
88.7079969352,156,1175,302100,42.2762658333,-83.6879302778,52.0,3.98000001907,1025.0,10.9803924561,,,,,,,,,-9.375,-10.15625,-2.34375,0.78125
88.7079969352,156,1175,303000,42.2763991667,-83.6886158333,52.0,3.98000001907,1025.0,10.9803924561,,,,,,,,,-9.375,-10.15625,-2.34375,0.78125
88.7079969352,156,1175,303100,42.2763991667,-83.6886158333,51.0,3.98000001907,1025.0,10.9803924561,,,,,,,,,-9.375,-10.15625,-2.34375,0.78125
88.7079969352,156,1175,304800,42.2763991667,-83.6886158333,51.0,4.0,1016.0,10.9803924561,,,,,,,,,-9.375,-10.15625,-2.34375,0.78125
88.7079969352,156,1175,305100,42.2764519444,-83.6889483333,51.0,4.0,1016.0,10.9803924561,,,,,,,,,-9.375,-10.15625,-2.34375,0.78125
88.7079969352,156,1175,306000,42.2764519444,-83.6889483333,51.0,4.0,1016.0,20.7843132019,,,,,,,,,-9.375,-10.15625,-2.34375,0.78125
88.7079969352,156,1175,306800,42.2764519444,-83.6889483333,51.0,4.09000015259,1135.0,20.7843132019,,,,,,,,,-9.375,-10.15625,-2.34375,0.78125
88.7079969352,156,1175,307100,42.2764519444,-83.6889483333,51.0,4.09000015259,1135.0,20.7843132019,,,,,,,,,-1.5625,-0.78125,-2.34375,0.78125
88.7079969352,156,1175,307900,42.2764519444,-83.6889483333,52.0,4.09000015259,1135.0,20.7843132019,,,,,,,,,-1.5625,-0.78125,-2.34375,0.78125
88.7079969352,156,1175,308800,42.2764519444,-83.6889483333,52.0,4.17999982834,1044.0,20.7843132019,,,,,,,,,-1.5625,-0.78125,-2.34375,0.78125
88.7079969352,156,1175,309000,42.2764519444,-83.6889483333,53.0,4.17999982834,1044.0,20.7843132019,,,,,,,,,-1.5625,-0.78125,-2.34375,0.78125
88.7079969352,156,1175,309100,42.2765361111,-83.6896297222,53.0,4.17999982834,1044.0,20.7843132019,,,,,,,,,-1.5625,-0.78125,-2.34375,0.78125
88.7079969352,156,1175,310000,42.2765361111,-83.6896297222,54.0,4.17999982834,1044.0,20.7843132019,,,,,,,,,-1.5625,-0.78125,-2.34375,0.78125
88.7079969352,156,1175,310900,42.2765361111,-83.6896297222,54.0,4.07000017166,1071.0,20.7843132019,,,,,,,,,-1.5625,-0.78125,-2.34375,0.78125
88.7079969352,156,1175,311100,42.2765361111,-83.6896297222,53.0,4.07000017166,1071.0,10.5882358551,,,,,,,,,-1.5625,-0.78125,-2.34375,0.78125
88.7079969352,156,1175,312100,42.2765716667,-83.6901702778,55.0,4.07000017166,1071.0,10.5882358551,,,,,,,,,-7.8125,-7.8125,-2.34375,0.78125
88.7079969352,156,1175,313000,42.2765716667,-83.6901702778,55.0,4.09000015259,1092.0,10.5882358551,,,,,,,,,-7.8125,-7.8125,-2.34375,0.78125
88.7079969352,156,1175,313100,42.2765716667,-83.6901702778,57.0,4.09000015259,1092.0,10.5882358551,,,,,,,,,-7.8125,-7.8125,-2.34375,0.78125
88.7079969352,156,1175,315000,42.2765783333,-83.6907244444,57.0,4.09000015259,1092.0,10.5882358551,,,,,,,,,-7.8125,-7.8125,-2.34375,0.78125
88.7079969352,156,1175,315200,42.2765783333,-83.6907244444,59.0,4.01000022888,1086.0,10.5882358551,,,,,,,,,-7.8125,-7.8125,-2.34375,0.78125
88.7079969352,156,1175,316300,42.2765783333,-83.6907244444,58.0,4.01000022888,1086.0,10.5882358551,,,,,,,,,-7.8125,-7.8125,-2.34375,0.78125
88.7079969352,156,1175,317300,42.2765783333,-83.6907244444,58.0,4.03000020981,1123.0,10.5882358551,,,,,,,,,-6.25,-7.03125,-2.34375,0.78125
88.7079969352,156,1175,318000,42.2765608333,-83.6913522222,58.0,4.03000020981,1123.0,10.5882358551,,,,,,,,,-6.25,-7.03125,-2.34375,0.78125
88.7079969352,156,1175,318400,42.2765608333,-83.6913522222,60.0,4.03000020981,1123.0,10.5882358551,,,,,,,,,-6.25,-7.03125,-2.34375,0.78125
88.7079969352,156,1175,319400,42.2765608333,-83.6913522222,60.0,4.03000020981,1160.0,10.5882358551,,,,,,,,,-6.25,-7.03125,-2.34375,0.78125
88.7079969352,156,1175,321100,42.276545,-83.6919941667,60.0,4.03000020981,1160.0,10.5882358551,,,,,,,,,-6.25,-7.03125,-2.34375,0.78125
88.7079969352,156,1175,321500,42.276545,-83.6919941667,61.0,4.03000020981,1107.0,10.5882358551,,,,,,,,,-6.25,-7.03125,-2.34375,0.78125
88.7079969352,156,1175,322600,42.276545,-83.6919941667,62.0,4.03000020981,1107.0,10.5882358551,,,,,,,,,-7.8125,-7.03125,-2.34375,0.78125
88.7079969352,156,1175,323700,42.276545,-83.6919941667,60.0,4.03999996185,1118.0,10.5882358551,,,,,,,,,-7.8125,-7.03125,-2.34375,0.78125
88.7079969352,156,1175,324100,42.2766086111,-83.6926866667,60.0,4.03999996185,1118.0,10.5882358551,,,,,,,,,-7.8125,-7.03125,-2.34375,0.78125
88.7079969352,156,1175,324800,42.2766086111,-83.6926866667,61.0,4.03999996185,1118.0,10.5882358551,,,,,,,,,-7.8125,-7.03125,-2.34375,0.78125
88.7079969352,156,1175,325800,42.2766086111,-83.6926866667,61.0,4.01000022888,1154.0,10.5882358551,,,,,,,,,-7.8125,-7.03125,-2.34375,0.78125
88.7079969352,156,1175,326800,42.2766086111,-83.6926866667,61.0,4.01000022888,1154.0,9.80392169952,,,,,,,,,-7.8125,-7.03125,-2.34375,0.78125
88.7079969352,156,1175,326900,42.2766086111,-83.6926866667,63.0,4.01000022888,1154.0,9.80392169952,,,,,,,,,-7.8125,-7.03125,-2.34375,0.78125
88.7079969352,156,1175,327000,42.2766552778,-83.6933525,63.0,4.01000022888,1154.0,9.80392169952,,,,,,,,,-7.8125,-7.03125,-2.34375,0.78125
88.7079969352,156,1175,327900,42.2766552778,-83.6933525,64.0,4.05999994278,1173.0,9.80392169952,,,,,,,,,-8.59375,-8.59375,-2.34375,0.78125
88.7079969352,156,1175,330000,42.2766552778,-83.6933525,64.0,4.09000015259,1177.0,9.80392169952,,,,,,,,,-8.59375,-8.59375,-2.34375,0.78125
88.7079969352,156,1175,331000,42.2767044444,-83.694205,64.0,4.09000015259,1177.0,9.80392169952,,,,,,,,,-8.59375,-8.59375,-2.34375,0.78125
88.7079969352,156,1175,331100,42.2767044444,-83.694205,65.0,4.09000015259,1177.0,9.80392169952,,,,,,,,,-8.59375,-8.59375,-2.34375,0.78125
88.7079969352,156,1175,332000,42.2767044444,-83.694205,65.0,5.61999988556,1307.0,12.1568632126,,,,,,,,,-8.59375,-8.59375,-2.34375,0.78125
88.7079969352,156,1175,333100,42.2767044444,-83.694205,64.0,5.61999988556,1307.0,12.1568632126,,,,,,,,,-1.5625,-7.03125,-2.34375,0.78125
88.7079969352,156,1175,334100,42.2767566667,-83.6948225,64.0,5.57000017166,1296.0,12.1568632126,,,,,,,,,-1.5625,-7.03125,-2.34375,0.78125
88.7079969352,156,1175,336200,42.2767566667,-83.6948225,64.0,5.36999988556,1247.0,12.1568632126,,,,,,,,,-1.5625,-7.03125,-2.34375,0.78125
88.7079969352,156,1175,336300,42.2767566667,-83.6948225,63.0,5.36999988556,1247.0,12.1568632126,,,,,,,,,-1.5625,-7.03125,-2.34375,0.78125
88.7079969352,156,1175,337000,42.2768494444,-83.6954569444,63.0,5.36999988556,1247.0,12.1568632126,,,,,,,,,-1.5625,-7.03125,-2.34375,0.78125
88.7079969352,156,1175,337200,42.2768494444,-83.6954569444,63.0,5.36999988556,1247.0,9.80392169952,,,,,,,,,-1.5625,-7.03125,-2.34375,0.78125
88.7079969352,156,1175,338300,42.2768494444,-83.6954569444,62.0,4.34000015259,1128.0,9.80392169952,,,,,,,,,-3.90625,-8.59375,-2.34375,0.78125
88.7079969352,156,1175,339400,42.2768494444,-83.6954569444,60.0,4.34000015259,1128.0,9.80392169952,,,,,,,,,-3.90625,-8.59375,-2.34375,0.78125
88.7079969352,156,1175,340000,42.2769902778,-83.6961247222,60.0,4.34000015259,1128.0,9.80392169952,,,,,,,,,-3.90625,-8.59375,-2.34375,0.78125
88.7079969352,156,1175,340400,42.2769902778,-83.6961247222,59.0,6.94999980927,1319.0,9.80392169952,,,,,,,,,-3.90625,-8.59375,-2.34375,0.78125
88.7079969352,156,1175,342400,42.2769902778,-83.6961247222,59.0,6.53999996185,1289.0,15.6862745285,,,,,,,,,-3.90625,-8.59375,-1.5625,0.78125
88.7079969352,156,1175,342500,42.2769902778,-83.6961247222,58.0,6.53999996185,1289.0,15.6862745285,,,,,,,,,-3.90625,-8.59375,-1.5625,-0.78125
88.7079969352,156,1175,343100,42.2770930556,-83.6967258333,58.0,6.53999996185,1289.0,15.6862745285,,,,,,,,,-3.90625,-8.59375,-1.5625,-0.78125
88.7079969352,156,1175,343500,42.2770930556,-83.6967258333,58.0,6.53999996185,1289.0,15.6862745285,,,,,,,,,-1.5625,-4.6875,-1.5625,-0.78125
88.7079969352,156,1175,344500,42.2770930556,-83.6967258333,58.0,4.17000007629,1067.0,15.6862745285,,,,,,,,,-1.5625,-4.6875,-1.5625,-0.78125
88.7079969352,156,1175,344600,42.2770930556,-83.6967258333,57.0,4.17000007629,1067.0,15.6862745285,,,,,,,,,-1.5625,-4.6875,-1.5625,-0.78125
88.7079969352,156,1175,345600,42.2770930556,-83.6967258333,56.0,4.17000007629,1067.0,15.6862745285,,,,,,,,,-1.5625,-4.6875,-1.5625,-0.78125
88.7079969352,156,1175,346100,42.2772202778,-83.6973127778,56.0,4.17000007629,1067.0,15.6862745285,,,,,,,,,-1.5625,-4.6875,-1.5625,-0.78125
88.7079969352,156,1175,346600,42.2772202778,-83.6973127778,56.0,4.09999990463,918.0,15.6862745285,,,,,,,,,-1.5625,-4.6875,-1.5625,-0.78125
88.7079969352,156,1175,346700,42.2772202778,-83.6973127778,52.0,4.09999990463,918.0,15.6862745285,,,,,,,,,-1.5625,-4.6875,-1.5625,-0.78125
88.7079969352,156,1175,347600,42.2772202778,-83.6973127778,52.0,4.09999990463,918.0,13.3333339691,,,,,,,,,-1.5625,-4.6875,-1.5625,-0.78125
88.7079969352,156,1175,347700,42.2772202778,-83.6973127778,44.0,4.09999990463,918.0,13.3333339691,,,,,,,,,-1.5625,-4.6875,-1.5625,-0.78125
88.7079969352,156,1175,348700,42.2772202778,-83.6973127778,34.0,4.13999986649,693.0,13.3333339691,,,,,,,,,-5.46875,-4.6875,-1.5625,-0.78125
88.7079969352,156,1175,349000,42.2773033333,-83.6975930556,34.0,4.13999986649,693.0,13.3333339691,,,,,,,,,-5.46875,-4.6875,-1.5625,-0.78125
88.7079969352,156,1175,349800,42.2773033333,-83.6975930556,21.0,4.13999986649,693.0,13.3333339691,,,,,,,,,-5.46875,-4.6875,-1.5625,-0.78125
88.7079969352,156,1175,350800,42.2773033333,-83.6975930556,17.0,16.6000003815,1187.0,13.3333339691,,,,,,,,,-5.46875,-4.6875,-1.5625,-0.78125
88.7079969352,156,1175,351900,42.2773033333,-83.6975930556,16.0,16.6000003815,1187.0,13.3333339691,,,,,,,,,-5.46875,-4.6875,-1.5625,-0.78125
88.7079969352,156,1175,352000,42.27733,-83.6977927778,16.0,16.6000003815,1187.0,13.3333339691,,,,,,,,,-5.46875,-4.6875,-1.5625,-0.78125
88.7079969352,156,1175,352800,42.27733,-83.6977927778,16.0,35.5999984741,1927.0,53.3333358765,,,,,,,,,-5.46875,-4.6875,-1.5625,-0.78125
88.7079969352,156,1175,352900,42.27733,-83.6977927778,21.0,35.5999984741,1927.0,53.3333358765,,,,,,,,,-5.46875,-4.6875,-1.5625,-0.78125
88.7079969352,156,1175,353900,42.27733,-83.6977927778,27.0,35.5999984741,1927.0,53.3333358765,,,,,,,,,3.125,-1.5625,-1.5625,-0.78125
88.7079969352,156,1175,354900,42.27733,-83.6977927778,27.0,4.38999986649,1353.0,53.3333358765,,,,,,,,,3.125,-1.5625,-1.5625,-0.78125
88.7079969352,156,1175,355000,42.2773613889,-83.6980538889,29.0,4.38999986649,1353.0,53.3333358765,,,,,,,,,3.125,-1.5625,-1.5625,-0.78125
88.7079969352,156,1175,357100,42.2773613889,-83.6980538889,27.0,4.09999990463,971.0,53.3333358765,,,,,,,,,3.125,-1.5625,-1.5625,-0.78125
88.7079969352,156,1175,358300,42.2773613889,-83.6980538889,22.0,4.09999990463,971.0,14.9019613266,,,,,,,,,3.125,-1.5625,-1.5625,-0.78125
88.7079969352,156,1175,359000,42.2774213889,-83.6983102778,22.0,4.09999990463,971.0,14.9019613266,,,,,,,,,3.125,-1.5625,-1.5625,-0.78125
88.7079969352,156,1175,359400,42.2774213889,-83.6983102778,18.0,3.98000001907,786.0,14.9019613266,,,,,,,,,-7.03125,-5.46875,-1.5625,-0.78125
88.7079969352,156,1175,360400,42.2774213889,-83.6983102778,12.0,3.98000001907,786.0,14.9019613266,,,,,,,,,-7.03125,-5.46875,-1.5625,-0.78125
88.7079969352,156,1175,361400,42.2774213889,-83.6983102778,12.0,4.03000020981,620.0,14.9019613266,,,,,,,,,-7.03125,-5.46875,-1.5625,-0.78125
88.7079969352,156,1175,361500,42.2774213889,-83.6983102778,7.0,4.03000020981,620.0,14.9019613266,,,,,,,,,-7.03125,-5.46875,-1.5625,-0.78125
88.7079969352,156,1175,362000,42.2774386111,-83.6983591667,7.0,4.03000020981,620.0,14.9019613266,,,,,,,,,-7.03125,-5.46875,-1.5625,-0.78125
88.7079969352,156,1175,362500,42.2774386111,-83.6983591667,3.0,4.03000020981,620.0,14.9019613266,,,,,,,,,-7.03125,-5.46875,-1.5625,-0.78125
88.7079969352,156,1175,363500,42.2774386111,-83.6983591667,3.0,4.03999996185,640.0,18.0392150879,,,,,,,,,-7.03125,-5.46875,-1.5625,-0.78125
88.7079969352,156,1175,364500,42.2774386111,-83.6983591667,3.0,4.03999996185,640.0,18.0392150879,,,,,,,,,-3.90625,-3.125,-1.5625,-0.78125
88.7079969352,156,1175,364700,42.2774386111,-83.6983591667,3.0,4.03000020981,635.0,18.0392150879,,,,,,,,,-3.90625,-3.125,-1.5625,-0.78125
88.7079969352,156,1175,365500,42.2774386111,-83.6983591667,3.0,4.03000020981,635.0,18.0392150879,,,,,,,,,-3.90625,-3.125,-1.5625,-0.78125
88.7079969352,156,1175,366100,42.2774386111,-83.6983591667,3.0,4.03000020981,635.0,18.0392150879,,,,,,,,,-2.34375,-2.34375,-1.5625,-0.78125
88.7079969352,156,1175,366300,42.2774386111,-83.6983591667,0.0,4.03000020981,635.0,18.0392150879,,,,,,,,,-2.34375,-2.34375,-1.5625,0.0
88.7079969352,156,1175,367200,42.2774386111,-83.6983591667,0.0,4.03000020981,646.0,18.0392150879,,,,,,,,,-2.34375,-2.34375,-1.5625,0.0
88.7079969352,156,1175,369200,42.2774386111,-83.6983591667,0.0,4.03000020981,643.0,18.0392150879,,,,,,,,,-2.34375,-2.34375,-1.5625,0.0
88.7079969352,156,1175,370300,42.2774386111,-83.6983591667,0.0,3.98000001907,643.0,18.0392150879,,,,,,,,,-2.34375,-2.34375,-1.5625,0.0
88.7079969352,156,1175,371300,42.2774386111,-83.6983591667,0.0,3.98000001907,642.0,18.0392150879,,,,,,,,,-2.34375,-2.34375,-1.5625,0.0
88.7079969352,156,1175,373100,42.2774638889,-83.6983975,0.0,3.98000001907,642.0,18.0392150879,,,,,,,,,-2.34375,-2.34375,-1.5625,0.0
88.7079969352,156,1175,373400,42.2774638889,-83.6983975,0.0,3.98000001907,1453.0,18.0392150879,,,,,,,,,-2.34375,-2.34375,-1.5625,0.0
88.7079969352,156,1175,373700,42.2774638889,-83.6983975,0.0,3.98000001907,1824.0,18.0392150879,,,,,,,,,-2.34375,-2.34375,-1.5625,0.0
88.7079969352,156,1175,373800,42.2774638889,-83.6983975,0.0,32.2599983215,1824.0,18.0392150879,,,,,,,,,-2.34375,-2.34375,-1.5625,0.0
88.7079969352,156,1175,373900,42.2774638889,-83.6983975,0.0,32.2599983215,1824.0,50.5882377625,,,,,,,,,-2.34375,-2.34375,-1.5625,0.0
88.7079969352,156,1175,374400,42.2774638889,-83.6983975,0.0,32.2599983215,1824.0,50.5882377625,,,,,,,,,0.0,-2.34375,-1.5625,0.0
88.7079969352,156,1175,374500,42.2774638889,-83.6983975,0.0,32.2599983215,1824.0,50.5882377625,,,,,,,,,0.0,-0.78125,-1.5625,0.0
88.7079969352,156,1175,374600,42.2774638889,-83.6983975,0.0,32.2599983215,1824.0,50.5882377625,,,,,,,,,0.0,-0.78125,1.5625,0.0
88.7079969352,156,1175,374700,42.2774638889,-83.6983975,14.0,32.2599983215,1824.0,50.5882377625,,,,,,,,,0.0,-0.78125,1.5625,3.125
88.7079969352,156,1175,375700,42.2774638889,-83.6983975,14.0,32.2599983215,2301.0,50.5882377625,,,,,,,,,0.0,-0.78125,1.5625,3.125
88.7079969352,156,1175,375800,42.2774638889,-83.6983975,14.0,39.75,2301.0,50.5882377625,,,,,,,,,0.0,-0.78125,1.5625,3.125
88.7079969352,156,1175,376100,42.2774841667,-83.6985466667,14.0,39.75,2301.0,50.5882377625,,,,,,,,,0.0,-0.78125,1.5625,3.125
88.7079969352,156,1175,376800,42.2774841667,-83.6985466667,21.0,39.75,2301.0,50.5882377625,,,,,,,,,0.0,-0.78125,1.5625,3.125
88.7079969352,156,1175,377700,42.2774841667,-83.6985466667,21.0,39.75,1414.0,50.5882377625,,,,,,,,,0.0,-0.78125,1.5625,3.125
88.7079969352,156,1175,377800,42.2774841667,-83.6985466667,21.0,5.78000020981,1414.0,50.5882377625,,,,,,,,,0.0,-0.78125,1.5625,3.125
88.7079969352,156,1175,377900,42.2774841667,-83.6985466667,24.0,5.78000020981,1414.0,50.5882377625,,,,,,,,,0.0,-0.78125,1.5625,3.125
88.7079969352,156,1175,378900,42.2774841667,-83.6985466667,24.0,5.78000020981,1414.0,29.4117660522,,,,,,,,,0.0,-0.78125,1.5625,3.125
88.7079969352,156,1175,379000,42.2775219444,-83.6988108333,24.0,5.78000020981,1414.0,29.4117660522,,,,,,,,,0.0,-0.78125,1.5625,3.125
88.7079969352,156,1175,379700,42.2775219444,-83.6988108333,24.0,5.78000020981,1252.0,29.4117660522,,,,,,,,,0.0,-0.78125,1.5625,3.125
88.7079969352,156,1175,379800,42.2775219444,-83.6988108333,24.0,11.5399999619,1252.0,29.4117660522,,,,,,,,,0.0,-0.78125,1.5625,3.125
88.7079969352,156,1175,381800,42.2775219444,-83.6988108333,24.0,23.2600002289,1469.0,29.4117660522,,,,,,,,,0.0,-0.78125,1.5625,3.125
88.7079969352,156,1175,382000,42.2774116667,-83.6989938889,24.0,23.2600002289,1469.0,29.4117660522,,,,,,,,,0.0,-0.78125,1.5625,3.125
88.7079969352,156,1175,383100,42.2774116667,-83.6989938889,28.0,23.2600002289,1469.0,29.4117660522,,,,,,,,,0.0,-0.78125,1.5625,3.125
88.7079969352,156,1175,383900,42.2774116667,-83.6989938889,28.0,60.8100013733,2271.0,76.4705886841,,,,,,,,,0.0,-0.78125,1.5625,3.125
88.7079969352,156,1175,384900,42.2774116667,-83.6989938889,28.0,60.8100013733,2271.0,76.4705886841,,,,,,,,,0.78125,0.0,1.5625,3.125
88.7079969352,156,1175,385100,42.2771902778,-83.6989936111,35.0,60.8100013733,2271.0,76.4705886841,,,,,,,,,0.78125,0.0,1.5625,3.125
88.7079969352,156,1175,386000,42.2771902778,-83.6989936111,35.0,69.7300033569,2475.0,76.4705886841,,,,,,,,,0.78125,0.0,1.5625,3.125
88.7079969352,156,1175,386200,42.2771902778,-83.6989936111,41.0,69.7300033569,2475.0,76.4705886841,,,,,,,,,0.78125,0.0,1.5625,3.125
88.7079969352,156,1175,387200,42.2771902778,-83.6989936111,47.0,69.7300033569,2475.0,76.4705886841,,,,,,,,,0.78125,0.0,1.5625,3.125
88.7079969352,156,1175,388000,42.2771902778,-83.6989936111,47.0,68.7099990845,2701.0,76.4705886841,,,,,,,,,0.78125,0.0,1.5625,3.125
88.7079969352,156,1175,388300,42.2771902778,-83.6989936111,52.0,68.7099990845,2701.0,76.4705886841,,,,,,,,,0.78125,0.0,1.5625,3.125
88.7079969352,156,1175,389100,42.2767077778,-83.698875,52.0,68.7099990845,2701.0,56.4705886841,,,,,,,,,0.78125,0.0,1.5625,3.125
88.7079969352,156,1175,389300,42.2767077778,-83.698875,57.0,68.7099990845,2701.0,56.4705886841,,,,,,,,,0.78125,0.0,1.5625,3.125
88.7079969352,156,1175,390300,42.2767077778,-83.698875,57.0,48.3699989319,2389.0,56.4705886841,,,,,,,,,-1.5625,4.6875,1.5625,3.125
88.7079969352,156,1175,390400,42.2767077778,-83.698875,63.0,48.3699989319,2389.0,56.4705886841,,,,,,,,,-1.5625,4.6875,1.5625,3.125
88.7079969352,156,1175,392100,42.2761925,-83.6987844444,63.0,48.3699989319,2389.0,56.4705886841,,,,,,,,,-1.5625,4.6875,1.5625,3.125
88.7079969352,156,1175,392600,42.2761925,-83.6987844444,66.0,41.25,2146.0,56.4705886841,,,,,,,,,-1.5625,4.6875,1.5625,3.125
88.7079969352,156,1175,393600,42.2761925,-83.6987844444,67.0,41.25,2146.0,56.4705886841,,,,,,,,,-1.5625,4.6875,1.5625,3.125
88.7079969352,156,1175,394600,42.2761925,-83.6987844444,67.0,34.3400001526,2098.0,45.0980415344,,,,,,,,,-1.5625,4.6875,1.5625,3.125
88.7079969352,156,1175,394700,42.2761925,-83.6987844444,69.0,34.3400001526,2098.0,45.0980415344,,,,,,,,,-1.5625,4.6875,1.5625,3.125
88.7079969352,156,1175,395000,42.2756666667,-83.6987425,69.0,34.3400001526,2098.0,45.0980415344,,,,,,,,,-1.5625,4.6875,1.5625,3.125
88.7079969352,156,1175,395600,42.2756666667,-83.6987425,69.0,34.3400001526,2098.0,45.0980415344,,,,,,,,,-1.5625,-0.78125,1.5625,3.125
88.7079969352,156,1175,396700,42.2756666667,-83.6987425,70.0,25.5400009155,1732.0,45.0980415344,,,,,,,,,-1.5625,-0.78125,1.5625,3.125
88.7079969352,156,1175,397800,42.2756666667,-83.6987425,69.0,25.5400009155,1732.0,45.0980415344,,,,,,,,,-1.5625,-0.78125,1.5625,3.125
88.7079969352,156,1175,398000,42.27515,-83.6986897222,69.0,25.5400009155,1732.0,45.0980415344,,,,,,,,,-1.5625,-0.78125,1.5625,3.125
88.7079969352,156,1175,398800,42.27515,-83.6986897222,69.0,15.4499998093,1482.0,45.0980415344,,,,,,,,,-1.5625,-0.78125,1.5625,3.125
88.7079969352,156,1175,399800,42.27515,-83.6986897222,69.0,15.4499998093,1482.0,30.9803924561,,,,,,,,,-1.5625,-0.78125,1.5625,3.125
88.7079969352,156,1175,400800,42.27515,-83.6986897222,69.0,16.7099990845,1461.0,30.9803924561,,,,,,,,,0.78125,-3.125,1.5625,3.125
88.7079969352,156,1175,400900,42.27515,-83.6986897222,68.0,16.7099990845,1461.0,30.9803924561,,,,,,,,,0.78125,-3.125,1.5625,3.125
88.7079969352,156,1175,401100,42.2746397222,-83.6986222222,68.0,16.7099990845,1461.0,30.9803924561,,,,,,,,,0.78125,-3.125,1.5625,3.125
88.7079969352,156,1175,401900,42.2746397222,-83.6986222222,67.0,16.7099990845,1461.0,30.9803924561,,,,,,,,,0.78125,-3.125,1.5625,3.125
88.7079969352,156,1175,402900,42.2746397222,-83.6986222222,67.0,24.6800003052,1457.0,30.9803924561,,,,,,,,,0.78125,-3.125,1.5625,3.125
88.7079969352,156,1175,403000,42.2746397222,-83.6986222222,66.0,24.6800003052,1457.0,30.9803924561,,,,,,,,,0.78125,-3.125,1.5625,3.125
88.7079969352,156,1175,404000,42.2746397222,-83.6986222222,68.0,24.6800003052,1457.0,30.9803924561,,,,,,,,,0.78125,-3.125,1.5625,3.125
88.7079969352,156,1175,405000,42.2739638889,-83.6985455556,68.0,24.4799995422,1474.0,46.6666679382,,,,,,,,,0.78125,-3.125,1.5625,3.125
88.7079969352,156,1175,405100,42.2739638889,-83.6985455556,67.0,24.4799995422,1474.0,46.6666679382,,,,,,,,,0.78125,-3.125,1.5625,3.125
88.7079969352,156,1175,406000,42.2739638889,-83.6985455556,67.0,24.4799995422,1474.0,46.6666679382,,,,,,,,,-1.5625,0.0,1.5625,3.125
88.7079969352,156,1175,407100,42.2739638889,-83.6985455556,69.0,7.80999994278,1473.0,46.6666679382,,,,,,,,,-1.5625,0.0,1.5625,3.125
88.7079969352,156,1175,408000,42.27345,-83.6984508333,69.0,7.80999994278,1473.0,46.6666679382,,,,,,,,,-1.5625,0.0,1.5625,3.125
88.7079969352,156,1175,409200,42.27345,-83.6984508333,68.0,9.27999973297,1505.0,46.6666679382,,,,,,,,,-1.5625,0.0,1.5625,3.125
88.7079969352,156,1175,410200,42.27345,-83.6984508333,68.0,9.27999973297,1505.0,9.80392169952,,,,,,,,,-1.5625,0.0,1.5625,3.125
88.7079969352,156,1175,410300,42.27345,-83.6984508333,67.0,9.27999973297,1505.0,9.80392169952,,,,,,,,,-1.5625,0.0,1.5625,3.125
88.7079969352,156,1175,411100,42.2729361111,-83.6983277778,67.0,9.27999973297,1505.0,9.80392169952,,,,,,,,,-1.5625,0.0,1.5625,3.125
88.7079969352,156,1175,411200,42.2729361111,-83.6983277778,67.0,4.82000017166,1373.0,9.80392169952,,,,,,,,,-7.03125,-7.03125,1.5625,3.125
88.7079969352,156,1175,411300,42.2729361111,-83.6983277778,69.0,4.82000017166,1373.0,9.80392169952,,,,,,,,,-7.03125,-7.03125,1.5625,3.125
88.7079969352,156,1175,412300,42.2729361111,-83.6983277778,67.0,4.82000017166,1373.0,9.80392169952,,,,,,,,,-7.03125,-7.03125,1.5625,3.125
88.7079969352,156,1175,413300,42.2729361111,-83.6983277778,67.0,9.27999973297,1523.0,9.80392169952,,,,,,,,,-7.03125,-7.03125,1.5625,3.125
88.7079969352,156,1175,413400,42.2729361111,-83.6983277778,68.0,9.27999973297,1523.0,9.80392169952,,,,,,,,,-7.03125,-7.03125,1.5625,3.125
88.7079969352,156,1175,414100,42.2724383333,-83.6980838889,68.0,9.27999973297,1523.0,9.80392169952,,,,,,,,,-7.03125,-7.03125,1.5625,3.125
88.7079969352,156,1175,414400,42.2724383333,-83.6980838889,67.0,9.27999973297,1523.0,9.80392169952,,,,,,,,,-7.03125,-7.03125,1.5625,3.125
88.7079969352,156,1175,415400,42.2724383333,-83.6980838889,67.0,10.1000003815,1471.0,20.0,,,,,,,,,-7.03125,-7.03125,1.5625,3.125
88.7079969352,156,1175,416400,42.2724383333,-83.6980838889,67.0,10.1000003815,1471.0,20.0,,,,,,,,,0.0,0.0,1.5625,3.125
88.7079969352,156,1175,416500,42.2724383333,-83.6980838889,68.0,10.1000003815,1471.0,20.0,,,,,,,,,0.0,0.0,1.5625,3.125
88.7079969352,156,1175,417000,42.27195,-83.6977616667,68.0,10.1000003815,1471.0,20.0,,,,,,,,,0.0,0.0,1.5625,3.125
88.7079969352,156,1175,417500,42.27195,-83.6977616667,68.0,5.38999986649,1464.0,20.0,,,,,,,,,0.0,0.0,1.5625,3.125
88.7079969352,156,1175,418600,42.27195,-83.6977616667,67.0,5.38999986649,1464.0,20.0,,,,,,,,,0.0,0.0,1.5625,3.125
88.7079969352,156,1175,419600,42.27195,-83.6977616667,67.0,4.92999982834,1408.0,20.0,,,,,,,,,0.0,0.0,1.5625,3.125
88.7079969352,156,1175,420100,42.2714944444,-83.6974463889,67.0,4.92999982834,1408.0,20.0,,,,,,,,,0.0,0.0,1.5625,3.125
88.7079969352,156,1175,420600,42.2714944444,-83.6974463889,67.0,4.92999982834,1408.0,10.1960783005,,,,,,,,,0.0,0.0,1.5625,3.125
88.7079969352,156,1175,420700,42.2714944444,-83.6974463889,66.0,4.92999982834,1408.0,10.1960783005,,,,,,,,,0.0,0.0,1.5625,3.125
88.7079969352,156,1175,421600,42.2714944444,-83.6974463889,66.0,4.55999994278,1313.0,10.1960783005,,,,,,,,,-7.03125,-1.5625,1.5625,3.125
88.7079969352,156,1175,421700,42.2714944444,-83.6974463889,65.0,4.55999994278,1313.0,10.1960783005,,,,,,,,,-7.03125,-1.5625,1.5625,3.125
88.7079969352,156,1175,422800,42.2714944444,-83.6974463889,63.0,4.55999994278,1313.0,10.1960783005,,,,,,,,,-7.03125,-1.5625,1.5625,3.125
88.7079969352,156,1175,423000,42.2710586111,-83.6972358333,63.0,4.55999994278,1313.0,10.1960783005,,,,,,,,,-7.03125,-1.5625,1.5625,3.125
88.7079969352,156,1175,423800,42.2710586111,-83.6972358333,63.0,4.34000015259,1227.0,10.1960783005,,,,,,,,,-7.03125,-1.5625,1.5625,3.125
88.7079969352,156,1175,423900,42.2710586111,-83.6972358333,61.0,4.34000015259,1227.0,10.1960783005,,,,,,,,,-7.03125,-1.5625,1.5625,3.125
88.7079969352,156,1175,424900,42.2710586111,-83.6972358333,60.0,4.34000015259,1227.0,10.1960783005,,,,,,,,,-7.03125,-1.5625,1.5625,3.125
88.7079969352,156,1175,426000,42.2706333333,-83.6971377778,60.0,4.34000015259,1227.0,10.1960783005,,,,,,,,,-7.03125,-1.5625,1.5625,3.125
88.7079969352,156,1175,426600,42.2706333333,-83.6971377778,58.0,13.1999998093,1326.0,29.8039226532,,,,,,,,,-7.03125,-1.5625,1.5625,3.125
88.7079969352,156,1175,426700,42.2706333333,-83.6971377778,58.0,13.1999998093,1326.0,29.8039226532,,,,,,,,,0.0,0.0,1.5625,3.125
88.7079969352,156,1175,427600,42.2706333333,-83.6971377778,53.0,13.1999998093,1326.0,29.8039226532,,,,,,,,,0.0,0.0,1.5625,3.125
88.7079969352,156,1175,428600,42.2706333333,-83.6971377778,53.0,24.8700008392,1643.0,29.8039226532,,,,,,,,,0.0,0.0,1.5625,3.125
88.7079969352,156,1175,429100,42.2702425,-83.6972252778,53.0,24.8700008392,1643.0,29.8039226532,,,,,,,,,0.0,0.0,1.5625,3.125
88.7079969352,156,1175,429700,42.2702425,-83.6972252778,52.0,24.8700008392,1643.0,29.8039226532,,,,,,,,,0.0,0.0,1.5625,3.125
88.7079969352,156,1175,430600,42.2702425,-83.6972252778,52.0,36.0600013733,1875.0,29.8039226532,,,,,,,,,0.0,0.0,1.5625,3.125
88.7079969352,156,1175,430700,42.2702425,-83.6972252778,51.0,36.0600013733,1875.0,29.8039226532,,,,,,,,,0.0,0.0,1.5625,3.125
88.7079969352,156,1175,431600,42.2702425,-83.6972252778,51.0,36.0600013733,1875.0,63.1372566223,,,,,,,,,0.0,0.0,1.5625,3.125
88.7079969352,156,1175,431700,42.2702425,-83.6972252778,51.0,36.0600013733,1875.0,63.1372566223,,,,,,,,,0.78125,1.5625,1.5625,3.125
88.7079969352,156,1175,432100,42.269875,-83.6973508333,51.0,36.0600013733,1875.0,63.1372566223,,,,,,,,,0.78125,1.5625,1.5625,3.125
88.7079969352,156,1175,432600,42.269875,-83.6973508333,51.0,35.5999984741,1914.0,63.1372566223,,,,,,,,,0.78125,1.5625,1.5625,3.125
88.7079969352,156,1175,434700,42.269875,-83.6973508333,51.0,56.8899993896,2273.0,63.1372566223,,,,,,,,,0.78125,1.5625,1.5625,3.125
88.7079969352,156,1175,434900,42.269875,-83.6973508333,53.0,56.8899993896,2273.0,63.1372566223,,,,,,,,,0.78125,1.5625,1.5625,3.125
88.7079969352,156,1175,435000,42.2695016667,-83.6975897222,53.0,56.8899993896,2273.0,63.1372566223,,,,,,,,,0.78125,1.5625,2.34375,2.34375
88.7079969352,156,1175,436800,42.2695016667,-83.6975897222,53.0,60.2799987793,2339.0,72.5490188599,,,,,,,,,0.0,0.78125,2.34375,2.34375
88.7079969352,156,1175,437000,42.2695016667,-83.6975897222,57.0,60.2799987793,2339.0,72.5490188599,,,,,,,,,0.0,0.78125,2.34375,2.34375
88.7079969352,156,1175,438000,42.2695016667,-83.6975897222,59.0,60.2799987793,2339.0,72.5490188599,,,,,,,,,0.0,0.78125,2.34375,2.34375
88.7079969352,156,1175,438100,42.2690794444,-83.6977858333,59.0,60.2799987793,2339.0,72.5490188599,,,,,,,,,0.0,0.78125,2.34375,2.34375
88.7079969352,156,1175,438800,42.2690794444,-83.6977858333,59.0,53.3400001526,2292.0,72.5490188599,,,,,,,,,0.0,0.78125,2.34375,2.34375
88.7079969352,156,1175,440100,42.2690794444,-83.6977858333,63.0,53.3400001526,2292.0,72.5490188599,,,,,,,,,0.0,0.78125,2.34375,2.34375
88.7079969352,156,1175,440900,42.2690794444,-83.6977858333,63.0,49.0600013733,2271.0,72.5490188599,,,,,,,,,0.0,0.78125,2.34375,2.34375
88.7079969352,156,1175,441000,42.2686272222,-83.6978586111,63.0,49.0600013733,2271.0,72.5490188599,,,,,,,,,0.0,0.78125,2.34375,2.34375
88.7079969352,156,1175,442000,42.2686272222,-83.6978586111,63.0,49.0600013733,2271.0,44.3137245178,,,,,,,,,-1.5625,-0.78125,2.34375,2.34375
88.7079969352,156,1175,442200,42.2686272222,-83.6978586111,64.0,49.0600013733,2271.0,44.3137245178,,,,,,,,,-1.5625,-0.78125,2.34375,2.34375
88.7079969352,156,1175,443000,42.2686272222,-83.6978586111,64.0,32.9599990845,2057.0,44.3137245178,,,,,,,,,-1.5625,-0.78125,2.34375,2.34375
88.7079969352,156,1175,444300,42.2686272222,-83.6978586111,63.0,32.9599990845,2057.0,44.3137245178,,,,,,,,,-1.5625,-0.78125,2.34375,2.34375
88.7079969352,156,1175,445000,42.2679711111,-83.6978397222,63.0,32.9599990845,2057.0,44.3137245178,,,,,,,,,-1.5625,-0.78125,2.34375,2.34375
88.7079969352,156,1175,445100,42.2679711111,-83.6978397222,63.0,22.9799995422,1964.0,44.3137245178,,,,,,,,,-1.5625,-0.78125,2.34375,2.34375
88.7079969352,156,1175,445300,42.2679711111,-83.6978397222,64.0,22.9799995422,1964.0,44.3137245178,,,,,,,,,-1.5625,-0.78125,2.34375,2.34375
88.7079969352,156,1175,446300,42.2679711111,-83.6978397222,66.0,22.9799995422,1964.0,44.3137245178,,,,,,,,,-1.5625,-0.78125,2.34375,2.34375
88.7079969352,156,1175,447200,42.2679711111,-83.6978397222,66.0,6.63999986649,1979.0,9.80392169952,,,,,,,,,-3.125,-3.125,2.34375,2.34375
88.7079969352,156,1175,448000,42.2675194444,-83.697655,66.0,6.63999986649,1979.0,9.80392169952,,,,,,,,,-3.125,-3.125,2.34375,2.34375
88.7079969352,156,1175,449200,42.2675194444,-83.697655,66.0,8.69999980927,1494.0,9.80392169952,,,,,,,,,-3.125,-3.125,2.34375,2.34375
88.7079969352,156,1175,450500,42.2675194444,-83.697655,67.0,8.69999980927,1494.0,9.80392169952,,,,,,,,,-3.125,-3.125,2.34375,2.34375
88.7079969352,156,1175,451100,42.2670427778,-83.6973247222,67.0,8.69999980927,1494.0,9.80392169952,,,,,,,,,-3.125,-3.125,2.34375,2.34375
88.7079969352,156,1175,451300,42.2670427778,-83.6973247222,67.0,17.4599990845,1489.0,9.80392169952,,,,,,,,,-3.125,-3.125,2.34375,2.34375
88.7079969352,156,1175,451500,42.2670427778,-83.6973247222,68.0,17.4599990845,1489.0,9.80392169952,,,,,,,,,-3.125,-3.125,2.34375,2.34375
88.7079969352,156,1175,452400,42.2670427778,-83.6973247222,68.0,17.4599990845,1489.0,52.9411773682,,,,,,,,,-11.71875,-9.375,2.34375,2.34375
88.7079969352,156,1175,453400,42.2670427778,-83.6973247222,68.0,20.8700008392,1930.0,52.9411773682,,,,,,,,,-11.71875,-9.375,2.34375,2.34375
88.7079969352,156,1175,454100,42.2665655556,-83.6968552778,68.0,20.8700008392,1930.0,52.9411773682,,,,,,,,,-11.71875,-9.375,2.34375,2.34375
88.7079969352,156,1175,454700,42.2665655556,-83.6968552778,70.0,20.8700008392,1930.0,52.9411773682,,,,,,,,,-11.71875,-9.375,2.34375,2.34375
88.7079969352,156,1175,455500,42.2665655556,-83.6968552778,70.0,6.88999986649,1231.0,52.9411773682,,,,,,,,,-11.71875,-9.375,2.34375,2.34375
88.7079969352,156,1175,455700,42.2665655556,-83.6968552778,69.0,6.88999986649,1231.0,52.9411773682,,,,,,,,,-11.71875,-9.375,2.34375,2.34375
88.7079969352,156,1175,456700,42.2665655556,-83.6968552778,68.0,6.88999986649,1231.0,52.9411773682,,,,,,,,,-11.71875,-9.375,2.34375,2.34375
88.7079969352,156,1175,457000,42.2662072222,-83.6963544444,68.0,6.88999986649,1231.0,52.9411773682,,,,,,,,,-11.71875,-9.375,2.34375,2.34375
88.7079969352,156,1175,457700,42.2662072222,-83.6963544444,68.0,11.2899999619,1254.0,27.8431377411,,,,,,,,,-7.8125,-6.25,2.34375,2.34375
88.7079969352,156,1175,457800,42.2662072222,-83.6963544444,64.0,11.2899999619,1254.0,27.8431377411,,,,,,,,,-7.8125,-6.25,2.34375,2.34375
88.7079969352,156,1175,459800,42.2662072222,-83.6963544444,64.0,21.2299995422,1645.0,27.8431377411,,,,,,,,,-7.8125,-6.25,2.34375,2.34375
88.7079969352,156,1175,460000,42.2659013889,-83.6958711111,64.0,21.2299995422,1645.0,27.8431377411,,,,,,,,,-7.8125,-6.25,2.34375,2.34375
88.7079969352,156,1175,461900,42.2659013889,-83.6958711111,63.0,18.0400009155,1603.0,27.8431377411,,,,,,,,,-7.8125,-6.25,2.34375,2.34375
88.7079969352,156,1175,462900,42.2659013889,-83.6958711111,63.0,18.0400009155,1603.0,42.3529434204,,,,,,,,,0.78125,-3.90625,2.34375,2.34375
88.7079969352,156,1175,463000,42.2655763889,-83.6953361111,65.0,18.0400009155,1603.0,42.3529434204,,,,,,,,,0.78125,-3.90625,2.34375,2.34375
88.7079969352,156,1175,464000,42.2655763889,-83.6953361111,63.0,20.7099990845,1439.0,42.3529434204,,,,,,,,,0.78125,-3.90625,2.34375,2.34375
88.7079969352,156,1175,465000,42.2655763889,-83.6953361111,63.0,20.7099990845,1439.0,42.3529434204,,,,,,,,,0.78125,-3.90625,1.5625,3.125
88.7079969352,156,1175,465100,42.2655763889,-83.6953361111,65.0,20.7099990845,1439.0,42.3529434204,,,,,,,,,0.78125,-3.90625,1.5625,3.125
88.7079969352,156,1175,466000,42.2655763889,-83.6953361111,65.0,9.94999980927,1431.0,42.3529434204,,,,,,,,,0.78125,-3.90625,1.5625,3.125
88.7079969352,156,1175,467000,42.26521,-83.6946019444,65.0,9.94999980927,1431.0,42.3529434204,,,,,,,,,0.78125,-3.90625,1.5625,3.125
88.7079969352,156,1175,468100,42.26521,-83.6946019444,65.0,4.86999988556,1427.0,9.41176509857,,,,,,,,,-2.34375,-1.5625,1.5625,3.125
88.7079969352,156,1175,468200,42.26521,-83.6946019444,67.0,4.86999988556,1427.0,9.41176509857,,,,,,,,,-2.34375,-1.5625,1.5625,3.125
88.7079969352,156,1175,470000,42.265025,-83.694005,67.0,4.86999988556,1427.0,9.41176509857,,,,,,,,,-2.34375,-1.5625,1.5625,3.125
88.7079969352,156,1175,470200,42.265025,-83.694005,67.0,4.90000009537,1428.0,9.41176509857,,,,,,,,,-2.34375,-1.5625,1.5625,3.125
88.7079969352,156,1175,470300,42.265025,-83.694005,69.0,4.90000009537,1428.0,9.41176509857,,,,,,,,,-2.34375,-1.5625,1.5625,3.125
88.7079969352,156,1175,472300,42.265025,-83.694005,69.0,4.92000007629,1453.0,9.41176509857,,,,,,,,,-2.34375,-1.5625,1.5625,3.125
88.7079969352,156,1175,473100,42.2648866667,-83.6933966667,69.0,4.92000007629,1453.0,9.41176509857,,,,,,,,,-2.34375,-1.5625,1.5625,3.125
88.7079969352,156,1175,473300,42.2648866667,-83.6933966667,69.0,4.92000007629,1453.0,9.80392169952,,,,,,,,,0.0,0.0,1.5625,3.125
88.7079969352,156,1175,473400,42.2648866667,-83.6933966667,71.0,4.92000007629,1453.0,9.80392169952,,,,,,,,,0.0,0.0,1.5625,3.125
88.7079969352,156,1175,474400,42.2648866667,-83.6933966667,70.0,4.94999980927,1442.0,9.80392169952,,,,,,,,,0.0,0.0,1.5625,3.125
88.7079969352,156,1175,475500,42.2648866667,-83.6933966667,71.0,4.94999980927,1442.0,9.80392169952,,,,,,,,,0.0,0.0,1.5625,3.125
88.7079969352,156,1175,475900,42.2645194444,-83.6928955556,71.0,4.94999980927,1442.0,9.80392169952,,,,,,,,,0.0,0.0,1.5625,3.125
88.7079969352,156,1175,476400,42.2645194444,-83.6928955556,71.0,4.88999986649,1422.0,9.80392169952,,,,,,,,,0.0,0.0,1.5625,3.125
88.7079969352,156,1175,476500,42.2645194444,-83.6928955556,69.0,4.88999986649,1422.0,9.80392169952,,,,,,,,,0.0,0.0,1.5625,3.125
88.7079969352,156,1175,478500,42.2645194444,-83.6928955556,69.0,4.82000017166,1379.0,9.80392169952,,,,,,,,,0.0,0.0,1.5625,3.125
88.7079969352,156,1175,478600,42.2645194444,-83.6928955556,68.0,4.82000017166,1379.0,9.80392169952,,,,,,,,,0.0,0.0,1.5625,3.125
88.7079969352,156,1175,479000,42.26414,-83.6924377778,68.0,4.82000017166,1379.0,9.80392169952,,,,,,,,,0.0,0.0,1.5625,3.125
88.7079969352,156,1175,479600,42.26414,-83.6924377778,66.0,4.82000017166,1379.0,9.80392169952,,,,,,,,,0.0,0.0,1.5625,3.125
88.7079969352,156,1175,480600,42.26414,-83.6924377778,66.0,4.55999994278,1332.0,9.80392169952,,,,,,,,,0.0,0.0,1.5625,3.125
88.7079969352,156,1175,480700,42.26414,-83.6924377778,65.0,4.55999994278,1332.0,9.80392169952,,,,,,,,,0.0,0.0,1.5625,3.125
88.7079969352,156,1175,481700,42.26414,-83.6924377778,64.0,4.55999994278,1332.0,9.80392169952,,,,,,,,,0.0,0.0,1.5625,3.125
88.7079969352,156,1175,482000,42.2636588889,-83.6922,64.0,4.55999994278,1332.0,9.80392169952,,,,,,,,,0.0,0.0,1.5625,3.125
88.7079969352,156,1175,482700,42.2636588889,-83.6922,63.0,6.71000003815,1317.0,9.80392169952,,,,,,,,,0.0,0.0,1.5625,3.125
88.7079969352,156,1175,483700,42.2636588889,-83.6922,63.0,6.71000003815,1317.0,34.509803772,,,,,,,,,0.0,0.0,1.5625,3.125
88.7079969352,156,1175,484800,42.2636588889,-83.6922,65.0,22.0699996948,1439.0,34.509803772,,,,,,,,,0.0,0.0,1.5625,3.125
88.7079969352,156,1175,485100,42.2630222222,-83.6920458333,65.0,22.0699996948,1439.0,34.509803772,,,,,,,,,0.0,0.0,1.5625,3.125
88.7079969352,156,1175,485900,42.2630222222,-83.6920458333,66.0,22.0699996948,1439.0,34.509803772,,,,,,,,,0.0,0.0,1.5625,3.125
88.7079969352,156,1175,487000,42.2626797222,-83.6921286111,66.0,22.0699996948,1439.0,34.509803772,,,,,,,,,0.0,0.0,1.5625,3.125
88.7079969352,156,1175,487500,42.2626797222,-83.6921286111,66.0,28.8199996948,1825.0,34.509803772,,,,,,,,,0.0,0.0,1.5625,3.125
88.7079969352,156,1175,488600,42.2626797222,-83.6921286111,67.0,28.8199996948,1825.0,34.509803772,,,,,,,,,0.0,0.0,1.5625,3.125
88.7079969352,156,1175,488700,42.2626797222,-83.6921286111,67.0,28.8199996948,1825.0,36.4705886841,,,,,,,,,-1.5625,0.0,1.5625,3.125
88.7079969352,156,1175,488800,42.2626797222,-83.6921286111,67.0,28.8199996948,1825.0,36.4705886841,,,,,,,,,-1.5625,-0.78125,1.5625,3.125
88.7079969352,156,1175,489500,42.2626797222,-83.6921286111,67.0,22.3700008392,1556.0,36.4705886841,,,,,,,,,-1.5625,-0.78125,1.5625,3.125
88.7079969352,156,1175,489700,42.2626797222,-83.6921286111,68.0,22.3700008392,1556.0,36.4705886841,,,,,,,,,-1.5625,-0.78125,1.5625,3.125
88.7079969352,156,1175,490700,42.2626797222,-83.6921286111,67.0,22.3700008392,1556.0,36.4705886841,,,,,,,,,-1.5625,-0.78125,1.5625,3.125
88.7079969352,156,1175,491000,42.2618847222,-83.6922958333,67.0,22.3700008392,1556.0,36.4705886841,,,,,,,,,-1.5625,-0.78125,1.5625,3.125
88.7079969352,156,1175,491900,42.2618847222,-83.6922958333,67.0,31.4500007629,1841.0,36.4705886841,,,,,,,,,-1.5625,-0.78125,1.5625,3.125
88.7079969352,156,1175,492900,42.2618847222,-83.6922958333,68.0,31.4500007629,1841.0,36.4705886841,,,,,,,,,-1.5625,-0.78125,1.5625,3.125
88.7079969352,156,1175,493900,42.2618847222,-83.6922958333,68.0,19.4200000763,1635.0,31.764705658,,,,,,,,,2.34375,-2.34375,1.5625,3.125
88.7079969352,156,1175,494000,42.2613161111,-83.6926336111,68.0,19.4200000763,1635.0,31.764705658,,,,,,,,,2.34375,-2.34375,1.5625,3.125
88.7079969352,156,1175,495000,42.2613161111,-83.6926336111,68.0,19.4200000763,1635.0,31.764705658,,,,,,,,,2.34375,-2.34375,-2.34375,0.0
88.7079969352,156,1175,496000,42.2613161111,-83.6926336111,67.0,5.09000015259,1407.0,31.764705658,,,,,,,,,2.34375,-2.34375,-2.34375,0.0
88.7079969352,156,1175,497100,42.2613161111,-83.6926336111,65.0,5.09000015259,1407.0,31.764705658,,,,,,,,,2.34375,-2.34375,-2.34375,0.0
88.7079969352,156,1175,498100,42.2607,-83.6930116667,63.0,4.59000015259,1279.0,31.764705658,,,,,,,,,2.34375,-2.34375,-2.34375,0.0
88.7079969352,156,1175,499200,42.2607,-83.6930116667,59.0,4.59000015259,1279.0,10.5882358551,,,,,,,,,0.0,0.0,-2.34375,0.0
88.7079969352,156,1175,500200,42.2607,-83.6930116667,57.0,4.13999986649,1091.0,10.5882358551,,,,,,,,,0.0,0.0,-2.34375,0.0
88.7079969352,156,1175,501000,42.2602675,-83.6933002778,57.0,4.13999986649,1091.0,10.5882358551,,,,,,,,,0.0,0.0,-2.34375,0.0
88.7079969352,156,1175,501200,42.2602675,-83.6933002778,53.0,4.13999986649,1091.0,10.5882358551,,,,,,,,,0.0,0.0,-2.34375,0.0
88.7079969352,156,1175,502300,42.2602675,-83.6933002778,52.0,13.8400001526,1633.0,10.5882358551,,,,,,,,,0.0,0.0,-2.34375,0.0
88.7079969352,156,1175,503300,42.2602675,-83.6933002778,51.0,13.8400001526,1633.0,10.5882358551,,,,,,,,,0.0,0.0,-2.34375,0.0
88.7079969352,156,1175,504000,42.2598927778,-83.6935816667,51.0,13.8400001526,1633.0,10.5882358551,,,,,,,,,0.0,0.0,-2.34375,0.0
88.7079969352,156,1175,504400,42.2598927778,-83.6935816667,51.0,24.3400001526,1596.0,43.5294113159,,,,,,,,,0.0,0.0,-2.34375,0.0
88.7079969352,156,1175,505400,42.2598927778,-83.6935816667,52.0,24.3400001526,1596.0,43.5294113159,,,,,,,,,0.0,0.0,-2.34375,0.0
88.7079969352,156,1175,506400,42.2598927778,-83.6935816667,54.0,16.5100002289,1334.0,43.5294113159,,,,,,,,,0.0,0.0,-2.34375,0.0
88.7079969352,156,1175,507100,42.2595094444,-83.6938591667,54.0,16.5100002289,1334.0,43.5294113159,,,,,,,,,0.0,0.0,-2.34375,0.0
88.7079969352,156,1175,507500,42.2595094444,-83.6938591667,55.0,16.5100002289,1334.0,43.5294113159,,,,,,,,,0.0,0.0,-2.34375,0.0
88.7079969352,156,1175,508500,42.2595094444,-83.6938591667,58.0,21.8199996948,1695.0,43.5294113159,,,,,,,,,0.0,0.0,-2.34375,0.0
88.7079969352,156,1175,509600,42.2595094444,-83.6938591667,60.0,21.8199996948,1695.0,31.372549057,,,,,,,,,0.78125,2.34375,-2.34375,0.0
88.7079969352,156,1175,509900,42.2590141667,-83.6940141667,60.0,21.8199996948,1695.0,31.372549057,,,,,,,,,0.78125,2.34375,-2.34375,0.0
88.7079969352,156,1175,510600,42.2590141667,-83.6940141667,60.0,14.0600004196,1360.0,31.372549057,,,,,,,,,0.78125,2.34375,-2.34375,0.0
88.7079969352,156,1175,511600,42.2590141667,-83.6940141667,62.0,14.0600004196,1360.0,31.372549057,,,,,,,,,0.78125,2.34375,-2.34375,0.0
88.7079969352,156,1175,512700,42.2590141667,-83.6940141667,60.0,16.3199996948,1322.0,31.372549057,,,,,,,,,0.78125,2.34375,-2.34375,0.0
88.7079969352,156,1175,513000,42.2586019444,-83.6943091667,60.0,16.3199996948,1322.0,31.372549057,,,,,,,,,0.78125,2.34375,-2.34375,0.0
88.7079969352,156,1175,513700,42.2586019444,-83.6943091667,61.0,16.3199996948,1322.0,31.372549057,,,,,,,,,0.78125,2.34375,-2.34375,0.0
88.7079969352,156,1175,514800,42.2586019444,-83.6943091667,60.0,12.9799995422,1294.0,28.627450943,,,,,,,,,6.25,0.0,-2.34375,0.0
88.7079969352,156,1175,516100,42.2583147222,-83.6947238889,60.0,12.9799995422,1294.0,28.627450943,,,,,,,,,6.25,0.0,-2.34375,0.0
88.7079969352,156,1175,516800,42.2583147222,-83.6947238889,59.0,3.98000001907,1233.0,28.627450943,,,,,,,,,6.25,0.0,-2.34375,0.0
88.7079969352,156,1175,517900,42.2583147222,-83.6947238889,57.0,3.98000001907,1233.0,28.627450943,,,,,,,,,6.25,0.0,-2.34375,0.0
88.7079969352,156,1175,518900,42.2583147222,-83.6947238889,56.0,4.13999986649,1117.0,28.627450943,,,,,,,,,6.25,0.0,-2.34375,0.0
88.7079969352,156,1175,519000,42.2580258333,-83.6950275,56.0,4.13999986649,1117.0,28.627450943,,,,,,,,,6.25,0.0,-2.34375,0.0
88.7079969352,156,1175,520000,42.2580258333,-83.6950275,54.0,4.13999986649,1117.0,10.9803924561,,,,,,,,,0.0,0.0,-2.34375,0.0
88.7079969352,156,1175,521000,42.2580258333,-83.6950275,52.0,3.90000009537,1009.0,10.9803924561,,,,,,,,,0.0,0.0,-2.34375,0.0
88.7079969352,156,1175,522000,42.2580258333,-83.6950275,50.0,3.90000009537,1009.0,10.9803924561,,,,,,,,,0.0,0.0,-2.34375,0.0
88.7079969352,156,1175,523100,42.2576277778,-83.6952975,47.0,5.28999996185,1263.0,10.9803924561,,,,,,,,,0.0,0.0,-2.34375,0.0
88.7079969352,156,1175,524300,42.2576277778,-83.6952975,42.0,5.28999996185,1263.0,10.9803924561,,,,,,,,,0.0,0.0,-2.34375,0.0
88.7079969352,156,1175,525500,42.2576277778,-83.6952975,37.0,4.48000001907,967.0,13.7254905701,,,,,,,,,0.0,0.0,-1.5625,-0.78125
88.7079969352,156,1175,526100,42.2573591667,-83.6953458333,37.0,4.48000001907,967.0,13.7254905701,,,,,,,,,0.0,0.0,-1.5625,-0.78125
88.7079969352,156,1175,526500,42.2573591667,-83.6953458333,34.0,4.48000001907,967.0,13.7254905701,,,,,,,,,0.0,0.0,-1.5625,-0.78125
88.7079969352,156,1175,527500,42.2573591667,-83.6953458333,31.0,3.80999994278,839.0,13.7254905701,,,,,,,,,0.0,0.0,-1.5625,-0.78125
88.7079969352,156,1175,528600,42.2573591667,-83.6953458333,27.0,3.80999994278,839.0,13.7254905701,,,,,,,,,0.0,0.0,-1.5625,-0.78125
88.7079969352,156,1175,529100,42.2572175,-83.6954091667,27.0,3.80999994278,839.0,13.7254905701,,,,,,,,,0.0,0.0,-1.5625,-0.78125
88.7079969352,156,1175,529600,42.2572175,-83.6954091667,20.0,3.75,692.0,13.7254905701,,,,,,,,,0.0,0.0,-1.5625,-0.78125
88.7079969352,156,1175,530600,42.2572175,-83.6954091667,20.0,3.75,692.0,15.2941179276,,,,,,,,,-3.90625,-2.34375,-1.5625,-0.78125
88.7079969352,156,1175,530700,42.2572175,-83.6954091667,14.0,3.75,692.0,15.2941179276,,,,,,,,,-3.90625,-2.34375,-1.5625,-0.78125
88.7079969352,156,1175,531600,42.2572175,-83.6954091667,14.0,3.77999997139,630.0,15.2941179276,,,,,,,,,-3.90625,-2.34375,-1.5625,-0.78125
88.7079969352,156,1175,531700,42.2572175,-83.6954091667,7.0,3.77999997139,630.0,15.2941179276,,,,,,,,,-3.90625,-2.34375,-1.5625,-0.78125
88.7079969352,156,1175,532100,42.2571522222,-83.6954205556,7.0,3.77999997139,630.0,15.2941179276,,,,,,,,,-3.90625,-2.34375,-1.5625,-0.78125
88.7079969352,156,1175,532700,42.2571522222,-83.6954205556,3.0,3.77999997139,630.0,15.2941179276,,,,,,,,,-3.90625,-2.34375,-1.5625,-0.78125
88.7079969352,156,1175,533700,42.2571522222,-83.6954205556,3.0,19.1499996185,1276.0,15.2941179276,,,,,,,,,-3.90625,-2.34375,-1.5625,-0.78125
88.7079969352,156,1175,534800,42.2571522222,-83.6954205556,6.0,19.1499996185,1276.0,15.2941179276,,,,,,,,,-3.90625,-2.34375,-1.5625,-0.78125
88.7079969352,156,1175,535000,42.2571083333,-83.6954441667,6.0,19.1499996185,1276.0,15.2941179276,,,,,,,,,-3.90625,-2.34375,-1.5625,-0.78125
88.7079969352,156,1175,535800,42.2571083333,-83.6954441667,6.0,37.3100013733,2139.0,49.0196075439,,,,,,,,,-0.78125,-1.5625,-1.5625,-0.78125
88.7079969352,156,1175,535900,42.2571083333,-83.6954441667,13.0,37.3100013733,2139.0,49.0196075439,,,,,,,,,-0.78125,-1.5625,-1.5625,-0.78125
88.7079969352,156,1175,536900,42.2571083333,-83.6954441667,20.0,37.3100013733,2139.0,49.0196075439,,,,,,,,,-0.78125,-1.5625,-1.5625,-0.78125
88.7079969352,156,1175,537900,42.2571083333,-83.6954441667,25.0,9.02999973297,1784.0,49.0196075439,,,,,,,,,-0.78125,-1.5625,-1.5625,-0.78125
88.7079969352,156,1175,538100,42.2569761111,-83.6954658333,25.0,9.02999973297,1784.0,49.0196075439,,,,,,,,,-0.78125,-1.5625,-1.5625,-0.78125
88.7079969352,156,1175,539000,42.2569761111,-83.6954658333,29.0,9.02999973297,1784.0,49.0196075439,,,,,,,,,-0.78125,-1.5625,-1.5625,-0.78125
88.7079969352,156,1175,540000,42.2569761111,-83.6954658333,28.0,5.57000017166,1125.0,49.0196075439,,,,,,,,,-0.78125,-1.5625,-1.5625,-0.78125
88.7079969352,156,1175,541000,42.2567805556,-83.6954802778,28.0,5.57000017166,1125.0,14.9019613266,,,,,,,,,-2.34375,-2.34375,-1.5625,-0.78125
88.7079969352,156,1175,541100,42.2567805556,-83.6954802778,26.0,5.57000017166,1125.0,14.9019613266,,,,,,,,,-2.34375,-2.34375,-1.5625,-0.78125
88.7079969352,156,1175,542000,42.2567805556,-83.6954802778,26.0,7.96000003815,1034.0,14.9019613266,,,,,,,,,-2.34375,-2.34375,-1.5625,-0.78125
88.7079969352,156,1175,542100,42.2567805556,-83.6954802778,24.0,7.96000003815,1034.0,14.9019613266,,,,,,,,,-2.34375,-2.34375,-1.5625,-0.78125
88.7079969352,156,1175,543100,42.2567805556,-83.6954802778,23.0,7.96000003815,1034.0,14.9019613266,,,,,,,,,-2.34375,-2.34375,-1.5625,-0.78125
88.7079969352,156,1175,544100,42.2567805556,-83.6954802778,23.0,41.7599983215,2026.0,14.9019613266,,,,,,,,,-2.34375,-2.34375,-1.5625,-0.78125
88.7079969352,156,1175,544200,42.2567805556,-83.6954802778,25.0,41.7599983215,2026.0,14.9019613266,,,,,,,,,-2.34375,-2.34375,-1.5625,-0.78125
88.7079969352,156,1175,545100,42.2566172222,-83.695235,25.0,41.7599983215,2026.0,14.9019613266,,,,,,,,,-2.34375,-2.34375,-1.5625,-0.78125
88.7079969352,156,1175,545200,42.2566172222,-83.695235,31.0,41.7599983215,2026.0,14.9019613266,,,,,,,,,-2.34375,-2.34375,-1.5625,-0.78125
88.7079969352,156,1175,546200,42.2566172222,-83.695235,31.0,46.9799995422,2197.0,61.5686302185,,,,,,,,,3.90625,0.0,-1.5625,-0.78125
88.7079969352,156,1175,546300,42.2566172222,-83.695235,37.0,46.9799995422,2197.0,61.5686302185,,,,,,,,,3.90625,0.0,-1.5625,-0.78125
88.7079969352,156,1175,547300,42.2566172222,-83.695235,41.0,46.9799995422,2197.0,61.5686302185,,,,,,,,,3.90625,0.0,-1.5625,-0.78125
88.7079969352,156,1175,548100,42.2564941667,-83.69483,41.0,46.9799995422,2197.0,61.5686302185,,,,,,,,,3.90625,0.0,-1.5625,-0.78125
88.7079969352,156,1175,548300,42.2564941667,-83.69483,41.0,14.6800003052,1586.0,61.5686302185,,,,,,,,,3.90625,0.0,-1.5625,-0.78125
88.7079969352,156,1175,548800,42.2564941667,-83.69483,45.0,14.6800003052,1586.0,61.5686302185,,,,,,,,,3.90625,0.0,-1.5625,-0.78125
88.7079969352,156,1175,549900,42.2564941667,-83.69483,46.0,14.6800003052,1586.0,61.5686302185,,,,,,,,,3.90625,0.0,-1.5625,-0.78125
88.7079969352,156,1175,550300,42.2564941667,-83.69483,46.0,38.1399993896,1986.0,61.5686302185,,,,,,,,,3.90625,0.0,-1.5625,-0.78125
88.7079969352,156,1175,550900,42.2564941667,-83.69483,49.0,38.1399993896,1986.0,61.5686302185,,,,,,,,,3.90625,0.0,-1.5625,-0.78125
88.7079969352,156,1175,551000,42.2563758333,-83.6943727778,49.0,38.1399993896,1986.0,61.5686302185,,,,,,,,,3.90625,0.0,-1.5625,-0.78125
88.7079969352,156,1175,551200,42.2563758333,-83.6943727778,49.0,38.1399993896,1986.0,57.6470603943,,,,,,,,,0.78125,-1.5625,-1.5625,-0.78125
88.7079969352,156,1175,552000,42.2563758333,-83.6943727778,51.0,38.1399993896,1986.0,57.6470603943,,,,,,,,,0.78125,-1.5625,-1.5625,-0.78125
88.7079969352,156,1175,552300,42.2563758333,-83.6943727778,51.0,39.3699989319,2160.0,57.6470603943,,,,,,,,,0.78125,-1.5625,-1.5625,-0.78125
88.7079969352,156,1175,553000,42.2563758333,-83.6943727778,53.0,39.3699989319,2160.0,57.6470603943,,,,,,,,,0.78125,-1.5625,-1.5625,-0.78125
88.7079969352,156,1175,554000,42.2563758333,-83.6943727778,58.0,39.3699989319,2160.0,57.6470603943,,,,,,,,,0.78125,-1.5625,-1.5625,-0.78125
88.7079969352,156,1175,554100,42.2562494444,-83.6938411111,58.0,39.3699989319,2160.0,57.6470603943,,,,,,,,,0.78125,-1.5625,-1.5625,-0.78125
88.7079969352,156,1175,554300,42.2562494444,-83.6938411111,58.0,22.6200008392,1379.0,57.6470603943,,,,,,,,,0.78125,-1.5625,-1.5625,-0.78125
88.7079969352,156,1175,555100,42.2562494444,-83.6938411111,60.0,22.6200008392,1379.0,57.6470603943,,,,,,,,,0.78125,-1.5625,-1.5625,-0.78125
88.7079969352,156,1175,556100,42.2562494444,-83.6938411111,58.0,22.6200008392,1379.0,57.6470603943,,,,,,,,,0.78125,-1.5625,-1.5625,-0.78125
88.7079969352,156,1175,556300,42.2562494444,-83.6938411111,58.0,4.38999986649,1124.0,12.1568632126,,,,,,,,,-3.90625,-3.90625,-1.5625,-0.78125
88.7079969352,156,1175,557000,42.25614,-83.6933319444,58.0,4.38999986649,1124.0,12.1568632126,,,,,,,,,-3.90625,-3.90625,-1.5625,-0.78125
88.7079969352,156,1175,557300,42.25614,-83.6933319444,53.0,4.38999986649,1124.0,12.1568632126,,,,,,,,,-3.90625,-3.90625,-1.5625,-0.78125
88.7079969352,156,1175,558500,42.25614,-83.6933319444,45.0,5.19999980927,1195.0,12.1568632126,,,,,,,,,-3.90625,-3.90625,-1.5625,-0.78125
88.7079969352,156,1175,559500,42.25614,-83.6933319444,41.0,5.19999980927,1195.0,12.1568632126,,,,,,,,,-3.90625,-3.90625,-1.5625,-0.78125
88.7079969352,156,1175,560000,42.2560425,-83.6929411111,41.0,5.19999980927,1195.0,12.1568632126,,,,,,,,,-3.90625,-3.90625,-1.5625,-0.78125
88.7079969352,156,1175,560500,42.2560425,-83.6929411111,41.0,33.7799987793,1887.0,12.1568632126,,,,,,,,,-3.90625,-3.90625,-1.5625,-0.78125
88.7079969352,156,1175,560600,42.2560425,-83.6929411111,39.0,33.7799987793,1887.0,12.1568632126,,,,,,,,,-3.90625,-3.90625,-1.5625,-0.78125
88.7079969352,156,1175,561600,42.2560425,-83.6929411111,40.0,33.7799987793,1887.0,52.9411773682,,,,,,,,,2.34375,-0.78125,-1.5625,-0.78125
88.7079969352,156,1175,562600,42.2560425,-83.6929411111,40.0,4.59000015259,1359.0,52.9411773682,,,,,,,,,2.34375,-0.78125,-1.5625,-0.78125
88.7079969352,156,1175,562700,42.2560425,-83.6929411111,42.0,4.59000015259,1359.0,52.9411773682,,,,,,,,,2.34375,-0.78125,-1.5625,-0.78125
88.7079969352,156,1175,563000,42.2559622222,-83.6925669444,42.0,4.59000015259,1359.0,52.9411773682,,,,,,,,,2.34375,-0.78125,-1.5625,-0.78125
88.7079969352,156,1175,564700,42.2559622222,-83.6925669444,40.0,16.7299995422,1280.0,52.9411773682,,,,,,,,,2.34375,-0.78125,-1.5625,-0.78125
88.7079969352,156,1175,566100,42.2558988889,-83.6921880556,40.0,16.7299995422,1280.0,52.9411773682,,,,,,,,,2.34375,-0.78125,-1.5625,-0.78125
88.7079969352,156,1175,566800,42.2558988889,-83.6921880556,38.0,5.28999996185,1088.0,13.7254905701,,,,,,,,,-2.34375,-3.90625,-1.5625,-0.78125
88.7079969352,156,1175,567900,42.2558988889,-83.6921880556,36.0,5.28999996185,1088.0,13.7254905701,,,,,,,,,-2.34375,-3.90625,-1.5625,-0.78125
88.7079969352,156,1175,568800,42.2558988889,-83.6921880556,36.0,3.86999988556,904.0,13.7254905701,,,,,,,,,-2.34375,-3.90625,-1.5625,-0.78125
88.7079969352,156,1175,568900,42.2558988889,-83.6921880556,33.0,3.86999988556,904.0,13.7254905701,,,,,,,,,-2.34375,-3.90625,-1.5625,-0.78125
