DayNum,VehId,Trip,Timestamp(ms),Latitude[deg],Longitude[deg],Vehicle Speed[km/h],MAF[g/sec],Engine RPM[RPM],Absolute Load[%],OAT[DegC],Fuel Rate[L/hr],Air Conditioning Power[kW],Air Conditioning Power[Watts],Heater Power[Watts],HV Battery Current[A],HV Battery SOC[%],HV Battery Voltage[V],Short Term Fuel Trim Bank 1[%],Short Term Fuel Trim Bank 2[%],Long Term Fuel Trim Bank 1[%],Long Term Fuel Trim Bank 2[%]
181.56057187,220,891,0,42.2568383333,-83.6955425,21.0,0.42999997735,0.0,0.0,5.0,,,,,,,,0.0,4.6875,,
181.56057187,220,891,200,42.2568383333,-83.6955425,19.0,0.42999997735,0.0,0.0,5.0,,,,,,,,0.0,4.6875,,
181.56057187,220,891,1300,42.2568383333,-83.6955425,20.0,0.42999997735,0.0,0.0,5.0,,,,,,,,0.0,4.6875,,
181.56057187,220,891,2300,42.2568383333,-83.6955425,22.0,0.42999997735,0.0,0.0,5.0,,,,,,,,0.0,4.6875,,
181.56057187,220,891,2900,42.2568383333,-83.6955425,22.0,11.0100002289,1376.0,0.0,5.0,,,,,,,,0.0,4.6875,,
181.56057187,220,891,3100,42.2570244444,-83.6955661111,22.0,11.0100002289,1376.0,0.0,5.0,,,,,,,,0.0,4.6875,,
181.56057187,220,891,3300,42.2570244444,-83.6955661111,27.0,11.0100002289,1376.0,0.0,5.0,,,,,,,,0.0,4.6875,,
181.56057187,220,891,4100,42.2570244444,-83.6955661111,27.0,11.0100002289,1376.0,46.2745094299,5.0,,,,,,,,0.0,4.6875,,
181.56057187,220,891,4400,42.2570244444,-83.6955661111,30.0,11.0100002289,1376.0,46.2745094299,5.0,,,,,,,,0.0,4.6875,,
181.56057187,220,891,4900,42.2570244444,-83.6955661111,30.0,13.5399999619,1376.0,46.2745094299,5.0,,,,,,,,0.0,4.6875,,
181.56057187,220,891,5400,42.2570244444,-83.6955661111,33.0,13.5399999619,1376.0,46.2745094299,5.0,,,,,,,,0.0,4.6875,,
181.56057187,220,891,6100,42.2572608333,-83.6954802778,33.0,13.5399999619,1376.0,46.2745094299,5.0,,,,,,,,0.0,4.6875,,
181.56057187,220,891,6500,42.2572608333,-83.6954802778,36.0,13.5399999619,1376.0,46.2745094299,5.0,,,,,,,,0.0,4.6875,,
181.56057187,220,891,6900,42.2572608333,-83.6954802778,36.0,12.5699996948,1344.0,46.2745094299,5.0,,,,,,,,0.0,4.6875,,
181.56057187,220,891,7500,42.2572608333,-83.6954802778,38.0,12.5699996948,1344.0,46.2745094299,5.0,,,,,,,,0.0,4.6875,,
181.56057187,220,891,8500,42.2572608333,-83.6954802778,40.0,12.5699996948,1344.0,46.2745094299,5.0,,,,,,,,0.0,4.6875,,
181.56057187,220,891,8900,42.2572608333,-83.6954802778,40.0,11.5099992752,1312.0,46.2745094299,5.0,,,,,,,,0.0,4.6875,,
181.56057187,220,891,9100,42.2575522222,-83.6954194444,40.0,11.5099992752,1312.0,46.2745094299,5.0,,,,,,,,0.0,4.6875,,
181.56057187,220,891,9200,42.2575522222,-83.6954194444,40.0,11.5099992752,1312.0,48.235294342,5.0,,,,,,,,0.0,4.6875,,
181.56057187,220,891,9500,42.2575522222,-83.6954194444,40.0,11.5099992752,1312.0,48.235294342,5.0,,,,,,,,4.6875,4.6875,,
181.56057187,220,891,9600,42.2575522222,-83.6954194444,42.0,11.5099992752,1312.0,48.235294342,5.0,,,,,,,,4.6875,4.6875,,
181.56057187,220,891,10600,42.2575522222,-83.6954194444,44.0,11.5099992752,1312.0,48.235294342,5.0,,,,,,,,4.6875,4.6875,,
181.56057187,220,891,10900,42.2575522222,-83.6954194444,44.0,11.5,1312.0,48.235294342,5.0,,,,,,,,4.6875,4.6875,,
181.56057187,220,891,11700,42.2575522222,-83.6954194444,46.0,11.5,1312.0,48.235294342,5.0,,,,,,,,4.6875,4.6875,,
181.56057187,220,891,12700,42.2575522222,-83.6954194444,48.0,11.5,1312.0,48.235294342,5.0,,,,,,,,4.6875,4.6875,,
181.56057187,220,891,13000,42.2575522222,-83.6954194444,48.0,11.4200000763,1312.0,48.235294342,5.0,,,,,,,,4.6875,4.6875,,
181.56057187,220,891,13100,42.2580033333,-83.6953472222,48.0,11.4200000763,1312.0,48.235294342,5.0,,,,,,,,4.6875,4.6875,,
181.56057187,220,891,14200,42.2580033333,-83.6953472222,48.0,11.4200000763,1312.0,47.8431396484,5.0,,,,,,,,4.6875,4.6875,,
181.56057187,220,891,14500,42.2580033333,-83.6953472222,48.0,11.4200000763,1312.0,47.8431396484,5.0,,,,,,,,3.90625,4.6875,,
181.56057187,220,891,14900,42.2580033333,-83.6953472222,50.0,11.4200000763,1312.0,47.8431396484,5.0,,,,,,,,3.90625,4.6875,,
181.56057187,220,891,15000,42.2580033333,-83.6953472222,50.0,11.3999996185,1312.0,47.8431396484,5.0,,,,,,,,3.90625,4.6875,,
181.56057187,220,891,16000,42.2580033333,-83.6953472222,52.0,11.3999996185,1312.0,47.8431396484,5.0,,,,,,,,3.90625,4.6875,,
181.56057187,220,891,16100,42.2583836111,-83.6953041667,52.0,11.3999996185,1312.0,47.8431396484,5.0,,,,,,,,3.90625,4.6875,,
181.56057187,220,891,16900,42.2583836111,-83.6953041667,52.0,11.3999996185,1376.0,47.8431396484,5.0,,,,,,,,3.90625,4.6875,,
181.56057187,220,891,17100,42.2583836111,-83.6953041667,53.0,8.52999973297,1376.0,47.8431396484,5.0,,,,,,,,3.90625,4.6875,,
181.56057187,220,891,19100,42.2587738889,-83.6952411111,53.0,9.72999954224,1376.0,47.8431396484,5.0,,,,,,,,3.90625,4.6875,,
181.56057187,220,891,19200,42.2587738889,-83.6952411111,53.0,9.72999954224,1376.0,38.4313735962,5.0,,,,,,,,3.90625,4.6875,,
181.56057187,220,891,19500,42.2587738889,-83.6952411111,53.0,9.72999954224,1376.0,38.4313735962,5.0,,,,,,,,0.78125,4.6875,,
181.56057187,220,891,21000,42.2587738889,-83.6952411111,53.0,9.72999954224,1344.0,38.4313735962,5.0,,,,,,,,0.78125,4.6875,,
181.56057187,220,891,21100,42.2587738889,-83.6952411111,53.0,9.27999973297,1344.0,38.4313735962,5.0,,,,,,,,0.78125,4.6875,,
181.56057187,220,891,22000,42.2591719444,-83.6951011111,53.0,9.27999973297,1344.0,38.4313735962,5.0,,,,,,,,0.78125,4.6875,,
181.56057187,220,891,22300,42.2591719444,-83.6951011111,54.0,9.27999973297,1344.0,38.4313735962,5.0,,,,,,,,0.78125,4.6875,,
181.56057187,220,891,23000,42.2591719444,-83.6951011111,54.0,9.27999973297,1280.0,38.4313735962,5.0,,,,,,,,0.78125,4.6875,,
181.56057187,220,891,23100,42.2591719444,-83.6951011111,54.0,8.89999961853,1280.0,38.4313735962,5.0,,,,,,,,0.78125,4.6875,,
181.56057187,220,891,23300,42.2591719444,-83.6951011111,55.0,8.89999961853,1280.0,38.4313735962,5.0,,,,,,,,0.78125,4.6875,,
181.56057187,220,891,24600,42.2591719444,-83.6951011111,55.0,8.89999961853,1280.0,38.4313735962,5.0,,,,,,,,0.0,4.6875,,
181.56057187,220,891,25000,42.2591719444,-83.6951011111,55.0,8.89999961853,1248.0,38.4313735962,5.0,,,,,,,,0.0,4.6875,,
181.56057187,220,891,25100,42.2595422222,-83.6948438889,55.0,9.17000007629,1248.0,38.4313735962,5.0,,,,,,,,0.0,4.6875,,
181.56057187,220,891,27000,42.2595422222,-83.6948438889,55.0,9.17000007629,1280.0,38.4313735962,5.0,,,,,,,,0.0,4.6875,,
181.56057187,220,891,27100,42.2595422222,-83.6948438889,55.0,9.78999996185,1280.0,38.4313735962,5.0,,,,,,,,0.0,4.6875,,
181.56057187,220,891,28100,42.2598883333,-83.6945186111,55.0,9.78999996185,1280.0,38.4313735962,5.0,,,,,,,,0.0,4.6875,,
181.56057187,220,891,28500,42.2598883333,-83.6945186111,54.0,9.78999996185,1280.0,38.4313735962,5.0,,,,,,,,0.0,4.6875,,
181.56057187,220,891,29000,42.2598883333,-83.6945186111,54.0,9.78999996185,1350.0,38.4313735962,5.0,,,,,,,,0.0,4.6875,,
181.56057187,220,891,29100,42.2598883333,-83.6945186111,54.0,9.71000003815,1350.0,38.4313735962,5.0,,,,,,,,0.0,4.6875,,
181.56057187,220,891,29300,42.2598883333,-83.6945186111,54.0,9.71000003815,1350.0,41.5686264038,5.0,,,,,,,,0.0,4.6875,,
181.56057187,220,891,29600,42.2598883333,-83.6945186111,54.0,9.71000003815,1350.0,41.5686264038,5.0,,,,,,,,1.5625,4.6875,,
181.56057187,220,891,31000,42.2601997222,-83.6941563889,54.0,9.71000003815,1344.0,41.5686264038,5.0,,,,,,,,1.5625,4.6875,,
181.56057187,220,891,31100,42.2601997222,-83.6941563889,54.0,9.44999980927,1344.0,41.5686264038,5.0,,,,,,,,1.5625,4.6875,,
181.56057187,220,891,33000,42.2601997222,-83.6941563889,54.0,9.44999980927,1312.0,41.5686264038,5.0,,,,,,,,1.5625,4.6875,,
181.56057187,220,891,33100,42.2601997222,-83.6941563889,54.0,9.36999988556,1312.0,41.5686264038,5.0,,,,,,,,1.5625,4.6875,,
181.56057187,220,891,34000,42.2605052778,-83.6937972222,54.0,9.36999988556,1312.0,41.5686264038,5.0,,,,,,,,1.5625,4.6875,,
181.56057187,220,891,34300,42.2605052778,-83.6937972222,54.0,9.36999988556,1312.0,37.6470603943,5.0,,,,,,,,1.5625,4.6875,,
181.56057187,220,891,34700,42.2605052778,-83.6937972222,54.0,9.36999988556,1312.0,37.6470603943,5.0,,,,,,,,0.0,4.6875,,
181.56057187,220,891,35000,42.2605052778,-83.6937972222,54.0,9.36999988556,1248.0,37.6470603943,5.0,,,,,,,,0.0,4.6875,,
181.56057187,220,891,35100,42.2605052778,-83.6937972222,54.0,8.14999961853,1248.0,37.6470603943,5.0,,,,,,,,0.0,4.6875,,
181.56057187,220,891,37000,42.2605052778,-83.6937972222,54.0,8.14999961853,1278.0,37.6470603943,5.0,,,,,,,,0.0,4.6875,,
181.56057187,220,891,37100,42.2608136111,-83.6934425,54.0,8.81999969482,1278.0,37.6470603943,5.0,,,,,,,,0.0,4.6875,,
181.56057187,220,891,39000,42.2608136111,-83.6934425,54.0,8.81999969482,1270.0,37.6470603943,5.0,,,,,,,,0.0,4.6875,,
181.56057187,220,891,39100,42.2608136111,-83.6934425,54.0,8.6799993515,1270.0,37.6470603943,5.0,,,,,,,,0.0,4.6875,,
181.56057187,220,891,39400,42.2608136111,-83.6934425,54.0,8.6799993515,1270.0,39.6078453064,5.0,,,,,,,,0.0,4.6875,,
181.56057187,220,891,39700,42.2608136111,-83.6934425,54.0,8.6799993515,1270.0,39.6078453064,5.0,,,,,,,,-1.5625,4.6875,,
181.56057187,220,891,40000,42.2611319444,-83.6931066667,54.0,8.6799993515,1270.0,39.6078453064,5.0,,,,,,,,-1.5625,4.6875,,
181.56057187,220,891,41000,42.2611319444,-83.6931066667,54.0,8.6799993515,1263.0,39.6078453064,5.0,,,,,,,,-1.5625,4.6875,,
181.56057187,220,891,41100,42.2611319444,-83.6931066667,54.0,9.30999946594,1263.0,39.6078453064,5.0,,,,,,,,-1.5625,4.6875,,
181.56057187,220,891,42000,42.2611319444,-83.6931066667,55.0,9.30999946594,1263.0,39.6078453064,5.0,,,,,,,,-1.5625,4.6875,,
181.56057187,220,891,43000,42.2611319444,-83.6931066667,55.0,9.30999946594,1216.0,39.6078453064,5.0,,,,,,,,-1.5625,4.6875,,
181.56057187,220,891,43100,42.2614466667,-83.6928030556,55.0,8.51000022888,1216.0,39.6078453064,5.0,,,,,,,,-1.5625,4.6875,,
181.56057187,220,891,44400,42.2614466667,-83.6928030556,55.0,8.51000022888,1216.0,39.2156867981,5.0,,,,,,,,-1.5625,4.6875,,
181.56057187,220,891,44700,42.2614466667,-83.6928030556,55.0,8.51000022888,1216.0,39.2156867981,5.0,,,,,,,,-0.78125,4.6875,,
181.56057187,220,891,45000,42.2614466667,-83.6928030556,55.0,8.51000022888,1248.0,39.2156867981,5.0,,,,,,,,-0.78125,4.6875,,
181.56057187,220,891,45100,42.2614466667,-83.6928030556,55.0,8.34000015259,1248.0,39.2156867981,5.0,,,,,,,,-0.78125,4.6875,,
181.56057187,220,891,46000,42.2618527778,-83.6926202778,55.0,8.34000015259,1248.0,39.2156867981,5.0,,,,,,,,-0.78125,4.6875,,
181.56057187,220,891,47100,42.2618527778,-83.6926202778,55.0,8.69999980927,1248.0,39.2156867981,5.0,,,,,,,,-0.78125,4.6875,,
181.56057187,220,891,48300,42.2618527778,-83.6926202778,56.0,8.69999980927,1248.0,39.2156867981,5.0,,,,,,,,-0.78125,4.6875,,
181.56057187,220,891,49000,42.2623166667,-83.6925319444,56.0,8.69999980927,1250.0,39.2156867981,5.0,,,,,,,,-0.78125,4.6875,,
181.56057187,220,891,49100,42.2623166667,-83.6925319444,56.0,8.76000022888,1250.0,39.2156867981,5.0,,,,,,,,-0.78125,4.6875,,
181.56057187,220,891,49500,42.2623166667,-83.6925319444,56.0,8.76000022888,1250.0,40.7843132019,5.0,,,,,,,,-0.78125,4.6875,,
181.56057187,220,891,50400,42.2623166667,-83.6925319444,57.0,8.76000022888,1250.0,40.7843132019,5.0,,,,,,,,-0.78125,4.6875,,
181.56057187,220,891,51000,42.2623166667,-83.6925319444,57.0,8.76000022888,1216.0,40.7843132019,5.0,,,,,,,,-0.78125,4.6875,,
181.56057187,220,891,51100,42.2623166667,-83.6925319444,57.0,8.64999961853,1216.0,40.7843132019,5.0,,,,,,,,-0.78125,4.6875,,
181.56057187,220,891,52000,42.2627591667,-83.6925186111,57.0,8.64999961853,1216.0,40.7843132019,5.0,,,,,,,,-0.78125,4.6875,,
181.56057187,220,891,53100,42.2627591667,-83.6925186111,57.0,8.64999961853,1248.0,40.7843132019,5.0,,,,,,,,-0.78125,4.6875,,
181.56057187,220,891,53200,42.2627591667,-83.6925186111,57.0,8.77999973297,1248.0,40.7843132019,5.0,,,,,,,,-0.78125,4.6875,,
181.56057187,220,891,54500,42.2627591667,-83.6925186111,57.0,8.77999973297,1248.0,38.0392150879,5.0,,,,,,,,-0.78125,4.6875,,
181.56057187,220,891,54600,42.2627591667,-83.6925186111,55.0,8.77999973297,1248.0,38.0392150879,5.0,,,,,,,,-0.78125,4.6875,,
181.56057187,220,891,54900,42.2627591667,-83.6925186111,55.0,8.77999973297,1248.0,38.0392150879,5.0,,,,,,,,0.78125,4.6875,,
181.56057187,220,891,55100,42.2631813889,-83.6925811111,55.0,8.77999973297,1312.0,38.0392150879,5.0,,,,,,,,0.78125,4.6875,,
181.56057187,220,891,55200,42.2631813889,-83.6925811111,55.0,8.6799993515,1312.0,38.0392150879,5.0,,,,,,,,0.78125,4.6875,,
181.56057187,220,891,55700,42.2631813889,-83.6925811111,54.0,8.6799993515,1312.0,38.0392150879,5.0,,,,,,,,0.78125,4.6875,,
181.56057187,220,891,57100,42.2631813889,-83.6925811111,54.0,8.6799993515,1376.0,38.0392150879,5.0,,,,,,,,0.78125,4.6875,,
181.56057187,220,891,57200,42.2631813889,-83.6925811111,54.0,9.31999969482,1376.0,38.0392150879,5.0,,,,,,,,0.78125,4.6875,,
181.56057187,220,891,57700,42.2631813889,-83.6925811111,53.0,9.31999969482,1376.0,38.0392150879,5.0,,,,,,,,0.78125,4.6875,,
181.56057187,220,891,58000,42.2635802778,-83.6927391667,53.0,9.31999969482,1376.0,38.0392150879,5.0,,,,,,,,0.78125,4.6875,,
181.56057187,220,891,59100,42.2635802778,-83.6927391667,53.0,9.31999969482,1408.0,38.0392150879,5.0,,,,,,,,0.78125,4.6875,,
181.56057187,220,891,59200,42.2635802778,-83.6927391667,53.0,9.42000007629,1408.0,38.0392150879,5.0,,,,,,,,0.78125,4.6875,,
181.56057187,220,891,59500,42.2635802778,-83.6927391667,53.0,9.42000007629,1408.0,39.6078453064,5.0,,,,,,,,0.78125,4.6875,,
181.56057187,220,891,61100,42.2635802778,-83.6927391667,53.0,9.42000007629,1440.0,39.6078453064,5.0,,,,,,,,0.78125,4.6875,,
181.56057187,220,891,61200,42.2635802778,-83.6927391667,53.0,9.78999996185,1440.0,39.6078453064,5.0,,,,,,,,0.78125,4.6875,,
181.56057187,220,891,62000,42.2640391667,-83.6930552778,53.0,9.78999996185,1440.0,39.6078453064,5.0,,,,,,,,0.78125,4.6875,,
181.56057187,220,891,63200,42.2640391667,-83.6930552778,53.0,9.9299993515,1440.0,39.6078453064,5.0,,,,,,,,0.78125,4.6875,,
181.56057187,220,891,64000,42.2640391667,-83.6930552778,52.0,9.9299993515,1440.0,39.6078453064,5.0,,,,,,,,0.78125,4.6875,,
181.56057187,220,891,64500,42.2640391667,-83.6930552778,52.0,9.9299993515,1440.0,55.6862754822,5.0,,,,,,,,0.78125,4.6875,,
181.56057187,220,891,65000,42.26437,-83.6933933333,52.0,9.9299993515,1440.0,55.6862754822,5.0,,,,,,,,0.78125,4.6875,,
181.56057187,220,891,65100,42.26437,-83.6933933333,52.0,9.9299993515,1728.0,55.6862754822,5.0,,,,,,,,0.78125,4.6875,,
181.56057187,220,891,65200,42.26437,-83.6933933333,52.0,16.5399990082,1728.0,55.6862754822,5.0,,,,,,,,0.78125,4.6875,,
181.56057187,220,891,67100,42.26437,-83.6933933333,52.0,16.5399990082,1664.0,55.6862754822,5.0,,,,,,,,0.78125,4.6875,,
181.56057187,220,891,67200,42.26437,-83.6933933333,52.0,16.0599994659,1664.0,55.6862754822,5.0,,,,,,,,0.78125,4.6875,,
181.56057187,220,891,68100,42.2646622222,-83.6937594444,51.0,16.0599994659,1664.0,55.6862754822,5.0,,,,,,,,0.78125,4.6875,,
181.56057187,220,891,69200,42.2646622222,-83.6937594444,51.0,16.1399993896,1664.0,55.6862754822,5.0,,,,,,,,0.78125,4.6875,,
181.56057187,220,891,69600,42.2646622222,-83.6937594444,51.0,16.1399993896,1664.0,54.9019622803,5.0,,,,,,,,0.78125,4.6875,,
181.56057187,220,891,71000,42.264925,-83.6941438889,51.0,16.1399993896,1664.0,54.9019622803,5.0,,,,,,,,0.78125,4.6875,,
181.56057187,220,891,71100,42.264925,-83.6941438889,51.0,16.1399993896,1696.0,54.9019622803,5.0,,,,,,,,0.78125,4.6875,,
181.56057187,220,891,71200,42.264925,-83.6941438889,51.0,16.2899990082,1696.0,54.9019622803,5.0,,,,,,,,0.78125,4.6875,,
181.56057187,220,891,73200,42.264925,-83.6941438889,51.0,16.3400001526,1696.0,54.9019622803,5.0,,,,,,,,0.78125,4.6875,,
181.56057187,220,891,73300,42.264925,-83.6941438889,50.0,16.3400001526,1696.0,54.9019622803,5.0,,,,,,,,0.78125,4.6875,,
181.56057187,220,891,74000,42.2651641667,-83.6945097222,50.0,16.3400001526,1696.0,54.9019622803,5.0,,,,,,,,0.78125,4.6875,,
181.56057187,220,891,75100,42.2651641667,-83.6945097222,50.0,16.3400001526,1824.0,54.9019622803,5.0,,,,,,,,0.78125,4.6875,,
181.56057187,220,891,75200,42.2651641667,-83.6945097222,50.0,17.5599994659,1824.0,54.9019622803,5.0,,,,,,,,0.78125,4.6875,,
181.56057187,220,891,77100,42.2654005556,-83.6948711111,50.0,17.5599994659,1696.0,54.9019622803,5.0,,,,,,,,0.78125,4.6875,,
181.56057187,220,891,77200,42.2654005556,-83.6948711111,50.0,16.1399993896,1696.0,54.9019622803,5.0,,,,,,,,0.78125,4.6875,,
181.56057187,220,891,79200,42.2654005556,-83.6948711111,50.0,16.1000003815,1696.0,54.9019622803,5.0,,,,,,,,0.78125,4.6875,,
181.56057187,220,891,79600,42.2654005556,-83.6948711111,51.0,16.1000003815,1696.0,54.9019622803,5.0,,,,,,,,0.78125,4.6875,,
181.56057187,220,891,79700,42.2654005556,-83.6948711111,51.0,16.1000003815,1696.0,54.509803772,5.0,,,,,,,,0.78125,4.6875,,
181.56057187,220,891,80000,42.2656175,-83.6952427778,51.0,16.1000003815,1696.0,54.509803772,5.0,,,,,,,,0.78125,4.6875,,
181.56057187,220,891,81200,42.2656175,-83.6952427778,51.0,14.5599994659,1696.0,54.509803772,5.0,,,,,,,,0.78125,4.6875,,
181.56057187,220,891,81700,42.2656175,-83.6952427778,52.0,14.5599994659,1696.0,54.509803772,5.0,,,,,,,,0.78125,4.6875,,
181.56057187,220,891,82700,42.2656175,-83.6952427778,53.0,14.5599994659,1696.0,54.509803772,5.0,,,,,,,,0.78125,4.6875,,
181.56057187,220,891,83000,42.2658533333,-83.6955997222,53.0,14.5599994659,1696.0,54.509803772,5.0,,,,,,,,0.78125,4.6875,,
181.56057187,220,891,83100,42.2658533333,-83.6955997222,53.0,14.5599994659,576.0,54.509803772,5.0,,,,,,,,0.78125,4.6875,,
181.56057187,220,891,83200,42.2658533333,-83.6955997222,53.0,1.19999992847,576.0,54.509803772,5.0,,,,,,,,0.78125,4.6875,,
181.56057187,220,891,83800,42.2658533333,-83.6955997222,54.0,1.19999992847,576.0,54.509803772,5.0,,,,,,,,0.78125,4.6875,,
181.56057187,220,891,84700,42.2658533333,-83.6955997222,54.0,1.19999992847,576.0,0.0,5.0,,,,,,,,0.78125,4.6875,,
181.56057187,220,891,85100,42.2658533333,-83.6955997222,54.0,1.19999992847,0.0,0.0,5.0,,,,,,,,0.0,4.6875,,
181.56057187,220,891,85200,42.2658533333,-83.6955997222,54.0,0.639999985695,0.0,0.0,5.0,,,,,,,,0.0,4.6875,,
181.56057187,220,891,86100,42.2660766667,-83.6960341667,54.0,0.639999985695,0.0,0.0,5.0,,,,,,,,0.0,4.6875,,
181.56057187,220,891,87000,42.2660766667,-83.6960341667,55.0,0.639999985695,0.0,0.0,5.0,,,,,,,,0.0,4.6875,,
181.56057187,220,891,87300,42.2660766667,-83.6960341667,55.0,0.42999997735,0.0,0.0,5.0,,,,,,,,0.0,4.6875,,
181.56057187,220,891,89100,42.2663136111,-83.6964883333,55.0,0.42999997735,0.0,0.0,5.0,,,,,,,,0.0,4.6875,,
181.56057187,220,891,92100,42.2665708333,-83.6969066667,55.0,0.42999997735,0.0,0.0,5.0,,,,,,,,0.0,4.6875,,
181.56057187,220,891,94300,42.2665708333,-83.6969066667,56.0,0.42999997735,0.0,0.0,5.0,,,,,,,,0.0,4.6875,,
181.56057187,220,891,95100,42.2669133333,-83.6972630556,56.0,0.42999997735,0.0,0.0,5.0,,,,,,,,0.0,4.6875,,
181.56057187,220,891,98000,42.2672936111,-83.6975477778,56.0,0.42999997735,0.0,0.0,5.0,,,,,,,,0.0,4.6875,,
181.56057187,220,891,99200,42.2672936111,-83.6975477778,56.0,0.42999997735,1711.0,0.0,5.0,,,,,,,,0.0,4.6875,,
181.56057187,220,891,99300,42.2672936111,-83.6975477778,56.0,17.8999996185,1711.0,0.0,5.0,,,,,,,,0.0,4.6875,,
181.56057187,220,891,99900,42.2672936111,-83.6975477778,56.0,17.8999996185,1711.0,58.4313735962,5.0,,,,,,,,0.0,4.6875,,
181.56057187,220,891,100200,42.2672936111,-83.6975477778,56.0,17.8999996185,1711.0,58.4313735962,5.0,,,,,,,,-0.78125,4.6875,,
181.56057187,220,891,101100,42.2677083333,-83.6977558333,56.0,17.8999996185,1711.0,58.4313735962,5.0,,,,,,,,-0.78125,4.6875,,
181.56057187,220,891,101200,42.2677083333,-83.6977558333,56.0,17.8999996185,1728.0,58.4313735962,5.0,,,,,,,,-0.78125,4.6875,,
181.56057187,220,891,101300,42.2677083333,-83.6977558333,56.0,17.4799995422,1728.0,58.4313735962,5.0,,,,,,,,-0.78125,4.6875,,
181.56057187,220,891,101600,42.2677083333,-83.6977558333,55.0,17.4799995422,1728.0,58.4313735962,5.0,,,,,,,,-0.78125,4.6875,,
181.56057187,220,891,102700,42.2677083333,-83.6977558333,56.0,17.4799995422,1728.0,58.4313735962,5.0,,,,,,,,-0.78125,4.6875,,
181.56057187,220,891,103200,42.2677083333,-83.6977558333,56.0,17.4799995422,1248.0,58.4313735962,5.0,,,,,,,,-0.78125,4.6875,,
181.56057187,220,891,103300,42.2677083333,-83.6977558333,56.0,2.16999983788,1248.0,58.4313735962,5.0,,,,,,,,-0.78125,4.6875,,
181.56057187,220,891,104100,42.2681361111,-83.6978636111,56.0,2.16999983788,1248.0,58.4313735962,5.0,,,,,,,,-0.78125,4.6875,,
181.56057187,220,891,104900,42.2681361111,-83.6978636111,56.0,2.16999983788,1248.0,0.0,5.0,,,,,,,,-0.78125,4.6875,,
181.56057187,220,891,105200,42.2681361111,-83.6978636111,56.0,2.16999983788,0.0,0.0,5.0,,,,,,,,0.0,4.6875,,
181.56057187,220,891,105300,42.2681361111,-83.6978636111,56.0,0.42999997735,0.0,0.0,5.0,,,,,,,,0.0,4.6875,,
181.56057187,220,891,105800,42.2681361111,-83.6978636111,57.0,0.42999997735,0.0,0.0,5.0,,,,,,,,0.0,4.6875,,
181.56057187,220,891,107000,42.268575,-83.6978719444,57.0,0.42999997735,0.0,0.0,5.0,,,,,,,,0.0,4.6875,,
181.56057187,220,891,107900,42.268575,-83.6978719444,58.0,0.42999997735,0.0,0.0,5.0,,,,,,,,0.0,4.6875,,
181.56057187,220,891,108900,42.268575,-83.6978719444,59.0,0.42999997735,0.0,0.0,5.0,,,,,,,,0.0,4.6875,,
181.56057187,220,891,109600,42.268575,-83.6978719444,59.0,0.42999997735,0.0,0.0,5.0,,,,,,,,0.0,7.03125,,
181.56057187,220,891,110100,42.2690208333,-83.6977761111,59.0,0.42999997735,0.0,0.0,5.0,,,,,,,,0.0,7.03125,,
181.56057187,220,891,112000,42.2690208333,-83.6977761111,60.0,0.42999997735,0.0,0.0,5.0,,,,,,,,0.0,7.03125,,
181.56057187,220,891,113000,42.2694769444,-83.69754,60.0,0.42999997735,0.0,0.0,5.0,,,,,,,,0.0,7.03125,,
181.56057187,220,891,116000,42.2699066667,-83.6972336111,60.0,0.42999997735,0.0,0.0,5.0,,,,,,,,0.0,7.03125,,
181.56057187,220,891,116200,42.2699066667,-83.6972336111,59.0,0.42999997735,0.0,0.0,5.0,,,,,,,,0.0,7.03125,,
181.56057187,220,891,117200,42.2699066667,-83.6972336111,60.0,0.42999997735,0.0,0.0,5.0,,,,,,,,0.0,7.03125,,
181.56057187,220,891,119000,42.2703538889,-83.6970669444,60.0,0.42999997735,0.0,0.0,5.0,,,,,,,,0.0,7.03125,,
181.56057187,220,891,122100,42.2708075,-83.6970536111,60.0,0.42999997735,0.0,0.0,5.0,,,,,,,,0.0,7.03125,,
181.56057187,220,891,122500,42.2708075,-83.6970536111,59.0,0.42999997735,0.0,0.0,5.0,,,,,,,,0.0,7.03125,,
181.56057187,220,891,124700,42.2708075,-83.6970536111,57.0,0.42999997735,0.0,0.0,5.0,,,,,,,,0.0,7.03125,,
181.56057187,220,891,125100,42.2712319444,-83.6971616667,57.0,0.42999997735,0.0,0.0,5.0,,,,,,,,0.0,7.03125,,
181.56057187,220,891,125700,42.2712319444,-83.6971616667,55.0,0.42999997735,0.0,0.0,5.0,,,,,,,,0.0,7.03125,,
181.56057187,220,891,126800,42.2712319444,-83.6971616667,54.0,0.42999997735,0.0,0.0,5.0,,,,,,,,0.0,7.03125,,
181.56057187,220,891,127800,42.2712319444,-83.6971616667,52.0,0.42999997735,0.0,0.0,5.0,,,,,,,,0.0,7.03125,,
181.56057187,220,891,128100,42.2715919444,-83.6974075,52.0,0.42999997735,0.0,0.0,5.0,,,,,,,,0.0,7.03125,,
181.56057187,220,891,128900,42.2715919444,-83.6974075,50.0,0.42999997735,0.0,0.0,5.0,,,,,,,,0.0,7.03125,,
181.56057187,220,891,129900,42.2715919444,-83.6974075,46.0,0.42999997735,0.0,0.0,5.0,,,,,,,,0.0,7.03125,,
181.56057187,220,891,130100,42.2715919444,-83.6974075,46.0,0.42999997735,0.0,10.9803924561,5.0,,,,,,,,0.0,7.03125,,
181.56057187,220,891,130900,42.2715919444,-83.6974075,43.0,0.42999997735,0.0,10.9803924561,5.0,,,,,,,,0.0,7.03125,,
181.56057187,220,891,131300,42.2715919444,-83.6974075,43.0,0.42999997735,1984.0,10.9803924561,5.0,,,,,,,,0.0,7.03125,,
181.56057187,220,891,131400,42.2715919444,-83.6974075,43.0,4.56999969482,1984.0,10.9803924561,5.0,,,,,,,,0.0,7.03125,,
181.56057187,220,891,132000,42.2719805556,-83.6977047222,40.0,4.56999969482,1984.0,10.9803924561,5.0,,,,,,,,0.0,7.03125,,
181.56057187,220,891,133000,42.2719805556,-83.6977047222,37.0,4.56999969482,1984.0,10.9803924561,5.0,,,,,,,,0.0,7.03125,,
181.56057187,220,891,133300,42.2719805556,-83.6977047222,37.0,4.56999969482,992.0,10.9803924561,5.0,,,,,,,,0.0,7.03125,,
181.56057187,220,891,133400,42.2719805556,-83.6977047222,37.0,1.97999989986,992.0,10.9803924561,5.0,,,,,,,,0.0,7.03125,,
181.56057187,220,891,134100,42.2719805556,-83.6977047222,36.0,1.97999989986,992.0,10.9803924561,5.0,,,,,,,,0.0,7.03125,,
181.56057187,220,891,135000,42.27223,-83.6978902778,36.0,1.97999989986,992.0,10.9803924561,5.0,,,,,,,,0.0,7.03125,,
181.56057187,220,891,135100,42.27223,-83.6978902778,38.0,1.97999989986,992.0,12.1568632126,5.0,,,,,,,,0.0,7.03125,,
181.56057187,220,891,135300,42.27223,-83.6978902778,38.0,1.97999989986,960.0,12.1568632126,5.0,,,,,,,,0.0,7.03125,,
181.56057187,220,891,135400,42.27223,-83.6978902778,38.0,2.13999986649,960.0,12.1568632126,5.0,,,,,,,,0.0,7.03125,,
181.56057187,220,891,135500,42.27223,-83.6978902778,38.0,2.13999986649,960.0,12.1568632126,5.0,,,,,,,,-18.75,7.03125,,
181.56057187,220,891,136100,42.27223,-83.6978902778,39.0,2.13999986649,960.0,12.1568632126,5.0,,,,,,,,-18.75,7.03125,,
181.56057187,220,891,137200,42.27223,-83.6978902778,40.0,2.13999986649,960.0,12.1568632126,5.0,,,,,,,,-18.75,7.03125,,
181.56057187,220,891,137400,42.27223,-83.6978902778,40.0,1.92999994755,960.0,12.1568632126,5.0,,,,,,,,-18.75,7.03125,,
181.56057187,220,891,138000,42.2725077778,-83.6980686111,40.0,1.92999994755,960.0,12.1568632126,5.0,,,,,,,,-18.75,7.03125,,
181.56057187,220,891,138200,42.2725077778,-83.6980686111,42.0,1.92999994755,960.0,12.1568632126,5.0,,,,,,,,-18.75,7.03125,,
181.56057187,220,891,139300,42.2725077778,-83.6980686111,43.0,1.92999994755,1888.0,12.1568632126,5.0,,,,,,,,-18.75,7.03125,,
181.56057187,220,891,139400,42.2725077778,-83.6980686111,43.0,19.2799987793,1888.0,12.1568632126,5.0,,,,,,,,-18.75,7.03125,,
181.56057187,220,891,139700,42.2725077778,-83.6980686111,43.0,19.2799987793,1888.0,12.1568632126,5.0,,,,,,,,-18.75,4.6875,,
181.56057187,220,891,140100,42.2725077778,-83.6980686111,43.0,19.2799987793,1888.0,57.254901886,5.0,,,,,,,,-18.75,4.6875,,
181.56057187,220,891,140300,42.2725077778,-83.6980686111,45.0,19.2799987793,1888.0,57.254901886,5.0,,,,,,,,-18.75,4.6875,,
181.56057187,220,891,140500,42.2725077778,-83.6980686111,45.0,19.2799987793,1888.0,57.254901886,5.0,,,,,,,,1.5625,4.6875,,
181.56057187,220,891,141000,42.2728275,-83.6982175,45.0,19.2799987793,1888.0,57.254901886,5.0,,,,,,,,1.5625,4.6875,,
181.56057187,220,891,141300,42.2728275,-83.6982175,46.0,19.2799987793,1792.0,57.254901886,5.0,,,,,,,,1.5625,4.6875,,
181.56057187,220,891,141400,42.2728275,-83.6982175,46.0,18.1499996185,1792.0,57.254901886,5.0,,,,,,,,1.5625,4.6875,,
181.56057187,220,891,142400,42.2728275,-83.6982175,47.0,18.1499996185,1792.0,57.254901886,5.0,,,,,,,,1.5625,4.6875,,
181.56057187,220,891,143300,42.2728275,-83.6982175,47.0,18.1499996185,1760.0,57.254901886,5.0,,,,,,,,1.5625,4.6875,,
181.56057187,220,891,143400,42.2728275,-83.6982175,48.0,17.5900001526,1760.0,57.254901886,5.0,,,,,,,,1.5625,4.6875,,
181.56057187,220,891,144100,42.2731813889,-83.6983411111,48.0,17.5900001526,1760.0,57.254901886,5.0,,,,,,,,1.5625,4.6875,,
181.56057187,220,891,144500,42.2731813889,-83.6983411111,50.0,17.5900001526,1760.0,57.254901886,5.0,,,,,,,,1.5625,4.6875,,
181.56057187,220,891,145400,42.2731813889,-83.6983411111,50.0,17.6399993896,1760.0,57.254901886,5.0,,,,,,,,1.5625,4.6875,,
181.56057187,220,891,145500,42.2731813889,-83.6983411111,51.0,17.6399993896,1760.0,57.254901886,5.0,,,,,,,,1.5625,4.6875,,
181.56057187,220,891,145600,42.2731813889,-83.6983411111,51.0,17.6399993896,1760.0,57.254901886,5.0,,,,,,,,0.78125,4.6875,,
181.56057187,220,891,146500,42.2731813889,-83.6983411111,52.0,17.6399993896,1760.0,57.254901886,5.0,,,,,,,,0.78125,4.6875,,
181.56057187,220,891,147100,42.2735630556,-83.6984186111,52.0,17.6399993896,1760.0,57.254901886,5.0,,,,,,,,0.78125,4.6875,,
181.56057187,220,891,147400,42.2735630556,-83.6984186111,52.0,17.6999988556,1760.0,57.254901886,5.0,,,,,,,,0.78125,4.6875,,
181.56057187,220,891,147600,42.2735630556,-83.6984186111,53.0,17.6999988556,1760.0,57.254901886,5.0,,,,,,,,0.78125,4.6875,,
181.56057187,220,891,148600,42.2735630556,-83.6984186111,54.0,17.6999988556,1760.0,57.254901886,5.0,,,,,,,,0.78125,4.6875,,
181.56057187,220,891,149300,42.2735630556,-83.6984186111,54.0,17.6999988556,1408.0,57.254901886,5.0,,,,,,,,0.78125,4.6875,,
181.56057187,220,891,149400,42.2735630556,-83.6984186111,54.0,11.5699996948,1408.0,57.254901886,5.0,,,,,,,,0.78125,4.6875,,
181.56057187,220,891,149700,42.2735630556,-83.6984186111,57.0,11.5699996948,1408.0,57.254901886,5.0,,,,,,,,0.78125,4.6875,,
181.56057187,220,891,150000,42.27399,-83.6984758333,57.0,11.5699996948,1408.0,57.254901886,5.0,,,,,,,,0.78125,4.6875,,
181.56057187,220,891,150200,42.27399,-83.6984758333,57.0,11.5699996948,1408.0,50.1960792542,5.0,,,,,,,,0.78125,4.6875,,
181.56057187,220,891,150600,42.27399,-83.6984758333,57.0,11.5699996948,1408.0,50.1960792542,5.0,,,,,,,,-1.5625,4.6875,,
181.56057187,220,891,151300,42.27399,-83.6984758333,57.0,11.5699996948,1024.0,50.1960792542,5.0,,,,,,,,-1.5625,4.6875,,
181.56057187,220,891,151400,42.27399,-83.6984758333,57.0,1.33999991417,1024.0,50.1960792542,5.0,,,,,,,,-1.5625,4.6875,,
181.56057187,220,891,153000,42.2744222222,-83.6985127778,57.0,1.33999991417,1024.0,50.1960792542,5.0,,,,,,,,-1.5625,4.6875,,
181.56057187,220,891,153300,42.2744222222,-83.6985127778,57.0,1.33999991417,0.0,50.1960792542,5.0,,,,,,,,-1.5625,4.6875,,
181.56057187,220,891,153400,42.2744222222,-83.6985127778,57.0,0.42999997735,0.0,50.1960792542,5.0,,,,,,,,-1.5625,4.6875,,
181.56057187,220,891,154900,42.2744222222,-83.6985127778,56.0,0.42999997735,0.0,50.1960792542,5.0,,,,,,,,-1.5625,4.6875,,
181.56057187,220,891,155300,42.2744222222,-83.6985127778,56.0,0.42999997735,0.0,0.0,5.0,,,,,,,,-1.5625,4.6875,,
181.56057187,220,891,156000,42.2748463889,-83.6985363889,56.0,0.42999997735,0.0,0.0,5.0,,,,,,,,-1.5625,4.6875,,
181.56057187,220,891,159000,42.2752719444,-83.6985661111,56.0,0.42999997735,0.0,0.0,5.0,,,,,,,,-1.5625,4.6875,,
181.56057187,220,891,160700,42.2752719444,-83.6985661111,56.0,0.42999997735,0.0,0.0,5.0,,,,,,,,0.0,4.6875,,
181.56057187,220,891,161300,42.2752719444,-83.6985661111,55.0,0.42999997735,0.0,0.0,5.0,,,,,,,,0.0,4.6875,,
181.56057187,220,891,162100,42.2756927778,-83.6986002778,55.0,0.42999997735,0.0,0.0,5.0,,,,,,,,0.0,4.6875,,
181.56057187,220,891,164400,42.2756927778,-83.6986002778,54.0,0.42999997735,0.0,0.0,5.0,,,,,,,,0.0,4.6875,,
181.56057187,220,891,165100,42.2761036111,-83.6986336111,54.0,0.42999997735,0.0,0.0,5.0,,,,,,,,0.0,4.6875,,
181.56057187,220,891,165500,42.2761036111,-83.6986336111,53.0,0.42999997735,0.0,0.0,5.0,,,,,,,,0.0,4.6875,,
181.56057187,220,891,166500,42.2761036111,-83.6986336111,52.0,0.42999997735,0.0,0.0,5.0,,,,,,,,0.0,4.6875,,
181.56057187,220,891,167500,42.2761036111,-83.6986336111,51.0,0.42999997735,0.0,0.0,5.0,,,,,,,,0.0,4.6875,,
181.56057187,220,891,168000,42.2764944444,-83.6986547222,51.0,0.42999997735,0.0,0.0,5.0,,,,,,,,0.0,4.6875,,
181.56057187,220,891,168600,42.2764944444,-83.6986547222,50.0,0.42999997735,0.0,0.0,5.0,,,,,,,,0.0,4.6875,,
181.56057187,220,891,169600,42.2764944444,-83.6986547222,49.0,0.42999997735,0.0,0.0,5.0,,,,,,,,0.0,4.6875,,
181.56057187,220,891,169700,42.2764944444,-83.6986547222,49.0,0.42999997735,0.0,0.0,5.0,,,,,,,,0.0,7.03125,,
181.56057187,220,891,170700,42.2764944444,-83.6986547222,48.0,0.42999997735,0.0,0.0,5.0,,,,,,,,0.0,7.03125,,
181.56057187,220,891,171000,42.2768636111,-83.6986694444,48.0,0.42999997735,0.0,0.0,5.0,,,,,,,,0.0,7.03125,,
181.56057187,220,891,171700,42.2768636111,-83.6986694444,47.0,0.42999997735,0.0,0.0,5.0,,,,,,,,0.0,7.03125,,
181.56057187,220,891,172700,42.2768636111,-83.6986694444,41.0,0.42999997735,0.0,0.0,5.0,,,,,,,,0.0,7.03125,,
181.56057187,220,891,173800,42.2768636111,-83.6986694444,34.0,0.42999997735,0.0,0.0,5.0,,,,,,,,0.0,7.03125,,
181.56057187,220,891,174000,42.2771522222,-83.6986852778,34.0,0.42999997735,0.0,0.0,5.0,,,,,,,,0.0,7.03125,,
181.56057187,220,891,174800,42.2771522222,-83.6986852778,28.0,0.42999997735,0.0,0.0,5.0,,,,,,,,0.0,7.03125,,
181.56057187,220,891,175900,42.2771522222,-83.6986852778,23.0,0.42999997735,0.0,0.0,5.0,,,,,,,,0.0,7.03125,,
181.56057187,220,891,176900,42.2771522222,-83.6986852778,15.0,0.42999997735,0.0,0.0,5.0,,,,,,,,0.0,7.03125,,
181.56057187,220,891,177100,42.2773088889,-83.698695,15.0,0.42999997735,0.0,0.0,5.0,,,,,,,,0.0,7.03125,,
181.56057187,220,891,177900,42.2773088889,-83.698695,12.0,0.42999997735,0.0,0.0,5.0,,,,,,,,0.0,7.03125,,
181.56057187,220,891,179000,42.2773088889,-83.698695,8.0,0.42999997735,0.0,0.0,5.0,,,,,,,,0.0,7.03125,,
181.56057187,220,891,180000,42.2773088889,-83.698695,4.0,0.42999997735,0.0,0.0,5.0,,,,,,,,0.0,7.03125,,
181.56057187,220,891,180100,42.27737,-83.6987,4.0,0.42999997735,0.0,0.0,5.0,,,,,,,,0.0,7.03125,,
181.56057187,220,891,181100,42.27737,-83.6987,3.0,0.42999997735,0.0,0.0,5.0,,,,,,,,0.0,7.03125,,
181.56057187,220,891,184000,42.27737,-83.6987,0.0,0.42999997735,0.0,0.0,5.0,,,,,,,,0.0,7.03125,,
181.56057187,220,891,184400,42.27737,-83.6987,0.0,0.42999997735,0.0,0.0,6.0,,,,,,,,0.0,7.03125,,
181.56057187,220,891,184700,42.27737,-83.6987,0.0,0.42999997735,0.0,0.0,6.0,,,,,,,,0.0,4.6875,,
181.56057187,220,891,210100,42.27739,-83.6987208333,0.0,0.42999997735,0.0,0.0,6.0,,,,,,,,0.0,4.6875,,
181.56057187,220,891,220000,42.2773927778,-83.6987236111,0.0,0.42999997735,0.0,0.0,6.0,,,,,,,,0.0,4.6875,,
181.56057187,220,891,220200,42.2773927778,-83.6987236111,5.0,0.42999997735,0.0,0.0,6.0,,,,,,,,0.0,4.6875,,
181.56057187,220,891,222200,42.2773927778,-83.6987236111,12.0,0.42999997735,0.0,0.0,6.0,,,,,,,,0.0,4.6875,,
181.56057187,220,891,223100,42.2774869444,-83.6987252778,12.0,0.42999997735,0.0,0.0,6.0,,,,,,,,0.0,4.6875,,
181.56057187,220,891,223300,42.2774869444,-83.6987252778,15.0,0.42999997735,0.0,0.0,6.0,,,,,,,,0.0,4.6875,,
181.56057187,220,891,224300,42.2774869444,-83.6987252778,20.0,0.42999997735,0.0,0.0,6.0,,,,,,,,0.0,4.6875,,
181.56057187,220,891,225300,42.2774869444,-83.6987252778,24.0,0.42999997735,0.0,0.0,6.0,,,,,,,,0.0,4.6875,,
181.56057187,220,891,226100,42.2776675,-83.6987277778,24.0,0.42999997735,0.0,0.0,6.0,,,,,,,,0.0,4.6875,,
181.56057187,220,891,226400,42.2776675,-83.6987277778,27.0,0.42999997735,0.0,0.0,6.0,,,,,,,,0.0,4.6875,,
181.56057187,220,891,227400,42.2776675,-83.6987277778,29.0,0.42999997735,0.0,0.0,6.0,,,,,,,,0.0,4.6875,,
181.56057187,220,891,228500,42.2776675,-83.6987277778,32.0,0.42999997735,0.0,0.0,6.0,,,,,,,,0.0,4.6875,,
181.56057187,220,891,229000,42.2779122222,-83.6987386111,32.0,0.42999997735,0.0,0.0,6.0,,,,,,,,0.0,4.6875,,
181.56057187,220,891,229600,42.2779122222,-83.6987386111,34.0,0.42999997735,0.0,0.0,6.0,,,,,,,,0.0,4.6875,,
181.56057187,220,891,230400,42.2779122222,-83.6987386111,34.0,1.77999997139,0.0,36.4705886841,6.0,,,,,,,,0.0,4.6875,,
181.56057187,220,891,230700,42.2779122222,-83.6987386111,37.0,1.77999997139,0.0,36.4705886841,6.0,,,,,,,,0.0,4.6875,,
181.56057187,220,891,231700,42.2779122222,-83.6987386111,39.0,1.77999997139,0.0,36.4705886841,6.0,,,,,,,,0.0,4.6875,,
181.56057187,220,891,232000,42.2782061111,-83.6987494444,39.0,1.77999997139,0.0,36.4705886841,6.0,,,,,,,,0.0,4.6875,,
181.56057187,220,891,232300,42.2782061111,-83.6987494444,39.0,1.77999997139,1737.0,36.4705886841,6.0,,,,,,,,0.0,4.6875,,
181.56057187,220,891,232500,42.2782061111,-83.6987494444,39.0,18.4200000763,1737.0,36.4705886841,6.0,,,,,,,,0.0,4.6875,,
181.56057187,220,891,232800,42.2782061111,-83.6987494444,42.0,18.4200000763,1737.0,36.4705886841,6.0,,,,,,,,0.0,4.6875,,
181.56057187,220,891,233900,42.2782061111,-83.6987494444,45.0,18.4200000763,1737.0,36.4705886841,6.0,,,,,,,,0.0,4.6875,,
181.56057187,220,891,234300,42.2782061111,-83.6987494444,45.0,18.4200000763,1696.0,36.4705886841,6.0,,,,,,,,0.0,4.6875,,
181.56057187,220,891,234500,42.2782061111,-83.6987494444,45.0,16.9599990845,1696.0,36.4705886841,6.0,,,,,,,,0.0,4.6875,,
181.56057187,220,891,234900,42.2782061111,-83.6987494444,47.0,16.9599990845,1696.0,36.4705886841,6.0,,,,,,,,0.0,4.6875,,
181.56057187,220,891,235100,42.2785508333,-83.6987777778,47.0,16.9599990845,1696.0,36.4705886841,6.0,,,,,,,,0.0,4.6875,,
181.56057187,220,891,235500,42.2785508333,-83.6987777778,47.0,16.9599990845,1696.0,57.254901886,6.0,,,,,,,,0.0,4.6875,,
181.56057187,220,891,235900,42.2785508333,-83.6987777778,49.0,16.9599990845,1696.0,57.254901886,6.0,,,,,,,,0.0,4.6875,,
181.56057187,220,891,236300,42.2785508333,-83.6987777778,49.0,16.9599990845,1664.0,57.254901886,6.0,,,,,,,,0.0,4.6875,,
181.56057187,220,891,236500,42.2785508333,-83.6987777778,49.0,16.6499996185,1664.0,57.254901886,6.0,,,,,,,,0.0,4.6875,,
181.56057187,220,891,237000,42.2785508333,-83.6987777778,50.0,16.6499996185,1664.0,57.254901886,6.0,,,,,,,,0.0,4.6875,,
181.56057187,220,891,238000,42.2789283333,-83.6988358333,52.0,16.6499996185,1664.0,57.254901886,6.0,,,,,,,,0.0,4.6875,,
181.56057187,220,891,238500,42.2789283333,-83.6988358333,52.0,16.5399990082,1664.0,57.254901886,6.0,,,,,,,,0.0,4.6875,,
181.56057187,220,891,239100,42.2789283333,-83.6988358333,54.0,16.5399990082,1664.0,57.254901886,6.0,,,,,,,,0.0,4.6875,,
181.56057187,220,891,240100,42.2789283333,-83.6988358333,55.0,16.5399990082,1664.0,57.254901886,6.0,,,,,,,,0.0,4.6875,,
181.56057187,220,891,240500,42.2789283333,-83.6988358333,55.0,16.5900001526,1664.0,56.8627471924,6.0,,,,,,,,0.0,4.6875,,
181.56057187,220,891,240800,42.2789283333,-83.6988358333,55.0,16.5900001526,1664.0,56.8627471924,6.0,,,,,,,,1.5625,4.6875,,
181.56057187,220,891,241100,42.2793419444,-83.6989208333,57.0,16.5900001526,1664.0,56.8627471924,6.0,,,,,,,,1.5625,4.6875,,
181.56057187,220,891,242200,42.2793419444,-83.6989208333,58.0,16.5900001526,1664.0,56.8627471924,6.0,,,,,,,,1.5625,4.6875,,
181.56057187,220,891,242500,42.2793419444,-83.6989208333,58.0,16.2600002289,1664.0,56.8627471924,6.0,,,,,,,,1.5625,4.6875,,
181.56057187,220,891,243200,42.2793419444,-83.6989208333,59.0,16.2600002289,1664.0,56.8627471924,6.0,,,,,,,,1.5625,4.6875,,
181.56057187,220,891,244100,42.2797797222,-83.6990294444,59.0,16.2600002289,1664.0,56.8627471924,6.0,,,,,,,,1.5625,4.6875,,
181.56057187,220,891,244300,42.2797797222,-83.6990294444,60.0,16.2600002289,1664.0,56.8627471924,6.0,,,,,,,,1.5625,4.6875,,
181.56057187,220,891,244500,42.2797797222,-83.6990294444,60.0,16.3099994659,1664.0,56.8627471924,6.0,,,,,,,,1.5625,4.6875,,
181.56057187,220,891,245300,42.2797797222,-83.6990294444,61.0,16.3099994659,1664.0,56.8627471924,6.0,,,,,,,,1.5625,4.6875,,
181.56057187,220,891,245500,42.2797797222,-83.6990294444,61.0,16.3099994659,1664.0,55.6862754822,6.0,,,,,,,,1.5625,4.6875,,
181.56057187,220,891,245900,42.2797797222,-83.6990294444,61.0,16.3099994659,1664.0,55.6862754822,6.0,,,,,,,,0.78125,4.6875,,
181.56057187,220,891,246300,42.2797797222,-83.6990294444,62.0,16.3099994659,1664.0,55.6862754822,6.0,,,,,,,,0.78125,4.6875,,
181.56057187,220,891,246400,42.2797797222,-83.6990294444,62.0,16.3099994659,1600.0,55.6862754822,6.0,,,,,,,,0.78125,4.6875,,
181.56057187,220,891,246500,42.2797797222,-83.6990294444,62.0,14.9499998093,1600.0,55.6862754822,6.0,,,,,,,,0.78125,4.6875,,
181.56057187,220,891,247000,42.2802347222,-83.6991663889,62.0,14.9499998093,1600.0,55.6862754822,6.0,,,,,,,,0.78125,4.6875,,
181.56057187,220,891,248300,42.2802347222,-83.6991663889,62.0,14.9499998093,1536.0,55.6862754822,6.0,,,,,,,,0.78125,4.6875,,
181.56057187,220,891,248400,42.2802347222,-83.6991663889,63.0,14.9499998093,1536.0,55.6862754822,6.0,,,,,,,,0.78125,4.6875,,
181.56057187,220,891,248500,42.2802347222,-83.6991663889,63.0,14.7599992752,1536.0,55.6862754822,6.0,,,,,,,,0.78125,4.6875,,
181.56057187,220,891,250000,42.2807,-83.6993261111,63.0,14.7599992752,1536.0,55.6862754822,6.0,,,,,,,,0.78125,4.6875,,
181.56057187,220,891,250300,42.2807,-83.6993261111,63.0,14.7599992752,1504.0,55.6862754822,6.0,,,,,,,,0.78125,4.6875,,
181.56057187,220,891,250500,42.2807,-83.6993261111,64.0,14.8499994278,1504.0,55.6862754822,6.0,,,,,,,,0.78125,4.6875,,
181.56057187,220,891,252500,42.2807,-83.6993261111,64.0,14.6700000763,1504.0,55.6862754822,6.0,,,,,,,,0.78125,4.6875,,
181.56057187,220,891,252600,42.2807,-83.6993261111,63.0,14.6700000763,1504.0,55.6862754822,6.0,,,,,,,,0.78125,4.6875,,
181.56057187,220,891,253100,42.2811666667,-83.6995086111,63.0,14.6700000763,1504.0,55.6862754822,6.0,,,,,,,,0.78125,4.6875,,
181.56057187,220,891,254500,42.2811666667,-83.6995086111,63.0,14.1399993896,1504.0,55.6862754822,6.0,,,,,,,,0.78125,4.6875,,
181.56057187,220,891,255600,42.2811666667,-83.6995086111,63.0,14.1399993896,1504.0,47.4509811401,6.0,,,,,,,,0.78125,4.6875,,
181.56057187,220,891,256100,42.2816161111,-83.6997130556,63.0,14.1399993896,1504.0,47.4509811401,6.0,,,,,,,,0.78125,4.6875,,
181.56057187,220,891,256300,42.2816161111,-83.6997130556,63.0,14.1399993896,1248.0,47.4509811401,6.0,,,,,,,,0.78125,4.6875,,
181.56057187,220,891,256500,42.2816161111,-83.6997130556,63.0,10.6199998856,1248.0,47.4509811401,6.0,,,,,,,,0.78125,4.6875,,
181.56057187,220,891,258500,42.2816161111,-83.6997130556,63.0,10.8699998856,1248.0,47.4509811401,6.0,,,,,,,,0.78125,4.6875,,
181.56057187,220,891,258800,42.2816161111,-83.6997130556,64.0,10.8699998856,1248.0,47.4509811401,6.0,,,,,,,,0.78125,4.6875,,
181.56057187,220,891,259000,42.2820536111,-83.6999325,64.0,10.8699998856,1248.0,47.4509811401,6.0,,,,,,,,0.78125,4.6875,,
181.56057187,220,891,259900,42.2820536111,-83.6999325,65.0,10.8699998856,1248.0,47.4509811401,6.0,,,,,,,,0.78125,4.6875,,
181.56057187,220,891,260300,42.2820536111,-83.6999325,65.0,10.8699998856,992.0,47.4509811401,6.0,,,,,,,,0.78125,4.6875,,
181.56057187,220,891,260500,42.2820536111,-83.6999325,65.0,6.15000009537,992.0,47.4509811401,6.0,,,,,,,,0.78125,4.6875,,
181.56057187,220,891,260700,42.2820536111,-83.6999325,65.0,6.15000009537,992.0,37.6470603943,6.0,,,,,,,,0.78125,4.6875,,
181.56057187,220,891,260900,42.2820536111,-83.6999325,66.0,6.15000009537,992.0,37.6470603943,6.0,,,,,,,,0.78125,4.6875,,
181.56057187,220,891,261000,42.2820536111,-83.6999325,66.0,6.15000009537,992.0,37.6470603943,6.0,,,,,,,,-0.78125,4.6875,,
181.56057187,220,891,262000,42.2824983333,-83.700195,66.0,6.15000009537,992.0,37.6470603943,6.0,,,,,,,,-0.78125,4.6875,,
181.56057187,220,891,262300,42.2824983333,-83.700195,66.0,6.15000009537,0.0,37.6470603943,6.0,,,,,,,,-0.78125,4.6875,,
181.56057187,220,891,262500,42.2824983333,-83.700195,66.0,4.33999967575,0.0,37.6470603943,6.0,,,,,,,,-0.78125,4.6875,,
181.56057187,220,891,263000,42.2824983333,-83.700195,67.0,4.33999967575,0.0,37.6470603943,6.0,,,,,,,,-0.78125,4.6875,,
181.56057187,220,891,264500,42.2824983333,-83.700195,67.0,0.42999997735,0.0,37.6470603943,6.0,,,,,,,,-0.78125,4.6875,,
181.56057187,220,891,265000,42.2829486111,-83.7004925,67.0,0.42999997735,0.0,37.6470603943,6.0,,,,,,,,-0.78125,4.6875,,
181.56057187,220,891,265700,42.2829486111,-83.7004925,67.0,0.42999997735,0.0,0.0,6.0,,,,,,,,-0.78125,4.6875,,
181.56057187,220,891,266100,42.2829486111,-83.7004925,67.0,0.42999997735,0.0,0.0,6.0,,,,,,,,0.0,4.6875,,
181.56057187,220,891,269000,42.2835344444,-83.7009005556,67.0,0.42999997735,0.0,0.0,6.0,,,,,,,,0.0,4.6875,,
181.56057187,220,891,270500,42.2835344444,-83.7009005556,66.0,0.42999997735,0.0,0.0,6.0,,,,,,,,0.0,4.6875,,
181.56057187,220,891,272000,42.2839736111,-83.7012136111,66.0,0.42999997735,0.0,0.0,6.0,,,,,,,,0.0,4.6875,,
181.56057187,220,891,275100,42.2844122222,-83.7015269444,66.0,0.42999997735,0.0,0.0,6.0,,,,,,,,0.0,4.6875,,
181.56057187,220,891,278000,42.2848441667,-83.7018386111,66.0,0.42999997735,0.0,0.0,6.0,,,,,,,,0.0,4.6875,,
181.56057187,220,891,280900,42.2848441667,-83.7018386111,66.0,0.42999997735,0.0,0.0,6.0,,,,,,,,0.0,6.25,,
181.56057187,220,891,281000,42.2852813889,-83.7021483333,66.0,0.42999997735,0.0,0.0,6.0,,,,,,,,0.0,6.25,,
181.56057187,220,891,284000,42.2857291667,-83.702455,65.0,0.42999997735,0.0,0.0,6.0,,,,,,,,0.0,6.25,,
181.56057187,220,891,285000,42.2857291667,-83.702455,66.0,0.42999997735,0.0,0.0,6.0,,,,,,,,0.0,6.25,,
181.56057187,220,891,287000,42.2861558333,-83.702765,66.0,0.42999997735,0.0,0.0,6.0,,,,,,,,0.0,6.25,,
181.56057187,220,891,289200,42.2861558333,-83.702765,67.0,0.42999997735,0.0,0.0,6.0,,,,,,,,0.0,6.25,,
181.56057187,220,891,290100,42.2866077778,-83.7030275,67.0,0.42999997735,0.0,0.0,6.0,,,,,,,,0.0,6.25,,
181.56057187,220,891,293100,42.2871066667,-83.7031727778,67.0,0.42999997735,0.0,0.0,6.0,,,,,,,,0.0,6.25,,
181.56057187,220,891,293300,42.2871066667,-83.7031727778,66.0,0.42999997735,0.0,0.0,6.0,,,,,,,,0.0,6.25,,
181.56057187,220,891,296000,42.287595,-83.7033008333,66.0,0.42999997735,0.0,0.0,6.0,,,,,,,,0.0,6.25,,
181.56057187,220,891,296500,42.287595,-83.7033008333,65.0,0.42999997735,0.0,0.0,6.0,,,,,,,,0.0,6.25,,
181.56057187,220,891,299000,42.2880794444,-83.7034313889,65.0,0.42999997735,0.0,0.0,6.0,,,,,,,,0.0,6.25,,
181.56057187,220,891,299600,42.2880794444,-83.7034313889,64.0,0.42999997735,0.0,0.0,6.0,,,,,,,,0.0,6.25,,
181.56057187,220,891,302100,42.2885566667,-83.7035605556,64.0,0.42999997735,0.0,0.0,6.0,,,,,,,,0.0,6.25,,
181.56057187,220,891,302500,42.2885566667,-83.7035605556,64.0,0.42999997735,1632.0,0.0,6.0,,,,,,,,0.0,6.25,,
181.56057187,220,891,302700,42.2885566667,-83.7035605556,64.0,14.3199996948,1632.0,0.0,6.0,,,,,,,,0.0,6.25,,
181.56057187,220,891,302800,42.2885566667,-83.7035605556,65.0,14.3199996948,1632.0,0.0,6.0,,,,,,,,0.0,6.25,,
181.56057187,220,891,304600,42.2885566667,-83.7035605556,65.0,14.3199996948,1557.0,0.0,6.0,,,,,,,,0.0,6.25,,
181.56057187,220,891,304700,42.2885566667,-83.7035605556,65.0,15.2299995422,1557.0,0.0,6.0,,,,,,,,0.0,6.25,,
181.56057187,220,891,305000,42.2890455556,-83.7037066667,65.0,15.2299995422,1557.0,0.0,6.0,,,,,,,,0.0,6.25,,
181.56057187,220,891,306000,42.2890455556,-83.7037066667,66.0,15.2299995422,1557.0,56.4705886841,6.0,,,,,,,,0.0,6.25,,
181.56057187,220,891,306300,42.2890455556,-83.7037066667,66.0,15.2299995422,1557.0,56.4705886841,6.0,,,,,,,,0.78125,6.25,,
181.56057187,220,891,306600,42.2890455556,-83.7037066667,66.0,15.2299995422,1440.0,56.4705886841,6.0,,,,,,,,0.78125,6.25,,
181.56057187,220,891,306700,42.2890455556,-83.7037066667,66.0,14.3999996185,1440.0,56.4705886841,6.0,,,,,,,,0.78125,6.25,,
181.56057187,220,891,308100,42.2895311111,-83.7038525,66.0,14.3999996185,1440.0,56.4705886841,6.0,,,,,,,,0.78125,6.25,,
181.56057187,220,891,308700,42.2895311111,-83.7038525,66.0,14.5899991989,1440.0,56.4705886841,6.0,,,,,,,,0.78125,6.25,,
181.56057187,220,891,309100,42.2895311111,-83.7038525,65.0,14.5899991989,1440.0,56.4705886841,6.0,,,,,,,,0.78125,6.25,,
181.56057187,220,891,310600,42.2895311111,-83.7038525,65.0,14.5899991989,1536.0,56.4705886841,6.0,,,,,,,,0.78125,6.25,,
181.56057187,220,891,310700,42.2895311111,-83.7038525,65.0,15.3699998856,1536.0,56.4705886841,6.0,,,,,,,,0.78125,6.25,,
181.56057187,220,891,311000,42.2895311111,-83.7038525,65.0,15.3699998856,1536.0,56.4705886841,6.0,,,,,,,,0.78125,4.6875,,
181.56057187,220,891,311100,42.2900141667,-83.7040019444,65.0,15.3699998856,1536.0,56.4705886841,6.0,,,,,,,,0.78125,4.6875,,
181.56057187,220,891,311400,42.2900141667,-83.7040019444,65.0,15.3699998856,1536.0,56.4705886841,6.0,,,,,,,,2.34375,4.6875,,
181.56057187,220,891,312700,42.2900141667,-83.7040019444,65.0,15.279999733,1536.0,56.4705886841,6.0,,,,,,,,2.34375,4.6875,,
181.56057187,220,891,313300,42.2900141667,-83.7040019444,64.0,15.279999733,1536.0,56.4705886841,6.0,,,,,,,,2.34375,4.6875,,
181.56057187,220,891,314100,42.2904833333,-83.7041847222,64.0,15.279999733,1536.0,56.4705886841,6.0,,,,,,,,2.34375,4.6875,,
181.56057187,220,891,314700,42.2904833333,-83.7041847222,64.0,15.3999996185,1536.0,56.4705886841,6.0,,,,,,,,2.34375,4.6875,,
181.56057187,220,891,315400,42.2904833333,-83.7041847222,65.0,15.3999996185,1536.0,56.4705886841,6.0,,,,,,,,2.34375,4.6875,,
181.56057187,220,891,316100,42.2904833333,-83.7041847222,65.0,15.3999996185,1536.0,56.0784339905,6.0,,,,,,,,2.34375,4.6875,,
181.56057187,220,891,316400,42.2904833333,-83.7041847222,65.0,15.3999996185,1536.0,56.0784339905,6.0,,,,,,,,0.78125,4.6875,,
181.56057187,220,891,316700,42.2904833333,-83.7041847222,65.0,15.1700000763,1536.0,56.0784339905,6.0,,,,,,,,0.78125,4.6875,,
181.56057187,220,891,317000,42.2909380556,-83.7044530556,65.0,15.1700000763,1536.0,56.0784339905,6.0,,,,,,,,0.78125,4.6875,,
181.56057187,220,891,318500,42.2909380556,-83.7044530556,66.0,15.1700000763,1536.0,56.0784339905,6.0,,,,,,,,0.78125,4.6875,,
181.56057187,220,891,318700,42.2909380556,-83.7044530556,66.0,15.5099992752,1536.0,56.0784339905,6.0,,,,,,,,0.78125,4.6875,,
181.56057187,220,891,320000,42.2913805556,-83.7047897222,66.0,15.5099992752,1536.0,56.0784339905,6.0,,,,,,,,0.78125,4.6875,,
181.56057187,220,891,320600,42.2913805556,-83.7047897222,65.0,15.5099992752,1344.0,56.0784339905,6.0,,,,,,,,0.78125,4.6875,,
181.56057187,220,891,320700,42.2913805556,-83.7047897222,65.0,12.2599992752,1344.0,56.0784339905,6.0,,,,,,,,0.78125,4.6875,,
181.56057187,220,891,321100,42.2913805556,-83.7047897222,65.0,12.2599992752,1344.0,54.1176490784,6.0,,,,,,,,0.78125,4.6875,,
181.56057187,220,891,321500,42.2913805556,-83.7047897222,65.0,12.2599992752,1344.0,54.1176490784,6.0,,,,,,,,1.5625,4.6875,,
181.56057187,220,891,321600,42.2913805556,-83.7047897222,64.0,12.2599992752,1344.0,54.1176490784,6.0,,,,,,,,1.5625,4.6875,,
181.56057187,220,891,322600,42.2913805556,-83.7047897222,64.0,12.2599992752,1408.0,54.1176490784,6.0,,,,,,,,1.5625,4.6875,,
181.56057187,220,891,322700,42.2913805556,-83.7047897222,64.0,13.8400001526,1408.0,54.1176490784,6.0,,,,,,,,1.5625,4.6875,,
181.56057187,220,891,323000,42.2918072222,-83.7050905556,64.0,13.8400001526,1408.0,54.1176490784,6.0,,,,,,,,1.5625,4.6875,,
181.56057187,220,891,323700,42.2918072222,-83.7050905556,63.0,13.8400001526,1408.0,54.1176490784,6.0,,,,,,,,1.5625,4.6875,,
181.56057187,220,891,324600,42.2918072222,-83.7050905556,63.0,13.8400001526,1536.0,54.1176490784,6.0,,,,,,,,1.5625,4.6875,,
181.56057187,220,891,324700,42.2918072222,-83.7050905556,63.0,14.3400001526,1536.0,54.1176490784,6.0,,,,,,,,1.5625,4.6875,,
181.56057187,220,891,325800,42.2918072222,-83.7050905556,62.0,14.3400001526,1536.0,54.1176490784,6.0,,,,,,,,1.5625,4.6875,,
181.56057187,220,891,326200,42.2918072222,-83.7050905556,62.0,14.3400001526,1536.0,54.9019622803,6.0,,,,,,,,1.5625,4.6875,,
181.56057187,220,891,326500,42.2918072222,-83.7050905556,62.0,14.3400001526,1536.0,54.9019622803,6.0,,,,,,,,0.78125,4.6875,,
181.56057187,220,891,326600,42.2918072222,-83.7050905556,62.0,14.3400001526,1440.0,54.9019622803,6.0,,,,,,,,0.78125,4.6875,,
181.56057187,220,891,326700,42.2918072222,-83.7050905556,62.0,13.8400001526,1440.0,54.9019622803,6.0,,,,,,,,0.78125,4.6875,,
181.56057187,220,891,327000,42.2924280556,-83.7052544444,62.0,13.8400001526,1440.0,54.9019622803,6.0,,,,,,,,0.78125,4.6875,,
181.56057187,220,891,327900,42.2924280556,-83.7052544444,61.0,13.8400001526,1440.0,54.9019622803,6.0,,,,,,,,0.78125,4.6875,,
181.56057187,220,891,328600,42.2924280556,-83.7052544444,61.0,13.8400001526,1472.0,54.9019622803,6.0,,,,,,,,0.78125,4.6875,,
181.56057187,220,891,328700,42.2924280556,-83.7052544444,61.0,14.5899991989,1472.0,54.9019622803,6.0,,,,,,,,0.78125,4.6875,,
181.56057187,220,891,328900,42.2924280556,-83.7052544444,60.0,14.5899991989,1472.0,54.9019622803,6.0,,,,,,,,0.78125,4.6875,,
181.56057187,220,891,329100,42.2927363889,-83.7052261111,60.0,14.5899991989,1472.0,54.9019622803,6.0,,,,,,,,0.78125,4.6875,,
181.56057187,220,891,330600,42.2927363889,-83.7052261111,60.0,14.5899991989,1568.0,54.9019622803,6.0,,,,,,,,0.78125,4.6875,,
181.56057187,220,891,330700,42.2927363889,-83.7052261111,60.0,15.3099994659,1568.0,54.9019622803,6.0,,,,,,,,0.78125,4.6875,,
181.56057187,220,891,331200,42.2927363889,-83.7052261111,60.0,15.3099994659,1568.0,55.2941169739,6.0,,,,,,,,0.78125,4.6875,,
181.56057187,220,891,332000,42.2927363889,-83.7052261111,59.0,15.3099994659,1568.0,55.2941169739,6.0,,,,,,,,0.78125,4.6875,,
181.56057187,220,891,332700,42.2927363889,-83.7052261111,59.0,15.529999733,1568.0,55.2941169739,6.0,,,,,,,,0.78125,4.6875,,
181.56057187,220,891,333100,42.2932902778,-83.7049869444,58.0,15.529999733,1568.0,55.2941169739,6.0,,,,,,,,0.78125,4.6875,,
181.56057187,220,891,334600,42.2932902778,-83.7049869444,58.0,15.529999733,1682.0,55.2941169739,6.0,,,,,,,,0.78125,4.6875,,
181.56057187,220,891,334700,42.2932902778,-83.7049869444,58.0,16.1800003052,1682.0,55.2941169739,6.0,,,,,,,,0.78125,4.6875,,
181.56057187,220,891,336100,42.2936983333,-83.7047952778,58.0,16.1800003052,1682.0,55.2941169739,6.0,,,,,,,,0.78125,4.6875,,
181.56057187,220,891,336300,42.2936983333,-83.7047952778,58.0,16.1800003052,1682.0,55.6862754822,6.0,,,,,,,,0.78125,4.6875,,
181.56057187,220,891,336600,42.2936983333,-83.7047952778,58.0,16.1800003052,1792.0,55.6862754822,6.0,,,,,,,,0.0,4.6875,,
181.56057187,220,891,336700,42.2936983333,-83.7047952778,58.0,17.3999996185,1792.0,55.6862754822,6.0,,,,,,,,0.0,4.6875,,
181.56057187,220,891,338700,42.2936983333,-83.7047952778,58.0,17.3999996185,1920.0,55.6862754822,6.0,,,,,,,,0.0,4.6875,,
181.56057187,220,891,338800,42.2936983333,-83.7047952778,58.0,19.2299995422,1920.0,55.6862754822,6.0,,,,,,,,0.0,4.6875,,
181.56057187,220,891,339100,42.2941241667,-83.704645,58.0,19.2299995422,1920.0,55.6862754822,6.0,,,,,,,,0.0,4.6875,,
181.56057187,220,891,339400,42.2941241667,-83.704645,59.0,19.2299995422,1920.0,55.6862754822,6.0,,,,,,,,0.0,4.6875,,
181.56057187,220,891,340800,42.2941241667,-83.704645,59.0,19.2600002289,1920.0,55.6862754822,6.0,,,,,,,,0.0,4.6875,,
181.56057187,220,891,341100,42.2941241667,-83.704645,59.0,19.2600002289,1920.0,55.6862754822,6.0,,,,,,,,0.0,6.25,,
181.56057187,220,891,341300,42.2941241667,-83.704645,59.0,19.2600002289,1920.0,56.4705886841,6.0,,,,,,,,0.0,6.25,,
181.56057187,220,891,341500,42.2941241667,-83.704645,60.0,19.2600002289,1920.0,56.4705886841,6.0,,,,,,,,0.0,6.25,,
181.56057187,220,891,341700,42.2941241667,-83.704645,60.0,19.2600002289,1920.0,56.4705886841,6.0,,,,,,,,-0.78125,6.25,,
181.56057187,220,891,342100,42.2945691667,-83.7045552778,60.0,19.2600002289,1920.0,56.4705886841,6.0,,,,,,,,-0.78125,6.25,,
181.56057187,220,891,342500,42.2945691667,-83.7045552778,61.0,19.2600002289,1920.0,56.4705886841,6.0,,,,,,,,-0.78125,6.25,,
181.56057187,220,891,342900,42.2945691667,-83.7045552778,61.0,19.3500003815,1920.0,56.4705886841,6.0,,,,,,,,-0.78125,6.25,,
181.56057187,220,891,343600,42.2945691667,-83.7045552778,62.0,19.3500003815,1920.0,56.4705886841,6.0,,,,,,,,-0.78125,6.25,,
181.56057187,220,891,344600,42.2945691667,-83.7045552778,64.0,19.3500003815,1920.0,56.4705886841,6.0,,,,,,,,-0.78125,6.25,,
181.56057187,220,891,344700,42.2945691667,-83.7045552778,64.0,19.3500003815,1947.0,56.4705886841,6.0,,,,,,,,-0.78125,6.25,,
181.56057187,220,891,344900,42.2945691667,-83.7045552778,64.0,19.1000003815,1947.0,56.4705886841,6.0,,,,,,,,-0.78125,6.25,,
181.56057187,220,891,345000,42.2950544444,-83.7045416667,64.0,19.1000003815,1947.0,56.4705886841,6.0,,,,,,,,-0.78125,6.25,,
181.56057187,220,891,345700,42.2950544444,-83.7045416667,65.0,19.1000003815,1947.0,56.4705886841,6.0,,,,,,,,-0.78125,6.25,,
181.56057187,220,891,346300,42.2950544444,-83.7045416667,65.0,19.1000003815,1947.0,55.2941169739,6.0,,,,,,,,-0.78125,6.25,,
181.56057187,220,891,346700,42.2950544444,-83.7045416667,66.0,19.1000003815,1728.0,55.2941169739,6.0,,,,,,,,-0.78125,6.25,,
181.56057187,220,891,346900,42.2950544444,-83.7045416667,66.0,16.8899993896,1728.0,55.2941169739,6.0,,,,,,,,-0.78125,6.25,,
181.56057187,220,891,347700,42.2950544444,-83.7045416667,67.0,16.8899993896,1728.0,55.2941169739,6.0,,,,,,,,-0.78125,6.25,,
181.56057187,220,891,348100,42.295565,-83.7045941667,67.0,16.8899993896,1728.0,55.2941169739,6.0,,,,,,,,-0.78125,6.25,,
181.56057187,220,891,348700,42.295565,-83.7045941667,67.0,16.8899993896,1792.0,55.2941169739,6.0,,,,,,,,-0.78125,6.25,,
181.56057187,220,891,348800,42.295565,-83.7045941667,68.0,16.8899993896,1792.0,55.2941169739,6.0,,,,,,,,-0.78125,6.25,,
181.56057187,220,891,348900,42.295565,-83.7045941667,68.0,17.5100002289,1792.0,55.2941169739,6.0,,,,,,,,-0.78125,6.25,,
181.56057187,220,891,350700,42.295565,-83.7045941667,68.0,17.5100002289,1728.0,55.2941169739,6.0,,,,,,,,-0.78125,6.25,,
181.56057187,220,891,350900,42.295565,-83.7045941667,68.0,16.8699989319,1728.0,55.2941169739,6.0,,,,,,,,-0.78125,6.25,,
181.56057187,220,891,351100,42.2960741667,-83.7046988889,68.0,16.8699989319,1728.0,55.2941169739,6.0,,,,,,,,-0.78125,6.25,,
181.56057187,220,891,351900,42.2960741667,-83.7046988889,69.0,16.8699989319,1728.0,55.2941169739,6.0,,,,,,,,-0.78125,6.25,,
181.56057187,220,891,352900,42.2960741667,-83.7046988889,69.0,17.1999988556,1728.0,55.2941169739,6.0,,,,,,,,-0.78125,6.25,,
181.56057187,220,891,354100,42.2966011111,-83.7047094444,69.0,17.1999988556,1728.0,55.2941169739,6.0,,,,,,,,-0.78125,6.25,,
181.56057187,220,891,354700,42.2966011111,-83.7047094444,69.0,17.1999988556,1664.0,55.2941169739,6.0,,,,,,,,-0.78125,6.25,,
181.56057187,220,891,354900,42.2966011111,-83.7047094444,69.0,16.2600002289,1664.0,55.2941169739,6.0,,,,,,,,-0.78125,6.25,,
181.56057187,220,891,356700,42.2966011111,-83.7047094444,69.0,16.2600002289,1728.0,55.2941169739,6.0,,,,,,,,-0.78125,6.25,,
181.56057187,220,891,356900,42.2966011111,-83.7047094444,69.0,17.1399993896,1728.0,55.2941169739,6.0,,,,,,,,-0.78125,6.25,,
181.56057187,220,891,357100,42.2971005556,-83.7045627778,70.0,17.1399993896,1728.0,55.2941169739,6.0,,,,,,,,-0.78125,6.25,,
181.56057187,220,891,358900,42.2971005556,-83.7045627778,70.0,16.9599990845,1728.0,55.2941169739,6.0,,,,,,,,-0.78125,6.25,,
181.56057187,220,891,359200,42.2971005556,-83.7045627778,69.0,16.9599990845,1728.0,55.2941169739,6.0,,,,,,,,-0.78125,6.25,,
181.56057187,220,891,360100,42.2975627778,-83.7043283333,69.0,16.9599990845,1728.0,55.2941169739,6.0,,,,,,,,-0.78125,6.25,,
181.56057187,220,891,360200,42.2975627778,-83.7043283333,68.0,16.9599990845,1728.0,55.2941169739,6.0,,,,,,,,-0.78125,6.25,,
181.56057187,220,891,360700,42.2975627778,-83.7043283333,68.0,16.9599990845,1599.0,55.2941169739,6.0,,,,,,,,-0.78125,6.25,,
181.56057187,220,891,360900,42.2975627778,-83.7043283333,68.0,15.0999994278,1599.0,55.2941169739,6.0,,,,,,,,-0.78125,6.25,,
181.56057187,220,891,361400,42.2975627778,-83.7043283333,68.0,15.0999994278,1599.0,54.9019622803,6.0,,,,,,,,-0.78125,6.25,,
181.56057187,220,891,361800,42.2975627778,-83.7043283333,68.0,15.0999994278,1599.0,54.9019622803,6.0,,,,,,,,-1.5625,6.25,,
181.56057187,220,891,362300,42.2975627778,-83.7043283333,67.0,15.0999994278,1599.0,54.9019622803,6.0,,,,,,,,-1.5625,6.25,,
181.56057187,220,891,362700,42.2975627778,-83.7043283333,67.0,15.0999994278,1761.0,54.9019622803,6.0,,,,,,,,-1.5625,6.25,,
181.56057187,220,891,362900,42.2975627778,-83.7043283333,67.0,17.0100002289,1761.0,54.9019622803,6.0,,,,,,,,-1.5625,6.25,,
181.56057187,220,891,363000,42.2980397222,-83.7041986111,67.0,17.0100002289,1761.0,54.9019622803,6.0,,,,,,,,-1.5625,6.25,,
181.56057187,220,891,363300,42.2980397222,-83.7041986111,66.0,17.0100002289,1761.0,54.9019622803,6.0,,,,,,,,-1.5625,6.25,,
181.56057187,220,891,364700,42.2980397222,-83.7041986111,66.0,17.0100002289,1798.0,54.9019622803,6.0,,,,,,,,-1.5625,6.25,,
181.56057187,220,891,364900,42.2980397222,-83.7041986111,66.0,17.5900001526,1798.0,54.9019622803,6.0,,,,,,,,-1.5625,6.25,,
181.56057187,220,891,365400,42.2980397222,-83.7041986111,65.0,17.5900001526,1798.0,54.9019622803,6.0,,,,,,,,-1.5625,6.25,,
181.56057187,220,891,366100,42.2985527778,-83.7041752778,65.0,17.5900001526,1798.0,54.9019622803,6.0,,,,,,,,-1.5625,6.25,,
181.56057187,220,891,366500,42.2985527778,-83.7041752778,65.0,17.5900001526,1798.0,55.2941169739,6.0,,,,,,,,-1.5625,6.25,,
181.56057187,220,891,366700,42.2985527778,-83.7041752778,65.0,17.5900001526,1803.0,55.2941169739,6.0,,,,,,,,-1.5625,6.25,,
181.56057187,220,891,366900,42.2985527778,-83.7041752778,65.0,17.4200000763,1803.0,55.2941169739,6.0,,,,,,,,-2.34375,6.25,,
181.56057187,220,891,368700,42.2985527778,-83.7041752778,65.0,17.4200000763,1792.0,55.2941169739,6.0,,,,,,,,-2.34375,6.25,,
181.56057187,220,891,369100,42.2990533333,-83.704175,65.0,17.4200000763,1792.0,55.2941169739,6.0,,,,,,,,-2.34375,6.25,,
181.56057187,220,891,370900,42.2990533333,-83.704175,65.0,17.4499988556,1792.0,55.2941169739,6.0,,,,,,,,-2.34375,6.25,,
181.56057187,220,891,371100,42.2990533333,-83.704175,65.0,17.4499988556,1792.0,55.2941169739,6.0,,,,,,,,-2.34375,7.03125,,
181.56057187,220,891,371700,42.2990533333,-83.704175,66.0,17.4499988556,1792.0,55.2941169739,6.0,,,,,,,,-2.34375,7.03125,,
181.56057187,220,891,371900,42.2990533333,-83.704175,66.0,17.4499988556,1792.0,55.2941169739,6.0,,,,,,,,-1.5625,7.03125,,
181.56057187,220,891,372000,42.2995577778,-83.7041725,66.0,17.4499988556,1792.0,55.2941169739,6.0,,,,,,,,-1.5625,7.03125,,
181.56057187,220,891,372800,42.2995577778,-83.7041725,66.0,17.4499988556,1824.0,55.2941169739,6.0,,,,,,,,-1.5625,7.03125,,
181.56057187,220,891,372900,42.2995577778,-83.7041725,66.0,17.25,1824.0,55.2941169739,6.0,,,,,,,,-1.5625,7.03125,,
181.56057187,220,891,374800,42.2995577778,-83.7041725,66.0,17.25,1440.0,55.2941169739,6.0,,,,,,,,-1.5625,7.03125,,
181.56057187,220,891,374900,42.2995577778,-83.7041725,66.0,13.75,1440.0,55.2941169739,6.0,,,,,,,,-1.5625,7.03125,,
181.56057187,220,891,375000,42.3000675,-83.7041725,66.0,13.75,1440.0,55.2941169739,6.0,,,,,,,,-1.5625,7.03125,,
181.56057187,220,891,376600,42.3000675,-83.7041725,66.0,13.75,1440.0,20.392156601,6.0,,,,,,,,-1.5625,7.03125,,
181.56057187,220,891,376800,42.3000675,-83.7041725,66.0,13.75,864.0,20.392156601,6.0,,,,,,,,-1.5625,7.03125,,
181.56057187,220,891,376900,42.3000675,-83.7041725,66.0,1.53999996185,864.0,20.392156601,6.0,,,,,,,,0.0,7.03125,,
181.56057187,220,891,377100,42.3000675,-83.7041725,65.0,1.53999996185,864.0,20.392156601,6.0,,,,,,,,0.0,7.03125,,
181.56057187,220,891,378000,42.3005636111,-83.7041833333,65.0,1.53999996185,864.0,20.392156601,6.0,,,,,,,,0.0,7.03125,,
181.56057187,220,891,378100,42.3005636111,-83.7041833333,64.0,1.53999996185,864.0,20.392156601,6.0,,,,,,,,0.0,7.03125,,
181.56057187,220,891,378800,42.3005636111,-83.7041833333,64.0,1.53999996185,992.0,20.392156601,6.0,,,,,,,,0.0,7.03125,,
181.56057187,220,891,379000,42.3005636111,-83.7041833333,64.0,3.25999999046,992.0,20.392156601,6.0,,,,,,,,0.0,7.03125,,
181.56057187,220,891,379100,42.3005636111,-83.7041833333,60.0,3.25999999046,992.0,20.392156601,6.0,,,,,,,,0.0,7.03125,,
181.56057187,220,891,380200,42.3005636111,-83.7041833333,58.0,3.25999999046,992.0,20.392156601,6.0,,,,,,,,0.0,7.03125,,
181.56057187,220,891,381000,42.3005636111,-83.7041833333,58.0,3.28999996185,992.0,20.392156601,6.0,,,,,,,,0.0,7.03125,,
181.56057187,220,891,381100,42.30101,-83.7041966667,58.0,3.28999996185,992.0,20.392156601,6.0,,,,,,,,0.0,7.03125,,
181.56057187,220,891,381200,42.30101,-83.7041966667,55.0,3.28999996185,992.0,20.392156601,6.0,,,,,,,,0.0,7.03125,,
181.56057187,220,891,381600,42.30101,-83.7041966667,55.0,3.28999996185,992.0,19.607843399,6.0,,,,,,,,0.0,7.03125,,
181.56057187,220,891,382300,42.30101,-83.7041966667,53.0,3.28999996185,992.0,19.607843399,6.0,,,,,,,,0.0,7.03125,,
181.56057187,220,891,383000,42.30101,-83.7041966667,53.0,3.30999994278,992.0,19.607843399,6.0,,,,,,,,0.0,7.03125,,
181.56057187,220,891,383300,42.30101,-83.7041966667,50.0,3.30999994278,992.0,19.607843399,6.0,,,,,,,,0.0,7.03125,,
181.56057187,220,891,384100,42.3013941667,-83.7042072222,50.0,3.30999994278,992.0,19.607843399,6.0,,,,,,,,0.0,7.03125,,
181.56057187,220,891,384300,42.3013941667,-83.7042072222,46.0,3.30999994278,992.0,19.607843399,6.0,,,,,,,,0.0,7.03125,,
181.56057187,220,891,384800,42.3013941667,-83.7042072222,46.0,3.30999994278,1024.0,19.607843399,6.0,,,,,,,,0.0,7.03125,,
181.56057187,220,891,385000,42.3013941667,-83.7042072222,46.0,1.27999997139,1024.0,19.607843399,6.0,,,,,,,,0.0,7.03125,,
181.56057187,220,891,385400,42.3013941667,-83.7042072222,44.0,1.27999997139,1024.0,19.607843399,6.0,,,,,,,,0.0,7.03125,,
181.56057187,220,891,386400,42.3013941667,-83.7042072222,42.0,1.27999997139,1024.0,19.607843399,6.0,,,,,,,,0.0,7.03125,,
181.56057187,220,891,386700,42.3013941667,-83.7042072222,42.0,1.27999997139,1024.0,12.1568632126,6.0,,,,,,,,0.0,7.03125,,
181.56057187,220,891,387000,42.3017211111,-83.7042194444,42.0,2.21000003815,1024.0,12.1568632126,6.0,,,,,,,,-14.84375,7.03125,,
181.56057187,220,891,387500,42.3017211111,-83.7042194444,40.0,2.21000003815,1024.0,12.1568632126,6.0,,,,,,,,-14.84375,7.03125,,
181.56057187,220,891,388500,42.3017211111,-83.7042194444,38.0,2.21000003815,1024.0,12.1568632126,6.0,,,,,,,,-14.84375,7.03125,,
181.56057187,220,891,388800,42.3017211111,-83.7042194444,38.0,2.21000003815,1344.0,12.1568632126,6.0,,,,,,,,-14.84375,7.03125,,
181.56057187,220,891,389000,42.3017211111,-83.7042194444,38.0,3.75,1344.0,12.1568632126,6.0,,,,,,,,-14.84375,7.03125,,
181.56057187,220,891,389500,42.3017211111,-83.7042194444,34.0,3.75,1344.0,12.1568632126,6.0,,,,,,,,-14.84375,7.03125,,
181.56057187,220,891,390100,42.3019919444,-83.7042327778,34.0,3.75,1344.0,12.1568632126,6.0,,,,,,,,-14.84375,7.03125,,
181.56057187,220,891,390600,42.3019919444,-83.7042327778,31.0,3.75,1344.0,12.1568632126,6.0,,,,,,,,-14.84375,7.03125,,
181.56057187,220,891,390800,42.3019919444,-83.7042327778,31.0,3.75,1312.0,12.1568632126,6.0,,,,,,,,-14.84375,7.03125,,
181.56057187,220,891,391000,42.3019919444,-83.7042327778,31.0,3.69999980927,1312.0,12.1568632126,6.0,,,,,,,,-14.84375,7.03125,,
181.56057187,220,891,391600,42.3019919444,-83.7042327778,28.0,3.69999980927,1312.0,12.1568632126,6.0,,,,,,,,-14.84375,7.03125,,
181.56057187,220,891,391700,42.3019919444,-83.7042327778,28.0,3.69999980927,1312.0,19.607843399,6.0,,,,,,,,-14.84375,7.03125,,
181.56057187,220,891,392700,42.3019919444,-83.7042327778,25.0,3.69999980927,1312.0,19.607843399,6.0,,,,,,,,-14.84375,7.03125,,
181.56057187,220,891,392800,42.3019919444,-83.7042327778,25.0,3.69999980927,1056.0,19.607843399,6.0,,,,,,,,-14.84375,7.03125,,
181.56057187,220,891,393000,42.3019919444,-83.7042327778,25.0,3.48000001907,1056.0,19.607843399,6.0,,,,,,,,-14.84375,7.03125,,
181.56057187,220,891,393100,42.3022025,-83.7042444444,25.0,3.48000001907,1056.0,19.607843399,6.0,,,,,,,,-14.84375,7.03125,,
181.56057187,220,891,393700,42.3022025,-83.7042444444,22.0,3.48000001907,1056.0,19.607843399,6.0,,,,,,,,-14.84375,7.03125,,
181.56057187,220,891,394700,42.3022025,-83.7042444444,16.0,3.48000001907,1056.0,19.607843399,6.0,,,,,,,,-14.84375,7.03125,,
181.56057187,220,891,394800,42.3022025,-83.7042444444,16.0,3.48000001907,992.0,19.607843399,6.0,,,,,,,,-14.84375,7.03125,,
181.56057187,220,891,395000,42.3022025,-83.7042444444,16.0,3.25999999046,992.0,19.607843399,6.0,,,,,,,,-14.84375,7.03125,,
181.56057187,220,891,395800,42.3022025,-83.7042444444,12.0,3.25999999046,992.0,19.607843399,6.0,,,,,,,,-14.84375,7.03125,,
181.56057187,220,891,396700,42.3022025,-83.7042444444,12.0,3.25999999046,992.0,12.5490198135,6.0,,,,,,,,-14.84375,7.03125,,
181.56057187,220,891,396800,42.3022025,-83.7042444444,8.0,3.25999999046,1023.0,12.5490198135,6.0,,,,,,,,-14.84375,7.03125,,
181.56057187,220,891,397000,42.3023363889,-83.7042530556,8.0,1.94999992847,1023.0,12.5490198135,6.0,,,,,,,,-14.84375,7.03125,,
181.56057187,220,891,397100,42.3023363889,-83.7042530556,8.0,1.94999992847,1023.0,12.5490198135,6.0,,,,,,,,0.0,7.03125,,
181.56057187,220,891,397900,42.3023363889,-83.7042530556,4.0,1.94999992847,1023.0,12.5490198135,6.0,,,,,,,,0.0,7.03125,,
181.56057187,220,891,398500,42.3023363889,-83.7042530556,0.0,1.94999992847,1023.0,12.5490198135,6.0,,,,,,,,0.0,7.03125,,
181.56057187,220,891,399100,42.3023363889,-83.7042530556,3.0,1.94999992847,1023.0,12.5490198135,6.0,,,,,,,,0.0,7.03125,,
181.56057187,220,891,400000,42.3023508333,-83.7042566667,3.0,1.94999992847,1023.0,12.5490198135,6.0,,,,,,,,0.0,7.03125,,
181.56057187,220,891,401700,42.3023508333,-83.7042566667,0.0,1.94999992847,1023.0,12.5490198135,6.0,,,,,,,,0.0,7.03125,,
181.56057187,220,891,403100,42.302355,-83.7042611111,0.0,1.94999992847,1023.0,12.5490198135,6.0,,,,,,,,0.0,7.03125,,
181.56057187,220,891,404800,42.302355,-83.7042611111,0.0,1.94999992847,1000.0,12.5490198135,6.0,,,,,,,,0.0,7.03125,,
181.56057187,220,891,404900,42.302355,-83.7042611111,0.0,2.78999996185,1000.0,12.5490198135,6.0,,,,,,,,0.0,7.03125,,
181.56057187,220,891,405000,42.302355,-83.7042611111,0.0,2.78999996185,1000.0,15.6862745285,6.0,,,,,,,,0.0,7.03125,,
181.56057187,220,891,405200,42.302355,-83.7042611111,0.0,2.78999996185,1000.0,15.6862745285,5.0,,,,,,,,0.0,7.03125,,
181.56057187,220,891,405300,42.302355,-83.7042611111,0.0,2.78999996185,1000.0,15.6862745285,5.0,,,,,,,,-3.90625,7.03125,,
181.56057187,220,891,405500,42.302355,-83.7042611111,0.0,2.78999996185,1000.0,15.6862745285,5.0,,,,,,,,-3.90625,-5.46875,,
181.56057187,220,891,406800,42.302355,-83.7042611111,0.0,2.78999996185,992.0,15.6862745285,5.0,,,,,,,,-3.90625,-5.46875,,
181.56057187,220,891,409100,42.302355,-83.7042611111,0.0,2.71000003815,992.0,15.6862745285,5.0,,,,,,,,-3.90625,-5.46875,,
181.56057187,220,891,409200,42.302355,-83.7042611111,0.0,2.71000003815,992.0,15.2941179276,5.0,,,,,,,,-3.90625,-5.46875,,
181.56057187,220,891,409700,42.302355,-83.7042611111,0.0,2.71000003815,992.0,15.2941179276,5.0,,,,,,,,-0.78125,-5.46875,,
181.56057187,220,891,410000,42.302355,-83.7042611111,0.0,2.71000003815,992.0,15.2941179276,5.0,,,,,,,,-0.78125,-8.59375,,
181.56057187,220,891,414100,42.302355,-83.7042611111,0.0,2.63999986649,992.0,15.2941179276,5.0,,,,,,,,-0.78125,-8.59375,,
181.56057187,220,891,414300,42.302355,-83.7042611111,0.0,2.63999986649,992.0,14.9019613266,5.0,,,,,,,,-0.78125,-8.59375,,
181.56057187,220,891,417100,42.302355,-83.7042611111,0.0,2.63999986649,1024.0,14.9019613266,5.0,,,,,,,,-0.78125,-8.59375,,
181.56057187,220,891,418700,42.302355,-83.7042611111,0.0,2.63999986649,0.0,14.9019613266,5.0,,,,,,,,-0.78125,-8.59375,,
181.56057187,220,891,418800,42.302355,-83.7042611111,0.0,0.42999997735,0.0,14.9019613266,5.0,,,,,,,,-0.78125,-8.59375,,
181.56057187,220,891,418900,42.302355,-83.7042611111,0.0,0.42999997735,0.0,0.0,5.0,,,,,,,,-0.78125,-8.59375,,
181.56057187,220,891,419200,42.302355,-83.7042611111,0.0,0.42999997735,0.0,0.0,5.0,,,,,,,,0.0,-8.59375,,
181.56057187,220,891,433100,42.3023902778,-83.7042891667,0.0,0.42999997735,0.0,0.0,5.0,,,,,,,,0.0,-8.59375,,
181.56057187,220,891,440000,42.3024102778,-83.7042894444,0.0,0.42999997735,0.0,0.0,5.0,,,,,,,,0.0,-8.59375,,
181.56057187,220,891,441000,42.3024102778,-83.7042894444,13.0,0.42999997735,0.0,0.0,5.0,,,,,,,,0.0,-8.59375,,
181.56057187,220,891,441700,42.3024102778,-83.7042894444,13.0,0.42999997735,0.0,0.0,5.0,,,,,,,,0.0,4.6875,,
181.56057187,220,891,442000,42.3024102778,-83.7042894444,16.0,0.42999997735,0.0,0.0,5.0,,,,,,,,0.0,4.6875,,
181.56057187,220,891,443000,42.3024102778,-83.7042894444,22.0,0.42999997735,1504.0,0.0,5.0,,,,,,,,0.0,4.6875,,
181.56057187,220,891,443100,42.3025527778,-83.7042952778,22.0,12.1499996185,1504.0,0.0,5.0,,,,,,,,0.0,4.6875,,
181.56057187,220,891,444100,42.3025527778,-83.7042952778,26.0,12.1499996185,1504.0,0.0,5.0,,,,,,,,0.0,4.6875,,
181.56057187,220,891,445100,42.3025527778,-83.7042952778,29.0,15.5,1536.0,0.0,5.0,,,,,,,,0.0,4.6875,,
181.56057187,220,891,446100,42.3027883333,-83.7042977778,29.0,15.5,1536.0,0.0,5.0,,,,,,,,0.0,4.6875,,
181.56057187,220,891,446200,42.3027883333,-83.7042977778,32.0,15.5,1536.0,54.9019622803,5.0,,,,,,,,0.0,4.6875,,
181.56057187,220,891,447100,42.3027883333,-83.7042977778,32.0,13.4499998093,1376.0,54.9019622803,5.0,,,,,,,,0.0,4.6875,,
181.56057187,220,891,447300,42.3027883333,-83.7042977778,35.0,13.4499998093,1376.0,54.9019622803,5.0,,,,,,,,0.0,4.6875,,
181.56057187,220,891,448300,42.3027883333,-83.7042977778,38.0,13.4499998093,1376.0,54.9019622803,5.0,,,,,,,,0.0,4.6875,,
181.56057187,220,891,449200,42.3027883333,-83.7042977778,38.0,13.9299993515,1472.0,54.9019622803,5.0,,,,,,,,0.0,4.6875,,
181.56057187,220,891,449400,42.3027883333,-83.7042977778,40.0,13.9299993515,1472.0,54.9019622803,5.0,,,,,,,,0.0,4.6875,,
181.56057187,220,891,450100,42.3031838889,-83.7043491667,40.0,13.9299993515,1472.0,54.9019622803,5.0,,,,,,,,0.0,4.6875,,
181.56057187,220,891,450500,42.3031838889,-83.7043491667,43.0,13.9299993515,1472.0,54.9019622803,5.0,,,,,,,,0.0,4.6875,,
181.56057187,220,891,451200,42.3031838889,-83.7043491667,43.0,10.7100000381,1312.0,47.0588226318,5.0,,,,,,,,0.0,4.6875,,
181.56057187,220,891,451500,42.3031838889,-83.7043491667,45.0,10.7100000381,1312.0,47.0588226318,5.0,,,,,,,,0.0,4.6875,,
181.56057187,220,891,451600,42.3031838889,-83.7043491667,45.0,10.7100000381,1312.0,47.0588226318,5.0,,,,,,,,3.90625,4.6875,,
181.56057187,220,891,452600,42.3031838889,-83.7043491667,46.0,10.7100000381,1312.0,47.0588226318,5.0,,,,,,,,3.90625,4.6875,,
181.56057187,220,891,453100,42.3035136111,-83.7044752778,46.0,10.7100000381,1312.0,47.0588226318,5.0,,,,,,,,3.90625,4.6875,,
181.56057187,220,891,453200,42.3035136111,-83.7044752778,46.0,7.69999980927,1248.0,47.0588226318,5.0,,,,,,,,3.90625,4.6875,,
181.56057187,220,891,453600,42.3035136111,-83.7044752778,47.0,7.69999980927,1248.0,47.0588226318,5.0,,,,,,,,3.90625,4.6875,,
181.56057187,220,891,454700,42.3035136111,-83.7044752778,48.0,7.69999980927,1248.0,47.0588226318,5.0,,,,,,,,3.90625,4.6875,,
181.56057187,220,891,455200,42.3035136111,-83.7044752778,48.0,7.53999996185,1248.0,47.0588226318,5.0,,,,,,,,3.90625,4.6875,,
181.56057187,220,891,455700,42.3035136111,-83.7044752778,49.0,7.53999996185,1248.0,47.0588226318,5.0,,,,,,,,3.90625,4.6875,,
181.56057187,220,891,456100,42.3038252778,-83.7047325,49.0,7.53999996185,1248.0,47.0588226318,5.0,,,,,,,,3.90625,4.6875,,
181.56057187,220,891,456300,42.3038252778,-83.7047325,49.0,7.53999996185,1248.0,36.4705886841,5.0,,,,,,,,3.90625,4.6875,,
181.56057187,220,891,456600,42.3038252778,-83.7047325,49.0,7.53999996185,1248.0,36.4705886841,5.0,,,,,,,,3.125,4.6875,,
181.56057187,220,891,456700,42.3038252778,-83.7047325,50.0,7.53999996185,1248.0,36.4705886841,5.0,,,,,,,,3.125,4.6875,,
181.56057187,220,891,457200,42.3038252778,-83.7047325,50.0,1.30999994278,992.0,36.4705886841,5.0,,,,,,,,3.125,4.6875,,
181.56057187,220,891,459000,42.3041119444,-83.7050794444,50.0,1.30999994278,992.0,36.4705886841,5.0,,,,,,,,3.125,4.6875,,
181.56057187,220,891,459200,42.3041119444,-83.7050794444,50.0,0.42999997735,0.0,36.4705886841,5.0,,,,,,,,3.125,4.6875,,
181.56057187,220,891,459900,42.3041119444,-83.7050794444,51.0,0.42999997735,0.0,36.4705886841,5.0,,,,,,,,3.125,4.6875,,
181.56057187,220,891,461300,42.3041119444,-83.7050794444,51.0,0.42999997735,0.0,0.0,5.0,,,,,,,,3.125,4.6875,,
181.56057187,220,891,461600,42.3041119444,-83.7050794444,51.0,0.42999997735,0.0,0.0,5.0,,,,,,,,0.0,4.6875,,
181.56057187,220,891,462000,42.30437,-83.7054586111,51.0,0.42999997735,0.0,0.0,5.0,,,,,,,,0.0,4.6875,,
181.56057187,220,891,463000,42.30437,-83.7054586111,50.0,0.42999997735,0.0,0.0,5.0,,,,,,,,0.0,4.6875,,
181.56057187,220,891,464000,42.30437,-83.7054586111,49.0,0.42999997735,0.0,0.0,5.0,,,,,,,,0.0,4.6875,,
181.56057187,220,891,465000,42.3046091667,-83.7058269444,49.0,0.42999997735,0.0,0.0,5.0,,,,,,,,0.0,4.6875,,
181.56057187,220,891,465100,42.3046091667,-83.7058269444,47.0,0.42999997735,0.0,0.0,5.0,,,,,,,,0.0,4.6875,,
181.56057187,220,891,466100,42.3046091667,-83.7058269444,46.0,0.42999997735,0.0,0.0,5.0,,,,,,,,0.0,4.6875,,
181.56057187,220,891,467100,42.3046091667,-83.7058269444,45.0,0.42999997735,0.0,0.0,5.0,,,,,,,,0.0,4.6875,,
181.56057187,220,891,468000,42.304815,-83.7061983333,45.0,0.42999997735,0.0,0.0,5.0,,,,,,,,0.0,4.6875,,
181.56057187,220,891,469200,42.304815,-83.7061983333,44.0,0.42999997735,0.0,0.0,5.0,,,,,,,,0.0,4.6875,,
181.56057187,220,891,470300,42.304815,-83.7061983333,43.0,0.42999997735,0.0,0.0,5.0,,,,,,,,0.0,4.6875,,
181.56057187,220,891,471100,42.3049686111,-83.7065866667,43.0,0.42999997735,0.0,0.0,5.0,,,,,,,,0.0,4.6875,,
181.56057187,220,891,471300,42.3049686111,-83.7065866667,41.0,0.42999997735,0.0,0.0,5.0,,,,,,,,0.0,4.6875,,
181.56057187,220,891,472300,42.3049686111,-83.7065866667,40.0,0.42999997735,0.0,0.0,5.0,,,,,,,,0.0,4.6875,,
181.56057187,220,891,474100,42.3050644444,-83.7069477778,40.0,0.42999997735,0.0,0.0,5.0,,,,,,,,0.0,4.6875,,
181.56057187,220,891,474400,42.3050644444,-83.7069477778,34.0,0.42999997735,0.0,0.0,5.0,,,,,,,,0.0,4.6875,,
181.56057187,220,891,475500,42.3050644444,-83.7069477778,28.0,0.42999997735,0.0,0.0,5.0,,,,,,,,0.0,4.6875,,
181.56057187,220,891,476500,42.3050644444,-83.7069477778,23.0,0.42999997735,0.0,0.0,5.0,,,,,,,,0.0,4.6875,,
181.56057187,220,891,477100,42.3051211111,-83.7071844444,23.0,0.42999997735,0.0,0.0,5.0,,,,,,,,0.0,4.6875,,
181.56057187,220,891,477600,42.3051211111,-83.7071844444,21.0,0.42999997735,0.0,0.0,5.0,,,,,,,,0.0,4.6875,,
181.56057187,220,891,478600,42.3051211111,-83.7071844444,24.0,0.42999997735,0.0,0.0,5.0,,,,,,,,0.0,4.6875,,
181.56057187,220,891,479600,42.3051211111,-83.7071844444,27.0,0.42999997735,0.0,0.0,5.0,,,,,,,,0.0,4.6875,,
181.56057187,220,891,480000,42.3052608333,-83.7073925,27.0,0.42999997735,0.0,0.0,5.0,,,,,,,,0.0,4.6875,,
181.56057187,220,891,480700,42.3052608333,-83.7073925,29.0,0.42999997735,0.0,0.0,5.0,,,,,,,,0.0,4.6875,,
181.56057187,220,891,481700,42.3052608333,-83.7073925,31.0,0.42999997735,0.0,0.0,5.0,,,,,,,,0.0,4.6875,,
181.56057187,220,891,482800,42.3052608333,-83.7073925,34.0,0.42999997735,0.0,0.0,5.0,,,,,,,,0.0,4.6875,,
181.56057187,220,891,483100,42.3054930556,-83.7075113889,34.0,0.42999997735,0.0,0.0,5.0,,,,,,,,0.0,4.6875,,
181.56057187,220,891,483900,42.3054930556,-83.7075113889,37.0,0.42999997735,0.0,0.0,5.0,,,,,,,,0.0,4.6875,,
181.56057187,220,891,484900,42.3054930556,-83.7075113889,40.0,0.42999997735,0.0,0.0,5.0,,,,,,,,0.0,4.6875,,
181.56057187,220,891,486000,42.3054930556,-83.7075113889,41.0,0.42999997735,0.0,0.0,5.0,,,,,,,,0.0,4.6875,,
181.56057187,220,891,486100,42.3057927778,-83.7075772222,41.0,0.42999997735,0.0,0.0,5.0,,,,,,,,0.0,4.6875,,
181.56057187,220,891,487000,42.3057927778,-83.7075772222,42.0,0.42999997735,0.0,0.0,5.0,,,,,,,,0.0,4.6875,,
181.56057187,220,891,488100,42.3057927778,-83.7075772222,43.0,0.42999997735,0.0,0.0,5.0,,,,,,,,0.0,4.6875,,
181.56057187,220,891,489000,42.30612,-83.7076055556,43.0,0.42999997735,0.0,0.0,5.0,,,,,,,,0.0,4.6875,,
181.56057187,220,891,489100,42.30612,-83.7076055556,44.0,0.42999997735,0.0,0.0,5.0,,,,,,,,0.0,4.6875,,
181.56057187,220,891,491200,42.30612,-83.7076055556,45.0,0.42999997735,0.0,0.0,5.0,,,,,,,,0.0,4.6875,,
181.56057187,220,891,492100,42.3064619444,-83.7076111111,45.0,0.42999997735,0.0,0.0,5.0,,,,,,,,0.0,4.6875,,
181.56057187,220,891,492200,42.3064619444,-83.7076111111,46.0,0.42999997735,0.0,0.0,5.0,,,,,,,,0.0,4.6875,,
181.56057187,220,891,495100,42.3068108333,-83.7076272222,46.0,0.42999997735,0.0,0.0,5.0,,,,,,,,0.0,4.6875,,
181.56057187,220,891,495300,42.3068108333,-83.7076272222,47.0,0.42999997735,0.0,0.0,5.0,,,,,,,,0.0,4.6875,,
181.56057187,220,891,498000,42.3071694444,-83.7076463889,47.0,0.42999997735,0.0,0.0,5.0,,,,,,,,0.0,4.6875,,
181.56057187,220,891,498500,42.3071694444,-83.7076463889,48.0,0.42999997735,0.0,0.0,5.0,,,,,,,,0.0,4.6875,,
181.56057187,220,891,499300,42.3071694444,-83.7076463889,48.0,11.2100000381,1248.0,0.0,5.0,,,,,,,,0.0,4.6875,,
181.56057187,220,891,500500,42.3071694444,-83.7076463889,50.0,11.2100000381,1248.0,0.0,5.0,,,,,,,,0.0,4.6875,,
181.56057187,220,891,501100,42.3075433333,-83.7076622222,50.0,11.2100000381,1248.0,0.0,5.0,,,,,,,,0.0,4.6875,,
181.56057187,220,891,501300,42.3075433333,-83.7076622222,50.0,15.8499994278,1600.0,0.0,5.0,,,,,,,,0.0,4.6875,,
181.56057187,220,891,501600,42.3075433333,-83.7076622222,50.0,15.8499994278,1600.0,54.1176490784,5.0,,,,,,,,0.0,4.6875,,
181.56057187,220,891,501700,42.3075433333,-83.7076622222,50.0,15.8499994278,1600.0,54.1176490784,5.0,,,,,,,,0.0,-8.59375,,
181.56057187,220,891,502600,42.3075433333,-83.7076622222,51.0,15.8499994278,1600.0,54.1176490784,5.0,,,,,,,,0.0,-8.59375,,
181.56057187,220,891,503300,42.3075433333,-83.7076622222,51.0,15.8499994278,1568.0,54.1176490784,5.0,,,,,,,,0.0,-8.59375,,
181.56057187,220,891,503400,42.3075433333,-83.7076622222,51.0,11.8999996185,1568.0,54.1176490784,5.0,,,,,,,,0.0,-8.59375,,
181.56057187,220,891,504000,42.307935,-83.7076847222,51.0,11.8999996185,1568.0,54.1176490784,5.0,,,,,,,,0.0,-8.59375,,
181.56057187,220,891,504700,42.307935,-83.7076847222,52.0,11.8999996185,1568.0,54.1176490784,5.0,,,,,,,,0.0,-8.59375,,
181.56057187,220,891,505300,42.307935,-83.7076847222,52.0,11.8999996185,1504.0,54.1176490784,5.0,,,,,,,,0.0,-8.59375,,
181.56057187,220,891,505400,42.307935,-83.7076847222,52.0,10.1499996185,1504.0,54.1176490784,5.0,,,,,,,,0.0,-8.59375,,
181.56057187,220,891,505700,42.307935,-83.7076847222,51.0,10.1499996185,1504.0,54.1176490784,5.0,,,,,,,,0.0,-8.59375,,
181.56057187,220,891,506600,42.307935,-83.7076847222,51.0,10.1499996185,1504.0,0.0,5.0,,,,,,,,0.0,-8.59375,,
181.56057187,220,891,507000,42.307935,-83.7076847222,51.0,10.1499996185,1504.0,0.0,5.0,,,,,,,,2.34375,-8.59375,,
181.56057187,220,891,507100,42.3083225,-83.7077086111,51.0,10.1499996185,1504.0,0.0,5.0,,,,,,,,2.34375,-8.59375,,
181.56057187,220,891,507300,42.3083225,-83.7077086111,51.0,0.5,0.0,0.0,5.0,,,,,,,,2.34375,-8.59375,,
181.56057187,220,891,507800,42.3083225,-83.7077086111,50.0,0.5,0.0,0.0,5.0,,,,,,,,2.34375,-8.59375,,
181.56057187,220,891,508900,42.3083225,-83.7077086111,49.0,0.5,0.0,0.0,5.0,,,,,,,,2.34375,-8.59375,,
181.56057187,220,891,509400,42.3083225,-83.7077086111,49.0,0.42999997735,0.0,0.0,5.0,,,,,,,,2.34375,-8.59375,,
181.56057187,220,891,510000,42.3086977778,-83.7077252778,49.0,0.42999997735,0.0,0.0,5.0,,,,,,,,2.34375,-8.59375,,
181.56057187,220,891,512100,42.3086977778,-83.7077252778,49.0,0.42999997735,0.0,0.0,5.0,,,,,,,,0.0,-8.59375,,
181.56057187,220,891,514000,42.3091933333,-83.7076602778,49.0,0.42999997735,0.0,0.0,5.0,,,,,,,,0.0,-8.59375,,
181.56057187,220,891,515100,42.3091933333,-83.7076602778,50.0,0.42999997735,0.0,0.0,5.0,,,,,,,,0.0,-8.59375,,
181.56057187,220,891,516100,42.3091933333,-83.7076602778,49.0,0.42999997735,0.0,0.0,5.0,,,,,,,,0.0,-8.59375,,
181.56057187,220,891,517000,42.309555,-83.7075616667,49.0,0.42999997735,0.0,0.0,5.0,,,,,,,,0.0,-8.59375,,
181.56057187,220,891,517200,42.309555,-83.7075616667,48.0,0.42999997735,0.0,0.0,5.0,,,,,,,,0.0,-8.59375,,
181.56057187,220,891,518300,42.309555,-83.7075616667,47.0,0.42999997735,0.0,0.0,5.0,,,,,,,,0.0,-8.59375,,
181.56057187,220,891,519400,42.309555,-83.7075616667,45.0,0.42999997735,0.0,0.0,5.0,,,,,,,,0.0,-8.59375,,
181.56057187,220,891,520000,42.3099033333,-83.70748,45.0,0.42999997735,0.0,0.0,5.0,,,,,,,,0.0,-8.59375,,
181.56057187,220,891,520500,42.3099033333,-83.70748,44.0,0.42999997735,0.0,0.0,5.0,,,,,,,,0.0,-8.59375,,
181.56057187,220,891,521500,42.3099033333,-83.70748,43.0,0.42999997735,0.0,0.0,5.0,,,,,,,,0.0,-8.59375,,
181.56057187,220,891,522600,42.3099033333,-83.70748,44.0,0.42999997735,0.0,0.0,5.0,,,,,,,,0.0,-8.59375,,
181.56057187,220,891,523100,42.3102408333,-83.7074694444,44.0,0.42999997735,0.0,0.0,5.0,,,,,,,,0.0,-8.59375,,
181.56057187,220,891,524700,42.3102408333,-83.7074694444,45.0,0.42999997735,0.0,0.0,5.0,,,,,,,,0.0,-8.59375,,
181.56057187,220,891,525700,42.3102408333,-83.7074694444,46.0,0.42999997735,0.0,0.0,5.0,,,,,,,,0.0,-8.59375,,
181.56057187,220,891,526000,42.3105841667,-83.7074708333,46.0,0.42999997735,0.0,0.0,5.0,,,,,,,,0.0,-8.59375,,
181.56057187,220,891,527800,42.3105841667,-83.7074708333,47.0,0.42999997735,0.0,0.0,5.0,,,,,,,,0.0,-8.59375,,
181.56057187,220,891,529000,42.3109419444,-83.7074783333,47.0,0.42999997735,0.0,0.0,5.0,,,,,,,,0.0,-8.59375,,
181.56057187,220,891,530900,42.3109419444,-83.7074783333,48.0,0.42999997735,0.0,0.0,5.0,,,,,,,,0.0,-8.59375,,
181.56057187,220,891,531800,42.3109419444,-83.7074783333,48.0,0.42999997735,0.0,0.0,5.0,,,,,,,,0.0,6.25,,
181.56057187,220,891,531900,42.3109419444,-83.7074783333,47.0,0.42999997735,0.0,0.0,5.0,,,,,,,,0.0,6.25,,
181.56057187,220,891,532100,42.3113011111,-83.7074819444,47.0,0.42999997735,0.0,0.0,5.0,,,,,,,,0.0,6.25,,
