DayNum,VehId,Trip,Timestamp(ms),Latitude[deg],Longitude[deg],Vehicle Speed[km/h],MAF[g/sec],Engine RPM[RPM],Absolute Load[%],OAT[DegC],Fuel Rate[L/hr],Air Conditioning Power[kW],Air Conditioning Power[Watts],Heater Power[Watts],HV Battery Current[A],HV Battery SOC[%],HV Battery Voltage[V],Short Term Fuel Trim Bank 1[%],Short Term Fuel Trim Bank 2[%],Long Term Fuel Trim Bank 1[%],Long Term Fuel Trim Bank 2[%]
106.647791574,355,1133,0,42.3050869444,-83.6931191667,19.0,10.6000003815,1122.0,51.764705658,-3.0,,,,,,,,0.0,,-6.25,
106.647791574,355,1133,100,42.3050869444,-83.6931191667,23.0,16.4599990845,1703.0,51.764705658,-3.0,,,,,,,,0.0,,-6.25,
106.647791574,355,1133,1200,42.3050869444,-83.6931191667,31.0,16.4599990845,1703.0,51.764705658,-3.0,,,,,,,,0.0,,-6.25,
106.647791574,355,1133,2100,42.3050869444,-83.6931191667,31.0,21.0699996948,2167.0,51.764705658,-3.0,,,,,,,,0.0,,-6.25,
106.647791574,355,1133,2200,42.3050869444,-83.6931191667,36.0,21.0699996948,2167.0,51.764705658,-3.0,,,,,,,,0.0,,-6.25,
106.647791574,355,1133,2900,42.3049969444,-83.6934863889,36.0,21.0699996948,2167.0,51.764705658,-3.0,,,,,,,,0.0,,-6.25,
106.647791574,355,1133,3200,42.3049969444,-83.6934863889,40.0,21.0699996948,2167.0,51.764705658,-3.0,,,,,,,,0.0,,-6.25,
106.647791574,355,1133,4100,42.3049969444,-83.6934863889,40.0,19.9799995422,2050.0,52.9411773682,-3.0,,,,,,,,0.0,,-6.25,
106.647791574,355,1133,4300,42.3049969444,-83.6934863889,46.0,19.9799995422,2050.0,52.9411773682,-3.0,,,,,,,,0.0,,-6.25,
106.647791574,355,1133,5100,42.3049969444,-83.6934863889,46.0,19.9799995422,2050.0,52.9411773682,-3.0,,,,,,,,3.125,,-6.25,
106.647791574,355,1133,5700,42.3049969444,-83.6934863889,50.0,19.9799995422,2050.0,52.9411773682,-3.0,,,,,,,,3.125,,-6.25,
106.647791574,355,1133,6000,42.3048636111,-83.6939433333,50.0,19.9799995422,2050.0,52.9411773682,-3.0,,,,,,,,3.125,,-6.25,
106.647791574,355,1133,6500,42.3048636111,-83.6939433333,50.0,14.0699996948,1686.0,52.9411773682,-3.0,,,,,,,,3.125,,-6.25,
106.647791574,355,1133,6700,42.3048636111,-83.6939433333,54.0,14.0699996948,1686.0,52.9411773682,-3.0,,,,,,,,3.125,,-6.25,
106.647791574,355,1133,7700,42.3048636111,-83.6939433333,56.0,14.0699996948,1686.0,52.9411773682,-3.0,,,,,,,,3.125,,-6.25,
106.647791574,355,1133,8700,42.3048636111,-83.6939433333,56.0,15.1700000763,1728.0,52.9411773682,-3.0,,,,,,,,3.125,,-6.25,
106.647791574,355,1133,8800,42.3048636111,-83.6939433333,59.0,15.1700000763,1728.0,52.9411773682,-3.0,,,,,,,,3.125,,-6.25,
106.647791574,355,1133,9000,42.3047086111,-83.6944683333,59.0,15.1700000763,1728.0,52.9411773682,-3.0,,,,,,,,3.125,,-6.25,
106.647791574,355,1133,9100,42.3047086111,-83.6944683333,59.0,15.1700000763,1728.0,44.3137245178,-3.0,,,,,,,,3.125,,-6.25,
106.647791574,355,1133,9800,42.3047086111,-83.6944683333,61.0,15.1700000763,1728.0,44.3137245178,-3.0,,,,,,,,3.125,,-6.25,
106.647791574,355,1133,10100,42.3047086111,-83.6944683333,61.0,15.1700000763,1728.0,44.3137245178,-3.0,,,,,,,,1.5625,,-6.25,
106.647791574,355,1133,10800,42.3047086111,-83.6944683333,61.0,14.25,1759.0,44.3137245178,-3.0,,,,,,,,1.5625,,-6.25,
106.647791574,355,1133,12000,42.3045427778,-83.6950366667,61.0,14.25,1759.0,44.3137245178,-3.0,,,,,,,,1.5625,,-6.25,
106.647791574,355,1133,12500,42.3045427778,-83.6950366667,62.0,14.25,1759.0,44.3137245178,-3.0,,,,,,,,1.5625,,-6.25,
106.647791574,355,1133,12800,42.3045427778,-83.6950366667,62.0,13.1199998856,1494.0,44.3137245178,-3.0,,,,,,,,1.5625,,-6.25,
106.647791574,355,1133,14500,42.3045427778,-83.6950366667,62.0,13.1199998856,1494.0,46.6666679382,-3.0,,,,,,,,1.5625,,-6.25,
106.647791574,355,1133,14800,42.3045427778,-83.6950366667,62.0,12.0699996948,1487.0,46.6666679382,-3.0,,,,,,,,1.5625,,-6.25,
106.647791574,355,1133,14900,42.3043727778,-83.6956222222,62.0,12.0699996948,1487.0,46.6666679382,-3.0,,,,,,,,1.5625,,-6.25,
106.647791574,355,1133,15500,42.3043727778,-83.6956222222,62.0,12.0699996948,1487.0,46.6666679382,-3.0,,,,,,,,0.78125,,-6.25,
106.647791574,355,1133,15600,42.3043727778,-83.6956222222,63.0,12.0699996948,1487.0,46.6666679382,-3.0,,,,,,,,0.78125,,-6.25,
106.647791574,355,1133,17000,42.3043727778,-83.6956222222,63.0,14.0,1769.0,46.6666679382,-3.0,,,,,,,,0.78125,,-6.25,
106.647791574,355,1133,18100,42.3043727778,-83.6956222222,64.0,14.0,1769.0,46.6666679382,-3.0,,,,,,,,0.78125,,-6.25,
106.647791574,355,1133,18900,42.3041566667,-83.6964227778,64.0,14.0,1769.0,46.6666679382,-3.0,,,,,,,,0.78125,,-6.25,
106.647791574,355,1133,19100,42.3041566667,-83.6964227778,64.0,14.1800003052,1792.0,46.6666679382,-3.0,,,,,,,,0.78125,,-6.25,
106.647791574,355,1133,19500,42.3041566667,-83.6964227778,64.0,14.1800003052,1792.0,44.3137245178,-3.0,,,,,,,,0.78125,,-6.25,
106.647791574,355,1133,20500,42.3041566667,-83.6964227778,64.0,14.1800003052,1792.0,44.3137245178,-3.0,,,,,,,,0.0,,-6.25,
106.647791574,355,1133,21200,42.3041566667,-83.6964227778,65.0,9.56000041962,1203.0,44.3137245178,-3.0,,,,,,,,0.0,,-6.25,
106.647791574,355,1133,22000,42.3039944444,-83.6970386111,65.0,9.56000041962,1203.0,44.3137245178,-3.0,,,,,,,,0.0,,-6.25,
106.647791574,355,1133,23600,42.3039944444,-83.6970386111,64.0,6.78999996185,1078.0,44.3137245178,-3.0,,,,,,,,0.0,,-6.25,
106.647791574,355,1133,24600,42.3039944444,-83.6970386111,64.0,6.78999996185,1078.0,35.6862754822,-3.0,,,,,,,,0.0,,-6.25,
106.647791574,355,1133,25000,42.3038227778,-83.6976511111,64.0,6.78999996185,1078.0,35.6862754822,-3.0,,,,,,,,0.0,,-6.25,
106.647791574,355,1133,25700,42.3038227778,-83.6976511111,65.0,6.90000009537,1101.0,35.6862754822,-3.0,,,,,,,,0.0,,-6.25,
106.647791574,355,1133,27600,42.3038227778,-83.6976511111,65.0,6.48000001907,1024.0,35.6862754822,-3.0,,,,,,,,0.0,,-6.25,
106.647791574,355,1133,28000,42.3036408333,-83.6982758333,65.0,6.48000001907,1024.0,35.6862754822,-3.0,,,,,,,,0.0,,-6.25,
106.647791574,355,1133,28400,42.3036408333,-83.6982758333,66.0,6.48000001907,1024.0,35.6862754822,-3.0,,,,,,,,0.0,,-6.25,
106.647791574,355,1133,29400,42.3036408333,-83.6982758333,67.0,6.48000001907,1024.0,35.6862754822,-3.0,,,,,,,,0.0,,-6.25,
106.647791574,355,1133,29600,42.3036408333,-83.6982758333,67.0,6.5,1027.0,35.6862754822,-3.0,,,,,,,,0.0,,-6.25,
106.647791574,355,1133,30900,42.3034541667,-83.698915,67.0,6.5,1027.0,35.6862754822,-3.0,,,,,,,,0.0,,-6.25,
106.647791574,355,1133,31200,42.3034541667,-83.698915,68.0,6.5,1027.0,35.6862754822,-3.0,,,,,,,,0.0,,-6.25,
106.647791574,355,1133,32000,42.3034541667,-83.698915,68.0,6.55999994278,1044.0,35.6862754822,-3.0,,,,,,,,0.0,,-6.25,
106.647791574,355,1133,32600,42.3034541667,-83.698915,69.0,6.55999994278,1044.0,35.6862754822,-3.0,,,,,,,,0.0,,-6.25,
106.647791574,355,1133,33600,42.3034541667,-83.698915,71.0,6.55999994278,1044.0,35.6862754822,-3.0,,,,,,,,0.0,,-6.25,
106.647791574,355,1133,34000,42.3034541667,-83.698915,71.0,5.46000003815,1047.0,35.6862754822,-3.0,,,,,,,,0.0,,-6.25,
106.647791574,355,1133,34700,42.3034541667,-83.698915,71.0,5.46000003815,1047.0,28.627450943,-3.0,,,,,,,,0.0,,-6.25,
106.647791574,355,1133,34900,42.3031888889,-83.6998047222,71.0,5.46000003815,1047.0,28.627450943,-3.0,,,,,,,,0.0,,-6.25,
106.647791574,355,1133,35700,42.3031888889,-83.6998047222,72.0,5.46000003815,1047.0,28.627450943,-3.0,,,,,,,,0.0,,-6.25,
106.647791574,355,1133,36000,42.3031888889,-83.6998047222,72.0,2.08999991417,1006.0,28.627450943,-3.0,,,,,,,,0.0,,-6.25,
106.647791574,355,1133,36500,42.3031888889,-83.6998047222,72.0,2.08999991417,1006.0,28.627450943,-3.0,,,,,,,,0.78125,,-6.25,
106.647791574,355,1133,38100,42.3031888889,-83.6998047222,72.0,2.21000003815,1078.0,28.627450943,-3.0,,,,,,,,0.78125,,-6.25,
106.647791574,355,1133,38900,42.3029452778,-83.7007186111,72.0,2.21000003815,1078.0,28.627450943,-3.0,,,,,,,,0.78125,,-6.25,
106.647791574,355,1133,39200,42.3029452778,-83.7007186111,70.0,2.21000003815,1078.0,28.627450943,-3.0,,,,,,,,0.78125,,-6.25,
106.647791574,355,1133,40000,42.3029452778,-83.7007186111,70.0,2.21000003815,1078.0,23.9215698242,-3.0,,,,,,,,0.78125,,-6.25,
106.647791574,355,1133,40100,42.3029452778,-83.7007186111,70.0,4.21000003815,982.0,23.9215698242,-3.0,,,,,,,,0.78125,,-6.25,
106.647791574,355,1133,40200,42.3029452778,-83.7007186111,69.0,4.21000003815,982.0,23.9215698242,-3.0,,,,,,,,0.78125,,-6.25,
106.647791574,355,1133,41200,42.3029452778,-83.7007186111,68.0,4.21000003815,982.0,23.9215698242,-3.0,,,,,,,,0.78125,,-6.25,
106.647791574,355,1133,42000,42.3028319444,-83.7013947222,68.0,4.21000003815,982.0,23.9215698242,-3.0,,,,,,,,0.78125,,-6.25,
106.647791574,355,1133,42100,42.3028319444,-83.7013947222,68.0,3.92000007629,1028.0,23.9215698242,-3.0,,,,,,,,-17.96875,,-6.25,
106.647791574,355,1133,42300,42.3028319444,-83.7013947222,67.0,3.92000007629,1028.0,23.9215698242,-3.0,,,,,,,,-17.96875,,-6.25,
106.647791574,355,1133,43700,42.3028319444,-83.7013947222,66.0,3.92000007629,1028.0,23.9215698242,-3.0,,,,,,,,-17.96875,,-6.25,
106.647791574,355,1133,44700,42.3028319444,-83.7013947222,66.0,7.88999986649,1157.0,23.9215698242,-3.0,,,,,,,,-17.96875,,-6.25,
106.647791574,355,1133,44800,42.3028319444,-83.7013947222,65.0,7.88999986649,1157.0,23.9215698242,-3.0,,,,,,,,-17.96875,,-6.25,
106.647791574,355,1133,45000,42.3028319444,-83.7013947222,65.0,7.88999986649,1157.0,39.2156867981,-3.0,,,,,,,,-17.96875,,-6.25,
106.647791574,355,1133,45100,42.3027747222,-83.7020577778,65.0,7.88999986649,1157.0,39.2156867981,-3.0,,,,,,,,-17.96875,,-6.25,
106.647791574,355,1133,46800,42.3027747222,-83.7020577778,65.0,2.83999991417,1006.0,39.2156867981,-3.0,,,,,,,,-17.96875,,-6.25,
106.647791574,355,1133,46900,42.3027747222,-83.7020577778,64.0,2.83999991417,1006.0,39.2156867981,-3.0,,,,,,,,-17.96875,,-6.25,
106.647791574,355,1133,47000,42.3027747222,-83.7020577778,64.0,2.83999991417,1006.0,39.2156867981,-3.0,,,,,,,,0.0,,-6.25,
106.647791574,355,1133,48000,42.3027475,-83.7027155556,63.0,2.83999991417,1006.0,39.2156867981,-3.0,,,,,,,,0.0,,-6.25,
106.647791574,355,1133,48900,42.3027475,-83.7027155556,63.0,4.53999996185,1013.0,39.2156867981,-3.0,,,,,,,,0.0,,-6.25,
106.647791574,355,1133,49500,42.3027475,-83.7027155556,62.0,4.53999996185,1013.0,39.2156867981,-3.0,,,,,,,,0.0,,-6.25,
106.647791574,355,1133,50500,42.3027475,-83.7027155556,60.0,4.53999996185,1013.0,23.5294113159,-3.0,,,,,,,,0.0,,-6.25,
106.647791574,355,1133,50900,42.3027475,-83.7027155556,60.0,2.17000007629,1016.0,23.5294113159,-3.0,,,,,,,,0.0,,-6.25,
106.647791574,355,1133,51000,42.3027338889,-83.7033238889,60.0,2.17000007629,1016.0,23.5294113159,-3.0,,,,,,,,0.0,,-6.25,
106.647791574,355,1133,51600,42.3027338889,-83.7033238889,59.0,2.17000007629,1016.0,23.5294113159,-3.0,,,,,,,,0.0,,-6.25,
106.647791574,355,1133,52000,42.3027338889,-83.7033238889,59.0,2.17000007629,1016.0,23.5294113159,-3.0,,,,,,,,-6.25,,-6.25,
106.647791574,355,1133,52600,42.3027338889,-83.7033238889,57.0,2.17000007629,1016.0,23.5294113159,-3.0,,,,,,,,-6.25,,-6.25,
106.647791574,355,1133,52900,42.3027338889,-83.7033238889,57.0,8.34000015259,1024.0,23.5294113159,-3.0,,,,,,,,-6.25,,-6.25,
106.647791574,355,1133,53900,42.3027244444,-83.7038816667,57.0,8.34000015259,1024.0,23.5294113159,-3.0,,,,,,,,-6.25,,-6.25,
106.647791574,355,1133,54100,42.3027244444,-83.7038816667,56.0,8.34000015259,1024.0,23.5294113159,-3.0,,,,,,,,-6.25,,-6.25,
106.647791574,355,1133,54900,42.3027244444,-83.7038816667,56.0,10.0699996948,1312.0,23.5294113159,-3.0,,,,,,,,-6.25,,-6.25,
106.647791574,355,1133,55100,42.3027244444,-83.7038816667,56.0,10.0699996948,1312.0,23.5294113159,-3.0,,,,,,,,-6.25,,-5.46875,
106.647791574,355,1133,55200,42.3027244444,-83.7038816667,57.0,10.0699996948,1312.0,23.5294113159,-3.0,,,,,,,,-6.25,,-5.46875,
106.647791574,355,1133,56000,42.3027244444,-83.7038816667,57.0,10.0699996948,1312.0,42.3529434204,-3.0,,,,,,,,-6.25,,-5.46875,
106.647791574,355,1133,57300,42.3027244444,-83.7038816667,57.0,8.76000022888,1344.0,42.3529434204,-3.0,,,,,,,,0.78125,,-5.46875,
106.647791574,355,1133,57600,42.3027244444,-83.7038816667,58.0,8.76000022888,1344.0,42.3529434204,-3.0,,,,,,,,0.78125,,-5.46875,
106.647791574,355,1133,57900,42.3026891667,-83.7046411111,58.0,8.76000022888,1344.0,42.3529434204,-3.0,,,,,,,,0.78125,,-5.46875,
106.647791574,355,1133,59400,42.3026891667,-83.7046411111,58.0,3.80999994278,1071.0,42.3529434204,-3.0,,,,,,,,0.78125,,-5.46875,
106.647791574,355,1133,61000,42.3026691667,-83.7052133333,57.0,3.80999994278,1071.0,47.4509811401,-3.0,,,,,,,,0.78125,,-5.46875,
106.647791574,355,1133,61800,42.3026691667,-83.7052133333,57.0,1.91999995708,878.0,47.4509811401,-3.0,,,,,,,,0.78125,,-5.46875,
106.647791574,355,1133,62000,42.3026691667,-83.7052133333,58.0,1.91999995708,878.0,47.4509811401,-3.0,,,,,,,,0.78125,,-5.46875,
106.647791574,355,1133,62400,42.3026691667,-83.7052133333,58.0,1.91999995708,878.0,47.4509811401,-3.0,,,,,,,,-4.6875,,-5.46875,
106.647791574,355,1133,63100,42.3026691667,-83.7052133333,57.0,1.91999995708,878.0,47.4509811401,-3.0,,,,,,,,-4.6875,,-5.46875,
106.647791574,355,1133,63900,42.3026691667,-83.7052133333,57.0,2.27999997139,1142.0,47.4509811401,-3.0,,,,,,,,-4.6875,,-5.46875,
106.647791574,355,1133,64000,42.3026591667,-83.7057566667,57.0,2.27999997139,1142.0,47.4509811401,-3.0,,,,,,,,-4.6875,,-5.46875,
106.647791574,355,1133,64100,42.3026591667,-83.7057566667,56.0,2.27999997139,1142.0,47.4509811401,-3.0,,,,,,,,-4.6875,,-5.46875,
106.647791574,355,1133,65500,42.3026591667,-83.7057566667,54.0,2.27999997139,1142.0,47.4509811401,-3.0,,,,,,,,-4.6875,,-5.46875,
106.647791574,355,1133,66300,42.3026591667,-83.7057566667,54.0,2.27999997139,1039.0,12.1568632126,-3.0,,,,,,,,-4.6875,,-5.46875,
106.647791574,355,1133,66500,42.3026591667,-83.7057566667,52.0,2.27999997139,1039.0,12.1568632126,-3.0,,,,,,,,-4.6875,,-5.46875,
106.647791574,355,1133,67400,42.3026591667,-83.7057566667,52.0,2.27999997139,1039.0,12.1568632126,-3.0,,,,,,,,-10.9375,,-5.46875,
106.647791574,355,1133,67600,42.3026591667,-83.7057566667,48.0,2.27999997139,1039.0,12.1568632126,-3.0,,,,,,,,-10.9375,,-5.46875,
106.647791574,355,1133,68000,42.3026566667,-83.7064116667,48.0,2.27999997139,1039.0,12.1568632126,-3.0,,,,,,,,-10.9375,,-5.46875,
106.647791574,355,1133,68400,42.3026566667,-83.7064116667,48.0,2.30999994278,927.0,12.1568632126,-3.0,,,,,,,,-10.9375,,-5.46875,
106.647791574,355,1133,68600,42.3026566667,-83.7064116667,41.0,2.30999994278,927.0,12.1568632126,-3.0,,,,,,,,-10.9375,,-5.46875,
106.647791574,355,1133,69600,42.3026566667,-83.7064116667,32.0,2.30999994278,927.0,12.1568632126,-3.0,,,,,,,,-10.9375,,-5.46875,
106.647791574,355,1133,70500,42.3026566667,-83.7064116667,32.0,2.31999993324,907.0,12.1568632126,-3.0,,,,,,,,-10.9375,,-5.46875,
106.647791574,355,1133,70900,42.3026627778,-83.7066352778,32.0,2.31999993324,907.0,12.1568632126,-3.0,,,,,,,,-10.9375,,-5.46875,
106.647791574,355,1133,71000,42.3026627778,-83.7066352778,23.0,2.31999993324,907.0,12.1568632126,-3.0,,,,,,,,-10.9375,,-5.46875,
106.647791574,355,1133,71800,42.3026627778,-83.7066352778,23.0,2.31999993324,907.0,15.2941179276,-3.0,,,,,,,,-10.9375,,-5.46875,
106.647791574,355,1133,72000,42.3026627778,-83.7066352778,5.0,2.31999993324,907.0,15.2941179276,-3.0,,,,,,,,-10.9375,,-5.46875,
106.647791574,355,1133,72100,42.3026627778,-83.7066352778,5.0,2.31999993324,928.0,15.2941179276,-3.0,,,,,,,,-10.9375,,-5.46875,
106.647791574,355,1133,72200,42.3026627778,-83.7066352778,5.0,2.43000006676,928.0,15.2941179276,-3.0,,,,,,,,-10.9375,,-5.46875,
106.647791574,355,1133,72300,42.3026627778,-83.7066352778,5.0,2.43000006676,928.0,14.117647171,-3.0,,,,,,,,-10.9375,,-5.46875,
106.647791574,355,1133,72900,42.3026627778,-83.7066352778,5.0,2.43000006676,928.0,14.117647171,-3.0,,,,,,,,-4.6875,,-5.46875,
106.647791574,355,1133,73500,42.3026627778,-83.7066352778,5.0,2.43000006676,928.0,14.117647171,-3.0,,,,,,,,-4.6875,,-7.03125,
106.647791574,355,1133,74100,42.3026627778,-83.7066352778,0.0,2.43000006676,957.0,14.117647171,-3.0,,,,,,,,-4.6875,,-7.03125,
106.647791574,355,1133,76100,42.3026627778,-83.7066352778,0.0,2.43000006676,978.0,14.117647171,-3.0,,,,,,,,-4.6875,,-7.03125,
106.647791574,355,1133,77300,42.3026627778,-83.7066352778,0.0,2.43000006676,978.0,13.7254905701,-3.0,,,,,,,,-4.6875,,-7.03125,
106.647791574,355,1133,78600,42.3026627778,-83.7066352778,0.0,2.43000006676,996.0,13.7254905701,-3.0,,,,,,,,-4.6875,,-7.03125,
106.647791574,355,1133,80700,42.3026627778,-83.7066352778,0.0,2.43000006676,1013.0,13.7254905701,-3.0,,,,,,,,-4.6875,,-7.03125,
106.647791574,355,1133,82300,42.3026627778,-83.7066352778,0.0,2.25,1013.0,12.1568632126,-3.0,,,,,,,,-4.6875,,-7.03125,
106.647791574,355,1133,82800,42.3026627778,-83.7066352778,0.0,2.25,1025.0,12.1568632126,-3.0,,,,,,,,-4.6875,,-7.03125,
106.647791574,355,1133,83000,42.3026627778,-83.7066352778,0.0,2.25,1025.0,12.1568632126,-3.0,,,,,,,,-1.5625,,-7.03125,
106.647791574,355,1133,85300,42.3026627778,-83.7066352778,0.0,2.25,992.0,12.1568632126,-3.0,,,,,,,,-1.5625,,-7.03125,
106.647791574,355,1133,87300,42.3026627778,-83.7066352778,0.0,2.25,1018.0,12.1568632126,-3.0,,,,,,,,-1.5625,,-7.03125,
106.647791574,355,1133,88000,42.3026516667,-83.7066961111,0.0,2.25,1018.0,12.1568632126,-3.0,,,,,,,,-1.5625,,-7.03125,
106.647791574,355,1133,88700,42.3026516667,-83.7066961111,0.0,2.25,114.0,12.1568632126,-3.0,,,,,,,,-1.5625,,-7.03125,
106.647791574,355,1133,88800,42.3026516667,-83.7066961111,0.0,1.02999997139,114.0,0.0,-3.0,,,,,,,,-1.5625,,-7.03125,
106.647791574,355,1133,89500,42.3026516667,-83.7066961111,0.0,1.02999997139,114.0,0.0,-3.0,,,,,,,,0.0,,-7.03125,
106.647791574,355,1133,90100,42.3026516667,-83.7066961111,0.0,1.02999997139,114.0,0.0,-3.0,,,,,,,,0.0,,-8.59375,
106.647791574,355,1133,90700,42.3026516667,-83.7066961111,0.0,1.02999997139,0.0,0.0,-3.0,,,,,,,,0.0,,-8.59375,
106.647791574,355,1133,90800,42.3026516667,-83.7066961111,0.0,0.20000000298,0.0,0.0,-3.0,,,,,,,,0.0,,-8.59375,
106.647791574,355,1133,92100,42.3026516667,-83.7066961111,0.0,0.20000000298,0.0,0.0,-3.0,,,,,,,,0.0,,-8.59375,
106.647791574,355,1133,96200,42.3026516667,-83.7066961111,0.0,0.180000007153,0.0,0.0,-3.0,,,,,,,,0.0,,-8.59375,
106.647791574,355,1133,101200,42.3026516667,-83.7066961111,0.0,0.170000001788,0.0,0.0,-3.0,,,,,,,,0.0,,-8.59375,
106.647791574,355,1133,118000,42.3026269444,-83.7067625,0.0,0.170000001788,0.0,0.0,-3.0,,,,,,,,0.0,,-8.59375,
106.647791574,355,1133,130000,42.3026363889,-83.7067627778,0.0,0.170000001788,0.0,0.0,-3.0,,,,,,,,0.0,,-8.59375,
106.647791574,355,1133,130800,42.3026363889,-83.7067627778,0.0,17.0900001526,1827.0,0.0,-3.0,,,,,,,,0.0,,-8.59375,
106.647791574,355,1133,130900,42.3026363889,-83.7067627778,0.0,17.0900001526,1827.0,52.1568641663,-3.0,,,,,,,,0.0,,-8.59375,
106.647791574,355,1133,131600,42.3026363889,-83.7067627778,0.0,17.0900001526,1827.0,52.1568641663,-3.0,,,,,,,,1.5625,,-8.59375,
106.647791574,355,1133,132100,42.3026363889,-83.7067627778,0.0,17.0900001526,1827.0,52.1568641663,-3.0,,,,,,,,1.5625,,0.78125,
106.647791574,355,1133,132700,42.3026363889,-83.7067627778,25.0,17.0900001526,1827.0,52.1568641663,-3.0,,,,,,,,1.5625,,0.78125,
106.647791574,355,1133,132800,42.3026363889,-83.7067627778,25.0,20.5,2176.0,52.1568641663,-3.0,,,,,,,,1.5625,,0.78125,
106.647791574,355,1133,133000,42.3026338889,-83.7069188889,25.0,20.5,2176.0,52.1568641663,-3.0,,,,,,,,1.5625,,0.78125,
106.647791574,355,1133,134800,42.3026338889,-83.7069188889,33.0,20.5400009155,2176.0,52.1568641663,-3.0,,,,,,,,1.5625,,0.78125,
106.647791574,355,1133,135800,42.3026338889,-83.7069188889,37.0,20.5400009155,2176.0,52.1568641663,-3.0,,,,,,,,1.5625,,0.78125,
106.647791574,355,1133,136000,42.3026338889,-83.7069188889,37.0,20.5400009155,2176.0,53.7254905701,-3.0,,,,,,,,1.5625,,0.78125,
106.647791574,355,1133,137000,42.3026233333,-83.7074094444,37.0,20.5400009155,2176.0,53.7254905701,-3.0,,,,,,,,1.5625,,0.78125,
106.647791574,355,1133,137200,42.3026233333,-83.7074094444,40.0,15.779999733,1920.0,53.7254905701,-3.0,,,,,,,,1.5625,,0.78125,
106.647791574,355,1133,138200,42.3026233333,-83.7074094444,46.0,15.779999733,1920.0,53.7254905701,-3.0,,,,,,,,1.5625,,0.78125,
106.647791574,355,1133,139200,42.3026233333,-83.7074094444,46.0,15.8999996185,1945.0,53.7254905701,-3.0,,,,,,,,1.5625,,0.78125,
106.647791574,355,1133,140000,42.3026111111,-83.7078786111,46.0,15.8999996185,1945.0,53.7254905701,-3.0,,,,,,,,1.5625,,0.78125,
106.647791574,355,1133,140300,42.3026111111,-83.7078786111,51.0,15.8999996185,1945.0,53.7254905701,-3.0,,,,,,,,1.5625,,0.78125,
106.647791574,355,1133,141100,42.3026111111,-83.7078786111,51.0,15.8999996185,1945.0,46.2745094299,-3.0,,,,,,,,1.5625,,0.78125,
106.647791574,355,1133,141200,42.3026111111,-83.7078786111,51.0,16.6399993896,2015.0,46.2745094299,-3.0,,,,,,,,1.5625,,0.78125,
106.647791574,355,1133,141600,42.3026111111,-83.7078786111,51.0,16.6399993896,2015.0,46.2745094299,-3.0,,,,,,,,2.34375,,0.78125,
106.647791574,355,1133,142700,42.3026111111,-83.7078786111,53.0,16.6399993896,2015.0,46.2745094299,-3.0,,,,,,,,2.34375,,0.78125,
106.647791574,355,1133,142900,42.3025969444,-83.7084011111,53.0,16.6399993896,2015.0,46.2745094299,-3.0,,,,,,,,2.34375,,0.78125,
106.647791574,355,1133,143500,42.3025969444,-83.7084011111,53.0,8.71000003815,1270.0,46.2745094299,-3.0,,,,,,,,2.34375,,0.78125,
106.647791574,355,1133,143700,42.3025969444,-83.7084011111,54.0,8.71000003815,1270.0,46.2745094299,-3.0,,,,,,,,2.34375,,0.78125,
106.647791574,355,1133,144800,42.3025969444,-83.7084011111,55.0,8.71000003815,1270.0,46.2745094299,-3.0,,,,,,,,2.34375,,0.78125,
106.647791574,355,1133,145600,42.3025969444,-83.7084011111,55.0,4.17000007629,1006.0,46.2745094299,-3.0,,,,,,,,2.34375,,0.78125,
106.647791574,355,1133,146000,42.3025833333,-83.7089536111,55.0,4.17000007629,1006.0,46.2745094299,-3.0,,,,,,,,2.34375,,0.78125,
106.647791574,355,1133,146600,42.3025833333,-83.7089536111,55.0,4.17000007629,1006.0,11.372549057,-3.0,,,,,,,,2.34375,,0.78125,
106.647791574,355,1133,146700,42.3025833333,-83.7089536111,55.0,4.17000007629,1006.0,11.372549057,-3.0,,,,,,,,0.0,,0.78125,
106.647791574,355,1133,147700,42.3025833333,-83.7089536111,55.0,2.31999993324,1192.0,11.372549057,-3.0,,,,,,,,0.0,,0.78125,
106.647791574,355,1133,148200,42.3025833333,-83.7089536111,54.0,2.31999993324,1192.0,11.372549057,-3.0,,,,,,,,0.0,,0.78125,
106.647791574,355,1133,148900,42.3025761111,-83.7094886111,54.0,2.31999993324,1192.0,11.372549057,-3.0,,,,,,,,0.0,,0.78125,
106.647791574,355,1133,149300,42.3025761111,-83.7094886111,52.0,2.31999993324,1192.0,11.372549057,-3.0,,,,,,,,0.0,,0.78125,
106.647791574,355,1133,149600,42.3025761111,-83.7094886111,52.0,6.36999988556,960.0,11.372549057,-3.0,,,,,,,,0.0,,0.78125,
106.647791574,355,1133,151700,42.3025761111,-83.7094886111,52.0,7.28000020981,1216.0,33.3333320618,-3.0,,,,,,,,-21.09375,,0.78125,
106.647791574,355,1133,152900,42.3025488889,-83.7102075,52.0,7.28000020981,1216.0,33.3333320618,-3.0,,,,,,,,-21.09375,,0.78125,
106.647791574,355,1133,153100,42.3025488889,-83.7102075,53.0,7.28000020981,1216.0,33.3333320618,-3.0,,,,,,,,-21.09375,,0.78125,
106.647791574,355,1133,154600,42.3025488889,-83.7102075,54.0,7.28000020981,1216.0,33.3333320618,-3.0,,,,,,,,-21.09375,,0.78125,
106.647791574,355,1133,155700,42.3025488889,-83.7102075,55.0,7.76000022888,1114.0,33.3333320618,-3.0,,,,,,,,-21.09375,,0.78125,
106.647791574,355,1133,156000,42.3024897222,-83.7107469444,55.0,7.76000022888,1114.0,33.3333320618,-3.0,,,,,,,,-21.09375,,0.78125,
106.647791574,355,1133,156700,42.3024897222,-83.7107469444,55.0,7.76000022888,1114.0,35.2941169739,-3.0,,,,,,,,0.78125,,0.78125,
106.647791574,355,1133,157700,42.3024897222,-83.7107469444,56.0,6.61999988556,1089.0,35.2941169739,-3.0,,,,,,,,0.78125,,0.78125,
106.647791574,355,1133,158800,42.3024897222,-83.7107469444,57.0,6.61999988556,1089.0,35.2941169739,-3.0,,,,,,,,0.78125,,0.78125,
106.647791574,355,1133,159000,42.3023752778,-83.7113,57.0,6.61999988556,1089.0,35.2941169739,-3.0,,,,,,,,0.78125,,0.78125,
106.647791574,355,1133,160100,42.3023752778,-83.7113,57.0,6.53000020981,1074.0,35.2941169739,-3.0,,,,,,,,0.78125,,0.78125,
106.647791574,355,1133,161700,42.3023752778,-83.7113,57.0,6.53000020981,1074.0,41.1764717102,-3.0,,,,,,,,1.5625,,0.78125,
106.647791574,355,1133,162000,42.3022027778,-83.7118483333,57.0,6.53000020981,1074.0,41.1764717102,-3.0,,,,,,,,1.5625,,0.78125,
106.647791574,355,1133,162200,42.3022027778,-83.7118483333,57.0,8.0,1137.0,41.1764717102,-3.0,,,,,,,,1.5625,,0.78125,
106.647791574,355,1133,163600,42.3022027778,-83.7118483333,58.0,8.0,1137.0,41.1764717102,-3.0,,,,,,,,1.5625,,0.78125,
106.647791574,355,1133,164400,42.3022027778,-83.7118483333,58.0,11.8500003815,1520.0,41.1764717102,-3.0,,,,,,,,1.5625,,0.78125,
106.647791574,355,1133,164600,42.3022027778,-83.7118483333,59.0,11.8500003815,1520.0,41.1764717102,-3.0,,,,,,,,1.5625,,0.78125,
106.647791574,355,1133,166000,42.3019255556,-83.7125294444,59.0,11.8500003815,1520.0,41.1764717102,-3.0,,,,,,,,1.5625,,0.78125,
106.647791574,355,1133,166400,42.3019255556,-83.7125294444,59.0,12.6800003052,1536.0,41.1764717102,-3.0,,,,,,,,1.5625,,0.78125,
106.647791574,355,1133,166700,42.3019255556,-83.7125294444,60.0,12.6800003052,1536.0,41.1764717102,-3.0,,,,,,,,1.5625,,0.78125,
106.647791574,355,1133,167300,42.3019255556,-83.7125294444,60.0,12.6800003052,1536.0,41.9607849121,-3.0,,,,,,,,2.34375,,0.78125,
106.647791574,355,1133,168400,42.3019255556,-83.7125294444,60.0,9.10000038147,1184.0,41.9607849121,-3.0,,,,,,,,2.34375,,0.78125,
106.647791574,355,1133,168900,42.3016441667,-83.7129891667,60.0,9.10000038147,1184.0,41.9607849121,-3.0,,,,,,,,2.34375,,0.78125,
106.647791574,355,1133,170700,42.3016441667,-83.7129891667,60.0,8.96000003815,1172.0,41.9607849121,-3.0,,,,,,,,2.34375,,0.78125,
106.647791574,355,1133,170900,42.3016441667,-83.7129891667,59.0,8.96000003815,1172.0,41.9607849121,-3.0,,,,,,,,2.34375,,0.78125,
106.647791574,355,1133,172000,42.3013183333,-83.7133966667,59.0,8.96000003815,1172.0,41.9607849121,-3.0,,,,,,,,2.34375,,0.78125,
106.647791574,355,1133,172800,42.3013183333,-83.7133966667,59.0,13.2299995422,1647.0,44.7058830261,-3.0,,,,,,,,2.34375,,0.78125,
106.647791574,355,1133,174000,42.3013183333,-83.7133966667,60.0,13.2299995422,1647.0,44.7058830261,-3.0,,,,,,,,2.34375,,0.78125,
106.647791574,355,1133,174900,42.3013183333,-83.7133966667,60.0,12.7100000381,1607.0,44.7058830261,-3.0,,,,,,,,2.34375,,0.78125,
106.647791574,355,1133,175400,42.3013183333,-83.7133966667,61.0,12.7100000381,1607.0,44.7058830261,-3.0,,,,,,,,2.34375,,0.78125,
106.647791574,355,1133,176000,42.3008402778,-83.7139713889,61.0,12.7100000381,1607.0,44.7058830261,-3.0,,,,,,,,2.34375,,0.78125,
106.647791574,355,1133,176400,42.3008402778,-83.7139713889,62.0,12.7100000381,1607.0,44.7058830261,-3.0,,,,,,,,2.34375,,0.78125,
106.647791574,355,1133,177300,42.3008402778,-83.7139713889,62.0,9.27999973297,1246.0,44.7058830261,-3.0,,,,,,,,2.34375,,0.78125,
106.647791574,355,1133,177800,42.3008402778,-83.7139713889,62.0,9.27999973297,1246.0,43.1372566223,-3.0,,,,,,,,0.0,,0.78125,
106.647791574,355,1133,178500,42.3008402778,-83.7139713889,63.0,9.27999973297,1246.0,43.1372566223,-3.0,,,,,,,,0.0,,0.78125,
106.647791574,355,1133,179000,42.3004777778,-83.7144213889,63.0,9.27999973297,1246.0,43.1372566223,-3.0,,,,,,,,0.0,,0.78125,
106.647791574,355,1133,179300,42.3004777778,-83.7144213889,63.0,9.71000003815,1271.0,43.1372566223,-3.0,,,,,,,,0.0,,0.78125,
106.647791574,355,1133,179600,42.3004777778,-83.7144213889,64.0,9.71000003815,1271.0,43.1372566223,-3.0,,,,,,,,0.0,,0.78125,
106.647791574,355,1133,180900,42.3004777778,-83.7144213889,65.0,9.71000003815,1271.0,43.1372566223,-3.0,,,,,,,,0.0,,0.78125,
106.647791574,355,1133,181700,42.3004777778,-83.7144213889,65.0,8.97999954224,1216.0,43.1372566223,-3.0,,,,,,,,0.0,,0.78125,
106.647791574,355,1133,182000,42.3001266667,-83.7149125,66.0,8.97999954224,1216.0,43.1372566223,-3.0,,,,,,,,0.0,,0.78125,
106.647791574,355,1133,182800,42.3001266667,-83.7149125,66.0,8.97999954224,1216.0,32.5490188599,-3.0,,,,,,,,2.34375,,0.78125,
106.647791574,355,1133,183000,42.3001266667,-83.7149125,67.0,8.97999954224,1216.0,32.5490188599,-3.0,,,,,,,,2.34375,,0.78125,
106.647791574,355,1133,183800,42.3001266667,-83.7149125,67.0,5.01000022888,992.0,32.5490188599,-3.0,,,,,,,,2.34375,,0.78125,
106.647791574,355,1133,185000,42.3001266667,-83.7149125,68.0,5.01000022888,992.0,32.5490188599,-3.0,,,,,,,,2.34375,,0.78125,
106.647791574,355,1133,186000,42.2996894444,-83.7156394444,68.0,2.75999999046,1000.0,32.5490188599,-3.0,,,,,,,,2.34375,,0.78125,
106.647791574,355,1133,187600,42.2996894444,-83.7156394444,69.0,2.75999999046,1000.0,32.5490188599,-3.0,,,,,,,,2.34375,,0.78125,
106.647791574,355,1133,187900,42.2996894444,-83.7156394444,69.0,2.75999999046,1000.0,17.254901886,-3.0,,,,,,,,-10.15625,,0.78125,
106.647791574,355,1133,188000,42.2996894444,-83.7156394444,69.0,2.75999999046,997.0,17.254901886,-3.0,,,,,,,,-10.15625,,0.78125,
106.647791574,355,1133,188100,42.2996894444,-83.7156394444,69.0,3.25,997.0,17.254901886,-3.0,,,,,,,,-10.15625,,0.78125,
106.647791574,355,1133,189100,42.2994069444,-83.7162325,69.0,3.25,997.0,17.254901886,-3.0,,,,,,,,-10.15625,,0.78125,
106.647791574,355,1133,190100,42.2994069444,-83.7162325,69.0,7.19999980927,1117.0,17.254901886,-3.0,,,,,,,,-10.15625,,0.78125,
106.647791574,355,1133,192000,42.2992027778,-83.71682,69.0,7.19999980927,1117.0,17.254901886,-3.0,,,,,,,,-10.15625,,0.78125,
106.647791574,355,1133,192300,42.2992027778,-83.71682,68.0,13.3900003433,1642.0,17.254901886,-3.0,,,,,,,,-10.15625,,-3.125,
106.647791574,355,1133,193000,42.2992027778,-83.71682,68.0,13.3900003433,1642.0,45.0980415344,-3.0,,,,,,,,7.8125,,-3.125,
106.647791574,355,1133,193700,42.2992027778,-83.71682,69.0,13.3900003433,1642.0,45.0980415344,-3.0,,,,,,,,7.8125,,-3.125,
106.647791574,355,1133,194700,42.2992027778,-83.71682,68.0,9.51000022888,1281.0,45.0980415344,-3.0,,,,,,,,7.8125,,-3.125,
106.647791574,355,1133,195000,42.2989647222,-83.7174302778,68.0,9.51000022888,1281.0,45.0980415344,-3.0,,,,,,,,7.8125,,-3.125,
106.647791574,355,1133,195800,42.2989647222,-83.7174302778,66.0,9.51000022888,1281.0,45.0980415344,-3.0,,,,,,,,7.8125,,-3.125,
106.647791574,355,1133,196800,42.2989647222,-83.7174302778,65.0,9.56000041962,1248.0,45.0980415344,-3.0,,,,,,,,7.8125,,-3.125,
106.647791574,355,1133,197900,42.2987377778,-83.7180069444,65.0,9.56000041962,1248.0,45.0980415344,-3.0,,,,,,,,7.8125,,-3.125,
106.647791574,355,1133,198200,42.2987377778,-83.7180069444,63.0,9.56000041962,1248.0,43.1372566223,-3.0,,,,,,,,4.6875,,-3.125,
106.647791574,355,1133,199200,42.2987377778,-83.7180069444,61.0,9.44999980927,1216.0,43.1372566223,-3.0,,,,,,,,4.6875,,-3.125,
106.647791574,355,1133,201000,42.2985266667,-83.7185636111,61.0,9.44999980927,1216.0,43.1372566223,-3.0,,,,,,,,4.6875,,-3.125,
106.647791574,355,1133,201300,42.2985266667,-83.7185636111,60.0,2.1400001049,1054.0,43.1372566223,-3.0,,,,,,,,4.6875,,-3.125,
106.647791574,355,1133,202300,42.2985266667,-83.7185636111,59.0,2.1400001049,1054.0,43.1372566223,-3.0,,,,,,,,4.6875,,-3.125,
106.647791574,355,1133,203700,42.2985266667,-83.7185636111,58.0,2.25999999046,1196.0,10.5882358551,-3.0,,,,,,,,-9.375,,-3.125,
106.647791574,355,1133,204000,42.298325,-83.7191111111,58.0,2.25999999046,1196.0,10.5882358551,-3.0,,,,,,,,-9.375,,-3.125,
106.647791574,355,1133,204700,42.298325,-83.7191111111,53.0,2.25999999046,1196.0,10.5882358551,-3.0,,,,,,,,-9.375,,-3.125,
106.647791574,355,1133,205800,42.298325,-83.7191111111,49.0,2.25999999046,1056.0,10.5882358551,-3.0,,,,,,,,-9.375,,-3.125,
106.647791574,355,1133,206800,42.298325,-83.7191111111,44.0,2.25999999046,1056.0,10.5882358551,-3.0,,,,,,,,-9.375,,-3.125,
106.647791574,355,1133,207000,42.2981736111,-83.7195591667,44.0,2.25999999046,1056.0,10.5882358551,-3.0,,,,,,,,-9.375,,-3.125,
106.647791574,355,1133,207900,42.2981736111,-83.7195591667,37.0,2.00999999046,0.0,10.5882358551,-3.0,,,,,,,,-9.375,,-3.125,
106.647791574,355,1133,209200,42.2981736111,-83.7195591667,26.0,2.00999999046,0.0,0.0,-3.0,,,,,,,,0.0,,-3.125,
106.647791574,355,1133,210300,42.2981736111,-83.7195591667,15.0,0.180000007153,0.0,0.0,-3.0,,,,,,,,0.0,,-3.125,
106.647791574,355,1133,211000,42.2980938889,-83.7198466667,15.0,0.180000007153,0.0,0.0,-3.0,,,,,,,,0.0,,-3.125,
106.647791574,355,1133,211300,42.2980938889,-83.7198466667,9.0,0.180000007153,0.0,0.0,-3.0,,,,,,,,0.0,,-3.125,
106.647791574,355,1133,212300,42.2980938889,-83.7198466667,5.0,0.180000007153,0.0,0.0,-3.0,,,,,,,,0.0,,-3.125,
106.647791574,355,1133,214000,42.2980794444,-83.7198816667,5.0,0.180000007153,0.0,0.0,-3.0,,,,,,,,0.0,,-3.125,
106.647791574,355,1133,214100,42.2980794444,-83.7198816667,1.0,0.180000007153,0.0,0.0,-3.0,,,,,,,,0.0,,-3.125,
106.647791574,355,1133,215500,42.2980794444,-83.7198816667,3.0,0.180000007153,0.0,0.0,-3.0,,,,,,,,0.0,,-3.125,
106.647791574,355,1133,217600,42.2980794444,-83.7198816667,3.0,0.180000007153,0.0,0.0,-4.0,,,,,,,,0.0,,-3.125,
106.647791574,355,1133,218200,42.2980794444,-83.7198816667,3.0,0.180000007153,0.0,0.0,-4.0,,,,,,,,0.0,,-8.59375,
106.647791574,355,1133,218700,42.2980794444,-83.7198816667,0.0,0.180000007153,0.0,0.0,-4.0,,,,,,,,0.0,,-8.59375,
106.647791574,355,1133,221000,42.2980616667,-83.7198702778,0.0,0.180000007153,0.0,0.0,-4.0,,,,,,,,0.0,,-8.59375,
106.647791574,355,1133,222100,42.2980616667,-83.7198702778,0.0,0.170000001788,0.0,0.0,-4.0,,,,,,,,0.0,,-8.59375,
106.647791574,355,1133,225700,42.2980616667,-83.7198702778,0.0,0.170000001788,0.0,0.0,-4.0,,,,,,,,0.0,,-6.25,
106.647791574,355,1133,226000,42.2980419444,-83.7199330556,0.0,0.170000001788,0.0,0.0,-4.0,,,,,,,,0.0,,-6.25,
106.647791574,355,1133,226300,42.2980419444,-83.7199330556,0.0,0.170000001788,1142.0,0.0,-4.0,,,,,,,,0.0,,-6.25,
106.647791574,355,1133,226400,42.2980419444,-83.7199330556,0.0,9.0,1142.0,0.0,-4.0,,,,,,,,0.0,,-6.25,
106.647791574,355,1133,226500,42.2980419444,-83.7199330556,0.0,9.0,1142.0,45.490196228,-4.0,,,,,,,,0.0,,-6.25,
106.647791574,355,1133,227100,42.2980419444,-83.7199330556,0.0,9.0,1142.0,45.490196228,-4.0,,,,,,,,0.78125,,-6.25,
106.647791574,355,1133,227700,42.2980419444,-83.7199330556,0.0,9.0,1142.0,45.490196228,-4.0,,,,,,,,0.78125,,-1.5625,
106.647791574,355,1133,228300,42.2980419444,-83.7199330556,21.0,9.0,1600.0,45.490196228,-4.0,,,,,,,,0.78125,,-1.5625,
106.647791574,355,1133,228400,42.2980419444,-83.7199330556,21.0,12.8500003815,1600.0,45.490196228,-4.0,,,,,,,,0.78125,,-1.5625,
106.647791574,355,1133,228900,42.2980169444,-83.7200991667,21.0,12.8500003815,1600.0,45.490196228,-4.0,,,,,,,,0.78125,,-1.5625,
106.647791574,355,1133,230300,42.2980169444,-83.7200991667,25.0,12.8500003815,1184.0,45.490196228,-4.0,,,,,,,,0.78125,,-1.5625,
106.647791574,355,1133,230400,42.2980169444,-83.7200991667,25.0,9.47999954224,1184.0,45.490196228,-4.0,,,,,,,,0.78125,,-1.5625,
106.647791574,355,1133,231400,42.2980169444,-83.7200991667,28.0,9.47999954224,1184.0,45.490196228,-4.0,,,,,,,,0.78125,,-1.5625,
106.647791574,355,1133,231500,42.2980169444,-83.7200991667,28.0,9.47999954224,1184.0,42.3529434204,-4.0,,,,,,,,0.78125,,-1.5625,
106.647791574,355,1133,232000,42.2979866667,-83.7203791667,28.0,9.47999954224,1184.0,42.3529434204,-4.0,,,,,,,,0.78125,,-1.5625,
106.647791574,355,1133,232700,42.2979866667,-83.7203791667,31.0,9.17000007629,1169.0,42.3529434204,-4.0,,,,,,,,0.78125,,-1.5625,
106.647791574,355,1133,233800,42.2979866667,-83.7203791667,35.0,9.17000007629,1169.0,42.3529434204,-4.0,,,,,,,,0.78125,,-1.5625,
106.647791574,355,1133,234700,42.2979866667,-83.7203791667,35.0,9.03999996185,1174.0,42.3529434204,-4.0,,,,,,,,0.78125,,-1.5625,
106.647791574,355,1133,234800,42.2979866667,-83.7203791667,37.0,9.03999996185,1174.0,42.3529434204,-4.0,,,,,,,,0.78125,,-1.5625,
106.647791574,355,1133,235000,42.2979866667,-83.7207425,37.0,9.03999996185,1174.0,42.3529434204,-4.0,,,,,,,,0.78125,,-1.5625,
106.647791574,355,1133,235800,42.2979866667,-83.7207425,40.0,9.03999996185,1174.0,42.3529434204,-4.0,,,,,,,,0.78125,,-1.5625,
106.647791574,355,1133,236700,42.2979866667,-83.7207425,40.0,10.0100002289,1298.0,43.5294113159,-4.0,,,,,,,,0.78125,,-1.5625,
106.647791574,355,1133,236900,42.2979866667,-83.7207425,42.0,10.0100002289,1298.0,43.5294113159,-4.0,,,,,,,,0.78125,,-1.5625,
106.647791574,355,1133,237700,42.2979866667,-83.7207425,42.0,10.0100002289,1298.0,43.5294113159,-4.0,,,,,,,,4.6875,,-1.5625,
106.647791574,355,1133,238300,42.2979866667,-83.7207425,45.0,10.0100002289,1298.0,43.5294113159,-4.0,,,,,,,,4.6875,,-1.5625,
106.647791574,355,1133,239000,42.2981608333,-83.7212933333,45.0,10.0100002289,1298.0,43.5294113159,-4.0,,,,,,,,4.6875,,-1.5625,
106.647791574,355,1133,239100,42.2981608333,-83.7212933333,45.0,9.67000007629,1260.0,43.5294113159,-4.0,,,,,,,,4.6875,,-1.5625,
106.647791574,355,1133,239300,42.2981608333,-83.7212933333,49.0,9.67000007629,1260.0,43.5294113159,-4.0,,,,,,,,4.6875,,-1.5625,
106.647791574,355,1133,240300,42.2981608333,-83.7212933333,52.0,9.67000007629,1260.0,43.5294113159,-4.0,,,,,,,,4.6875,,-1.5625,
106.647791574,355,1133,241100,42.2981608333,-83.7212933333,52.0,3.61999988556,992.0,43.5294113159,-4.0,,,,,,,,4.6875,,-1.5625,
106.647791574,355,1133,241400,42.2981608333,-83.7212933333,54.0,3.61999988556,992.0,43.5294113159,-4.0,,,,,,,,4.6875,,-1.5625,
106.647791574,355,1133,242000,42.2983602778,-83.7217872222,54.0,3.61999988556,992.0,43.5294113159,-4.0,,,,,,,,4.6875,,-1.5625,
106.647791574,355,1133,242200,42.2983602778,-83.7217872222,54.0,3.61999988556,992.0,25.0980396271,-4.0,,,,,,,,4.6875,,-1.5625,
106.647791574,355,1133,242400,42.2983602778,-83.7217872222,55.0,3.61999988556,992.0,25.0980396271,-4.0,,,,,,,,4.6875,,-1.5625,
106.647791574,355,1133,242700,42.2983602778,-83.7217872222,55.0,3.61999988556,992.0,25.0980396271,-4.0,,,,,,,,2.34375,,-1.5625,
106.647791574,355,1133,243200,42.2983602778,-83.7217872222,55.0,4.71000003815,960.0,25.0980396271,-4.0,,,,,,,,2.34375,,-1.5625,
106.647791574,355,1133,244800,42.2983602778,-83.7217872222,57.0,4.71000003815,960.0,25.0980396271,-4.0,,,,,,,,2.34375,,-1.5625,
106.647791574,355,1133,244900,42.2985458333,-83.7222436111,57.0,4.71000003815,960.0,25.0980396271,-4.0,,,,,,,,2.34375,,-1.5625,
106.647791574,355,1133,245600,42.2985458333,-83.7222436111,57.0,4.71000003815,992.0,25.0980396271,-4.0,,,,,,,,2.34375,,-1.5625,
106.647791574,355,1133,245800,42.2985458333,-83.7222436111,58.0,4.71000003815,992.0,25.0980396271,-4.0,,,,,,,,2.34375,,-1.5625,
106.647791574,355,1133,246900,42.2985458333,-83.7222436111,59.0,4.71000003815,992.0,25.0980396271,-4.0,,,,,,,,2.34375,,-1.5625,
106.647791574,355,1133,247700,42.2985458333,-83.7222436111,59.0,2.15000009537,1004.0,11.764705658,-4.0,,,,,,,,2.34375,,-1.5625,
106.647791574,355,1133,247800,42.2985458333,-83.7222436111,59.0,2.15000009537,1004.0,11.764705658,-4.0,,,,,,,,-1.5625,,-1.5625,
106.647791574,355,1133,247900,42.2985458333,-83.7222436111,60.0,2.15000009537,1004.0,11.764705658,-4.0,,,,,,,,-1.5625,,-1.5625,
106.647791574,355,1133,248000,42.2987677778,-83.7227047222,60.0,2.15000009537,1004.0,11.764705658,-4.0,,,,,,,,-1.5625,,-1.5625,
106.647791574,355,1133,250100,42.2987677778,-83.7227047222,60.0,0.759999990463,0.0,11.764705658,-4.0,,,,,,,,-1.5625,,-1.5625,
106.647791574,355,1133,251400,42.2987677778,-83.7227047222,59.0,0.759999990463,0.0,11.764705658,-4.0,,,,,,,,-1.5625,,-1.5625,
106.647791574,355,1133,252000,42.2991411111,-83.7233063889,59.0,0.759999990463,0.0,11.764705658,-4.0,,,,,,,,-1.5625,,-1.5625,
106.647791574,355,1133,252200,42.2991411111,-83.7233063889,59.0,0.180000007153,0.0,11.764705658,-4.0,,,,,,,,-1.5625,,-1.5625,
106.647791574,355,1133,253200,42.2991411111,-83.7233063889,59.0,0.180000007153,0.0,0.0,-4.0,,,,,,,,0.0,,-1.5625,
106.647791574,355,1133,254900,42.2993741667,-83.7237961111,60.0,0.180000007153,0.0,0.0,-4.0,,,,,,,,0.0,,-1.5625,
106.647791574,355,1133,256000,42.2993741667,-83.7237961111,61.0,0.180000007153,0.0,0.0,-4.0,,,,,,,,0.0,,-1.5625,
106.647791574,355,1133,257000,42.2993741667,-83.7237961111,62.0,0.180000007153,0.0,0.0,-4.0,,,,,,,,0.0,,-1.5625,
106.647791574,355,1133,257900,42.2995155556,-83.7243838889,62.0,0.180000007153,0.0,0.0,-4.0,,,,,,,,0.0,,-1.5625,
106.647791574,355,1133,260200,42.2995155556,-83.7243838889,63.0,0.180000007153,0.0,0.0,-4.0,,,,,,,,0.0,,-1.5625,
106.647791574,355,1133,261000,42.2995155556,-83.7243838889,63.0,2.15000009537,1376.0,0.0,-4.0,,,,,,,,0.0,,-1.5625,
106.647791574,355,1133,261200,42.2995155556,-83.7243838889,62.0,2.15000009537,1376.0,0.0,-4.0,,,,,,,,0.0,,-1.5625,
106.647791574,355,1133,262000,42.2994966667,-83.7252680556,62.0,2.15000009537,1376.0,0.0,-4.0,,,,,,,,0.0,,-1.5625,
106.647791574,355,1133,263100,42.2994966667,-83.7252680556,62.0,6.03999996185,1011.0,0.0,-4.0,,,,,,,,0.0,,-1.5625,
106.647791574,355,1133,263300,42.2994966667,-83.7252680556,61.0,6.03999996185,1011.0,0.0,-4.0,,,,,,,,0.0,,-1.5625,
106.647791574,355,1133,264100,42.2994966667,-83.7252680556,61.0,6.03999996185,1011.0,34.509803772,-4.0,,,,,,,,0.0,,-1.5625,
106.647791574,355,1133,264300,42.2994966667,-83.7252680556,62.0,6.03999996185,1011.0,34.509803772,-4.0,,,,,,,,0.0,,-1.5625,
106.647791574,355,1133,265000,42.2993286111,-83.7258705556,62.0,6.03999996185,1011.0,34.509803772,-4.0,,,,,,,,0.0,,-1.5625,
106.647791574,355,1133,265100,42.2993286111,-83.7258705556,62.0,6.34000015259,1021.0,34.509803772,-4.0,,,,,,,,0.0,,-1.5625,
106.647791574,355,1133,266700,42.2993286111,-83.7258705556,63.0,6.34000015259,1021.0,34.509803772,-4.0,,,,,,,,0.0,,-1.5625,
106.647791574,355,1133,267500,42.2993286111,-83.7258705556,63.0,5.80999994278,1004.0,34.509803772,-4.0,,,,,,,,0.0,,-1.5625,
106.647791574,355,1133,268000,42.2990505556,-83.7263752778,63.0,5.80999994278,1004.0,34.509803772,-4.0,,,,,,,,0.0,,-1.5625,
106.647791574,355,1133,268600,42.2990505556,-83.7263752778,63.0,5.80999994278,1004.0,34.509803772,-4.0,,,,,,,,3.90625,,-1.5625,
106.647791574,355,1133,268800,42.2990505556,-83.7263752778,64.0,5.80999994278,1004.0,34.509803772,-4.0,,,,,,,,3.90625,,-1.5625,
106.647791574,355,1133,269600,42.2990505556,-83.7263752778,64.0,5.80999994278,992.0,32.5490188599,-4.0,,,,,,,,3.90625,,-1.5625,
106.647791574,355,1133,269800,42.2990505556,-83.7263752778,65.0,5.80999994278,992.0,32.5490188599,-4.0,,,,,,,,3.90625,,-1.5625,
106.647791574,355,1133,271900,42.2985425,-83.7269558333,65.0,5.80999994278,992.0,32.5490188599,-4.0,,,,,,,,3.90625,,-1.5625,
106.647791574,355,1133,272000,42.2985425,-83.7269558333,65.0,7.76000022888,1120.0,32.5490188599,-4.0,,,,,,,,3.90625,,-1.5625,
106.647791574,355,1133,272200,42.2985425,-83.7269558333,66.0,7.76000022888,1120.0,32.5490188599,-4.0,,,,,,,,3.90625,,-1.5625,
106.647791574,355,1133,273300,42.2985425,-83.7269558333,67.0,7.76000022888,1120.0,32.5490188599,-4.0,,,,,,,,3.90625,,-1.5625,
106.647791574,355,1133,274800,42.2985425,-83.7269558333,67.0,2.06999993324,1037.0,11.764705658,-4.0,,,,,,,,2.34375,,-1.5625,
106.647791574,355,1133,275000,42.2981569444,-83.7274102778,67.0,2.06999993324,1037.0,11.764705658,-4.0,,,,,,,,2.34375,,-1.5625,
106.647791574,355,1133,276300,42.2981569444,-83.7274102778,66.0,2.06999993324,1037.0,11.764705658,-4.0,,,,,,,,2.34375,,-1.5625,
106.647791574,355,1133,277100,42.2981569444,-83.7274102778,66.0,10.0100002289,1312.0,11.764705658,-4.0,,,,,,,,2.34375,,-1.5625,
106.647791574,355,1133,277300,42.2981569444,-83.7274102778,65.0,10.0100002289,1312.0,11.764705658,-4.0,,,,,,,,2.34375,,-1.5625,
106.647791574,355,1133,278000,42.2978163889,-83.7278877778,65.0,10.0100002289,1312.0,11.764705658,-4.0,,,,,,,,2.34375,,-1.5625,
106.647791574,355,1133,278300,42.2978163889,-83.7278877778,66.0,10.0100002289,1312.0,11.764705658,-4.0,,,,,,,,2.34375,,-1.5625,
106.647791574,355,1133,279100,42.2978163889,-83.7278877778,66.0,2.15000009537,1195.0,11.764705658,-4.0,,,,,,,,2.34375,,-1.5625,
106.647791574,355,1133,279400,42.2978163889,-83.7278877778,65.0,2.15000009537,1195.0,11.764705658,-4.0,,,,,,,,2.34375,,-1.5625,
106.647791574,355,1133,280200,42.2978163889,-83.7278877778,65.0,2.15000009537,1195.0,10.1960783005,-4.0,,,,,,,,0.0,,-1.5625,
106.647791574,355,1133,280400,42.2978163889,-83.7278877778,62.0,2.15000009537,1195.0,10.1960783005,-4.0,,,,,,,,0.0,,-1.5625,
106.647791574,355,1133,281000,42.2975122222,-83.7283619444,62.0,2.15000009537,1195.0,10.1960783005,-4.0,,,,,,,,0.0,,-1.5625,
106.647791574,355,1133,281200,42.2975122222,-83.7283619444,62.0,2.25,1185.0,10.1960783005,-4.0,,,,,,,,0.0,,-1.5625,
106.647791574,355,1133,281800,42.2975122222,-83.7283619444,60.0,2.25,1185.0,10.1960783005,-4.0,,,,,,,,0.0,,-1.5625,
106.647791574,355,1133,282800,42.2975122222,-83.7283619444,58.0,2.25,1185.0,10.1960783005,-4.0,,,,,,,,0.0,,-1.5625,
106.647791574,355,1133,283600,42.2975122222,-83.7283619444,58.0,5.92999982834,1050.0,10.1960783005,-4.0,,,,,,,,0.0,,-1.5625,
106.647791574,355,1133,283800,42.2975122222,-83.7283619444,57.0,5.92999982834,1050.0,10.1960783005,-4.0,,,,,,,,0.0,,-1.5625,
106.647791574,355,1133,284000,42.2972386111,-83.7288108333,57.0,5.92999982834,1050.0,10.1960783005,-4.0,,,,,,,,0.0,,-1.5625,
106.647791574,355,1133,285700,42.2972386111,-83.7288108333,57.0,2.92000007629,1010.0,14.9019613266,-4.0,,,,,,,,-9.375,,-1.5625,
106.647791574,355,1133,285900,42.2972386111,-83.7288108333,56.0,2.92000007629,1010.0,14.9019613266,-4.0,,,,,,,,-9.375,,-1.5625,
106.647791574,355,1133,287300,42.2972386111,-83.7288108333,55.0,2.92000007629,1010.0,14.9019613266,-4.0,,,,,,,,-9.375,,-1.5625,
106.647791574,355,1133,288000,42.2968916667,-83.7294313889,55.0,2.92000007629,1010.0,14.9019613266,-4.0,,,,,,,,-9.375,,-1.5625,
106.647791574,355,1133,288100,42.2968916667,-83.7294313889,55.0,4.75,896.0,14.9019613266,-4.0,,,,,,,,-9.375,,-8.59375,
106.647791574,355,1133,289800,42.2968916667,-83.7294313889,56.0,4.75,896.0,14.9019613266,-4.0,,,,,,,,-9.375,,-8.59375,
106.647791574,355,1133,290700,42.2968916667,-83.7294313889,56.0,9.26000022888,1241.0,14.9019613266,-4.0,,,,,,,,-9.375,,-8.59375,
106.647791574,355,1133,290800,42.2968916667,-83.7294313889,58.0,9.26000022888,1241.0,42.3529434204,-4.0,,,,,,,,-4.6875,,-8.59375,
106.647791574,355,1133,290900,42.2966355556,-83.7299036111,58.0,9.26000022888,1241.0,42.3529434204,-4.0,,,,,,,,-4.6875,,-8.59375,
106.647791574,355,1133,292300,42.2966355556,-83.7299036111,59.0,9.26000022888,1241.0,42.3529434204,-4.0,,,,,,,,-4.6875,,-8.59375,
106.647791574,355,1133,292700,42.2966355556,-83.7299036111,59.0,2.18000006676,1089.0,42.3529434204,-4.0,,,,,,,,-4.6875,,-8.59375,
106.647791574,355,1133,293400,42.2966355556,-83.7299036111,61.0,2.18000006676,1089.0,42.3529434204,-4.0,,,,,,,,-4.6875,,-8.59375,
106.647791574,355,1133,293900,42.2963483333,-83.7303738889,61.0,2.18000006676,1089.0,42.3529434204,-4.0,,,,,,,,-4.6875,,-8.59375,
106.647791574,355,1133,294700,42.2963483333,-83.7303738889,61.0,9.34000015259,1095.0,42.3529434204,-4.0,,,,,,,,-4.6875,,-8.59375,
106.647791574,355,1133,295800,42.2963483333,-83.7303738889,61.0,9.34000015259,1095.0,43.1372566223,-4.0,,,,,,,,3.90625,,-8.59375,
106.647791574,355,1133,296600,42.2963483333,-83.7303738889,63.0,9.34000015259,1095.0,43.1372566223,-4.0,,,,,,,,3.90625,,-8.59375,
106.647791574,355,1133,296700,42.2963483333,-83.7303738889,63.0,8.43000030518,1088.0,43.1372566223,-4.0,,,,,,,,3.90625,,-8.59375,
106.647791574,355,1133,297000,42.2960463889,-83.73085,63.0,8.43000030518,1088.0,43.1372566223,-4.0,,,,,,,,3.90625,,-8.59375,
106.647791574,355,1133,298000,42.2960463889,-83.73085,64.0,8.43000030518,1088.0,43.1372566223,-4.0,,,,,,,,3.90625,,-8.59375,
106.647791574,355,1133,299000,42.2960463889,-83.73085,65.0,2.21000003815,1042.0,43.1372566223,-4.0,,,,,,,,3.90625,,-8.59375,
106.647791574,355,1133,300000,42.2957258333,-83.7313547222,65.0,2.21000003815,1042.0,43.1372566223,-4.0,,,,,,,,3.90625,,-8.59375,
106.647791574,355,1133,300100,42.2957258333,-83.7313547222,66.0,2.21000003815,1042.0,43.1372566223,-4.0,,,,,,,,3.90625,,-8.59375,
106.647791574,355,1133,301100,42.2957258333,-83.7313547222,66.0,4.42999982834,967.0,24.3137264252,-4.0,,,,,,,,3.125,,-8.59375,
106.647791574,355,1133,302700,42.2957258333,-83.7313547222,67.0,4.42999982834,967.0,24.3137264252,-4.0,,,,,,,,3.125,,-8.59375,
106.647791574,355,1133,303000,42.2954,-83.7318694444,67.0,4.42999982834,967.0,24.3137264252,-4.0,,,,,,,,3.125,,-8.59375,
106.647791574,355,1133,303500,42.2954,-83.7318694444,67.0,2.21000003815,1165.0,24.3137264252,-4.0,,,,,,,,3.125,,-8.59375,
106.647791574,355,1133,305500,42.2954,-83.7318694444,67.0,3.18000006676,992.0,24.3137264252,-4.0,,,,,,,,3.125,,-8.59375,
106.647791574,355,1133,305900,42.2950622222,-83.7323827778,67.0,3.18000006676,992.0,24.3137264252,-4.0,,,,,,,,3.125,,-8.59375,
106.647791574,355,1133,306100,42.2950622222,-83.7323827778,67.0,3.18000006676,992.0,10.9803924561,-4.0,,,,,,,,-5.46875,,-8.59375,
106.647791574,355,1133,307600,42.2950622222,-83.7323827778,67.0,2.23000001907,1184.0,10.9803924561,-4.0,,,,,,,,-5.46875,,-8.59375,
106.647791574,355,1133,309200,42.2950622222,-83.7323827778,66.0,2.23000001907,1184.0,10.9803924561,-4.0,,,,,,,,-5.46875,,-8.59375,
106.647791574,355,1133,309900,42.2946111111,-83.7330536111,66.0,2.23000001907,1184.0,10.9803924561,-4.0,,,,,,,,-5.46875,,-8.59375,
106.647791574,355,1133,310000,42.2946111111,-83.7330536111,66.0,2.25,1171.0,10.9803924561,-4.0,,,,,,,,-5.46875,,-8.59375,
106.647791574,355,1133,310200,42.2946111111,-83.7330536111,65.0,2.25,1171.0,10.9803924561,-4.0,,,,,,,,-5.46875,,-8.59375,
106.647791574,355,1133,311100,42.2946111111,-83.7330536111,65.0,2.25,1171.0,10.5882358551,-4.0,,,,,,,,-6.25,,-8.59375,
106.647791574,355,1133,311300,42.2946111111,-83.7330536111,64.0,2.25,1171.0,10.5882358551,-4.0,,,,,,,,-6.25,,-8.59375,
106.647791574,355,1133,312100,42.2946111111,-83.7330536111,64.0,2.25999999046,1165.0,10.5882358551,-4.0,,,,,,,,-6.25,,-8.59375,
106.647791574,355,1133,312300,42.2946111111,-83.7330536111,63.0,2.25999999046,1165.0,10.5882358551,-4.0,,,,,,,,-6.25,,-8.59375,
106.647791574,355,1133,313000,42.2942916667,-83.7335269444,63.0,2.25999999046,1165.0,10.5882358551,-4.0,,,,,,,,-6.25,,-8.59375,
106.647791574,355,1133,313700,42.2942916667,-83.7335269444,62.0,2.25999999046,1165.0,10.5882358551,-4.0,,,,,,,,-6.25,,-8.59375,
106.647791574,355,1133,314500,42.2942916667,-83.7335269444,62.0,2.25999999046,1184.0,10.5882358551,-4.0,,,,,,,,-6.25,,-8.59375,
106.647791574,355,1133,314700,42.2942916667,-83.7335269444,61.0,2.25999999046,1184.0,10.5882358551,-4.0,,,,,,,,-6.25,,-8.59375,
106.647791574,355,1133,315800,42.2942916667,-83.7335269444,60.0,2.25999999046,1184.0,10.5882358551,-4.0,,,,,,,,-6.25,,-8.59375,
106.647791574,355,1133,316000,42.2939922222,-83.7339852778,60.0,2.25999999046,1184.0,10.5882358551,-4.0,,,,,,,,-6.25,,-8.59375,
106.647791574,355,1133,316600,42.2939922222,-83.7339852778,60.0,6.78999996185,1100.0,34.9019622803,-4.0,,,,,,,,-3.125,,-8.59375,
106.647791574,355,1133,317800,42.2939922222,-83.7339852778,61.0,6.78999996185,1100.0,34.9019622803,-4.0,,,,,,,,-3.125,,-8.59375,
106.647791574,355,1133,318100,42.2939922222,-83.7339852778,61.0,6.78999996185,1100.0,34.9019622803,-4.0,,,,,,,,-3.125,,-5.46875,
106.647791574,355,1133,318700,42.2939922222,-83.7339852778,61.0,2.25999999046,1040.0,34.9019622803,-4.0,,,,,,,,-3.125,,-5.46875,
106.647791574,355,1133,319000,42.2936905556,-83.7344425,61.0,2.25999999046,1040.0,34.9019622803,-4.0,,,,,,,,-3.125,,-5.46875,
106.647791574,355,1133,319200,42.2936905556,-83.7344425,60.0,2.25999999046,1040.0,34.9019622803,-4.0,,,,,,,,-3.125,,-5.46875,
106.647791574,355,1133,320600,42.2936905556,-83.7344425,59.0,2.25,1216.0,34.9019622803,-4.0,,,,,,,,-3.125,,-5.46875,
106.647791574,355,1133,321600,42.2936905556,-83.7344425,59.0,2.25,1216.0,10.5882358551,-4.0,,,,,,,,7.03125,,-5.46875,
106.647791574,355,1133,322000,42.2933955556,-83.7348994444,59.0,2.25,1216.0,10.5882358551,-4.0,,,,,,,,7.03125,,-5.46875,
106.647791574,355,1133,322700,42.2933955556,-83.7348994444,59.0,2.25999999046,1152.0,10.5882358551,-4.0,,,,,,,,7.03125,,-5.46875,
106.647791574,355,1133,325100,42.2933955556,-83.7348994444,60.0,4.84999990463,999.0,10.5882358551,-4.0,,,,,,,,7.03125,,-5.46875,
106.647791574,355,1133,326000,42.2929547222,-83.7354402778,60.0,4.84999990463,999.0,10.5882358551,-4.0,,,,,,,,7.03125,,-5.46875,
106.647791574,355,1133,326600,42.2929547222,-83.7354402778,60.0,4.84999990463,999.0,10.5882358551,-4.0,,,,,,,,0.0,,-5.46875,
106.647791574,355,1133,326700,42.2929547222,-83.7354402778,60.0,4.84999990463,999.0,27.8431377411,-4.0,,,,,,,,0.0,,-5.46875,
106.647791574,355,1133,327400,42.2929547222,-83.7354402778,61.0,5.21000003815,995.0,27.8431377411,-4.0,,,,,,,,0.0,,-5.46875,
106.647791574,355,1133,329000,42.2925872222,-83.7358275,61.0,5.21000003815,995.0,27.8431377411,-4.0,,,,,,,,0.0,,-5.46875,
106.647791574,355,1133,329500,42.2925872222,-83.7358275,62.0,6.76000022888,1075.0,27.8431377411,-4.0,,,,,,,,0.0,,-5.46875,
106.647791574,355,1133,331900,42.2921955556,-83.7361969444,62.0,6.76000022888,1075.0,27.8431377411,-4.0,,,,,,,,0.0,,-5.46875,
106.647791574,355,1133,332000,42.2921955556,-83.7361969444,63.0,8.39999961853,1136.0,40.3921585083,-4.0,,,,,,,,3.125,,-5.46875,
106.647791574,355,1133,334100,42.2921955556,-83.7361969444,62.0,6.44999980927,983.0,40.3921585083,-4.0,,,,,,,,3.125,,-5.46875,
106.647791574,355,1133,335800,42.2921955556,-83.7361969444,62.0,6.44999980927,983.0,40.3921585083,-4.0,,,,,,,,3.125,,-5.46875,
106.647791574,355,1133,335900,42.2916866667,-83.7366958333,62.0,6.44999980927,983.0,40.3921585083,-4.0,,,,,,,,3.125,,-5.46875,
106.647791574,355,1133,336400,42.2916866667,-83.7366958333,62.0,9.77999973297,1275.0,40.3921585083,-4.0,,,,,,,,3.125,,-5.46875,
106.647791574,355,1133,337200,42.2916866667,-83.7366958333,62.0,9.77999973297,1275.0,42.3529434204,-4.0,,,,,,,,3.90625,,-5.46875,
106.647791574,355,1133,338400,42.2916866667,-83.7366958333,62.0,6.19999980927,1024.0,42.3529434204,-4.0,,,,,,,,3.90625,,-5.46875,
106.647791574,355,1133,339000,42.2913302778,-83.7371066667,62.0,6.19999980927,1024.0,42.3529434204,-4.0,,,,,,,,3.90625,,-5.46875,
106.647791574,355,1133,340300,42.2913302778,-83.7371066667,60.0,6.19999980927,1024.0,42.3529434204,-4.0,,,,,,,,3.90625,,-5.46875,
106.647791574,355,1133,340400,42.2913302778,-83.7371066667,60.0,2.21000003815,1166.0,42.3529434204,-4.0,,,,,,,,3.90625,,-5.46875,
106.647791574,355,1133,341300,42.2913302778,-83.7371066667,59.0,2.21000003815,1166.0,42.3529434204,-4.0,,,,,,,,3.90625,,-5.46875,
106.647791574,355,1133,342000,42.2909955556,-83.7374902778,59.0,2.21000003815,1166.0,42.3529434204,-4.0,,,,,,,,3.90625,,-5.46875,
106.647791574,355,1133,342200,42.2909955556,-83.7374902778,59.0,2.21000003815,1166.0,42.3529434204,-4.0,,,,,,,,-10.15625,,-5.46875,
106.647791574,355,1133,342700,42.2909955556,-83.7374902778,56.0,2.27999997139,1152.0,10.9803924561,-4.0,,,,,,,,-10.15625,,-5.46875,
106.647791574,355,1133,343700,42.2909955556,-83.7374902778,55.0,2.27999997139,1152.0,10.9803924561,-4.0,,,,,,,,-10.15625,,-5.46875,
106.647791574,355,1133,344800,42.2909955556,-83.7374902778,53.0,2.27999997139,1120.0,10.9803924561,-4.0,,,,,,,,-10.15625,,-5.46875,
106.647791574,355,1133,345000,42.2906622222,-83.7378311111,53.0,2.27999997139,1120.0,10.9803924561,-4.0,,,,,,,,-10.15625,,-5.46875,
106.647791574,355,1133,345800,42.2906622222,-83.7378311111,51.0,2.27999997139,1120.0,10.9803924561,-4.0,,,,,,,,-10.15625,,-5.46875,
106.647791574,355,1133,346900,42.2906622222,-83.7378311111,47.0,2.25999999046,1069.0,10.9803924561,-4.0,,,,,,,,-10.15625,,-5.46875,
106.647791574,355,1133,347400,42.2906622222,-83.7378311111,47.0,2.25999999046,1069.0,10.9803924561,-4.0,,,,,,,,-3.125,,-5.46875,
106.647791574,355,1133,347700,42.2906622222,-83.7378311111,47.0,2.25999999046,1069.0,5.49019622803,-4.0,,,,,,,,-3.125,,-5.46875,
106.647791574,355,1133,348200,42.2906622222,-83.7378311111,35.0,2.25999999046,1069.0,5.49019622803,-4.0,,,,,,,,-3.125,,-8.59375,
106.647791574,355,1133,349000,42.2903038889,-83.7380388889,35.0,2.25999999046,1069.0,5.49019622803,-4.0,,,,,,,,-3.125,,-8.59375,
106.647791574,355,1133,349300,42.2903038889,-83.7380388889,31.0,2.50999999046,0.0,5.49019622803,-4.0,,,,,,,,-3.125,,-8.59375,
106.647791574,355,1133,350600,42.2903038889,-83.7380388889,19.0,2.50999999046,0.0,5.49019622803,-4.0,,,,,,,,-3.125,,-8.59375,
106.647791574,355,1133,351700,42.2903038889,-83.7380388889,12.0,0.20000000298,0.0,5.49019622803,-4.0,,,,,,,,-3.125,,-8.59375,
106.647791574,355,1133,351900,42.2901886111,-83.7381141667,12.0,0.20000000298,0.0,5.49019622803,-4.0,,,,,,,,-3.125,,-8.59375,
106.647791574,355,1133,352500,42.2901886111,-83.7381141667,12.0,0.20000000298,0.0,5.49019622803,-4.0,,,,,,,,0.0,,-8.59375,
106.647791574,355,1133,352700,42.2901886111,-83.7381141667,5.0,0.20000000298,0.0,5.49019622803,-4.0,,,,,,,,0.0,,-8.59375,
106.647791574,355,1133,353300,42.2901886111,-83.7381141667,5.0,0.20000000298,0.0,0.0,-4.0,,,,,,,,0.0,,-8.59375,
106.647791574,355,1133,353700,42.2901886111,-83.7381141667,1.0,0.180000007153,0.0,0.0,-4.0,,,,,,,,0.0,,-8.59375,
106.647791574,355,1133,354800,42.2901886111,-83.7381141667,3.0,0.180000007153,0.0,0.0,-4.0,,,,,,,,0.0,,-8.59375,
106.647791574,355,1133,355000,42.2901658333,-83.7381338889,3.0,0.180000007153,0.0,0.0,-4.0,,,,,,,,0.0,,-8.59375,
106.647791574,355,1133,358600,42.2901658333,-83.7381338889,0.0,0.180000007153,0.0,0.0,-4.0,,,,,,,,0.0,,-8.59375,
106.647791574,355,1133,361800,42.2901658333,-83.7381338889,0.0,0.170000001788,0.0,0.0,-4.0,,,,,,,,0.0,,-8.59375,
106.647791574,355,1133,384900,42.2901375,-83.7381744444,0.0,0.170000001788,0.0,0.0,-4.0,,,,,,,,0.0,,-8.59375,
106.647791574,355,1133,396000,42.2901127778,-83.7381941667,0.0,0.170000001788,0.0,0.0,-4.0,,,,,,,,0.0,,-8.59375,
106.647791574,355,1133,396800,42.2901127778,-83.7381941667,0.0,0.170000001788,0.0,0.0,-4.0,,,,,,,,0.0,,-8.59375,
106.647791574,355,1133,397000,42.2901127778,-83.7381941667,0.0,0.170000001788,922.0,0.0,-4.0,,,,,,,,0.0,,-8.59375,
106.647791574,355,1133,397100,42.2901127778,-83.7381941667,0.0,5.51000022888,922.0,0.0,-4.0,,,,,,,,0.0,,-8.59375,
106.647791574,355,1133,397200,42.2901127778,-83.7381941667,0.0,5.51000022888,922.0,30.5882358551,-4.0,,,,,,,,0.0,,-8.59375,
106.647791574,355,1133,398500,42.2901127778,-83.7381941667,0.0,5.51000022888,922.0,30.5882358551,-4.0,,,,,,,,0.0,,-1.5625,
106.647791574,355,1133,399200,42.2901127778,-83.7381941667,18.0,5.51000022888,922.0,30.5882358551,-4.0,,,,,,,,0.0,,-1.5625,
106.647791574,355,1133,400000,42.2900033333,-83.7382652778,18.0,5.51000022888,922.0,30.5882358551,-4.0,,,,,,,,0.0,,-1.5625,
106.647791574,355,1133,401200,42.2900033333,-83.7382652778,18.0,11.9799995422,1462.0,30.5882358551,-4.0,,,,,,,,0.0,,-1.5625,
106.647791574,355,1133,401300,42.2900033333,-83.7382652778,26.0,11.9799995422,1462.0,30.5882358551,-4.0,,,,,,,,0.0,,-1.5625,
106.647791574,355,1133,402200,42.2900033333,-83.7382652778,26.0,11.9799995422,1462.0,45.490196228,-4.0,,,,,,,,0.0,,-1.5625,
106.647791574,355,1133,403000,42.2898036111,-83.7383825,26.0,11.9799995422,1462.0,45.490196228,-4.0,,,,,,,,0.0,,-1.5625,
106.647791574,355,1133,403300,42.2898036111,-83.7383825,31.0,9.17000007629,1323.0,45.490196228,-4.0,,,,,,,,0.0,,-1.5625,
106.647791574,355,1133,404600,42.2898036111,-83.7383825,35.0,9.17000007629,1323.0,45.490196228,-4.0,,,,,,,,0.0,,-1.5625,
106.647791574,355,1133,405700,42.2898036111,-83.7383825,36.0,4.42000007629,1047.0,45.490196228,-4.0,,,,,,,,0.0,,-1.5625,
106.647791574,355,1133,405900,42.2895791667,-83.7385916667,36.0,4.42000007629,1047.0,45.490196228,-4.0,,,,,,,,0.0,,-1.5625,
106.647791574,355,1133,406700,42.2895791667,-83.7385916667,37.0,4.42000007629,1047.0,45.490196228,-4.0,,,,,,,,0.0,,-1.5625,
106.647791574,355,1133,407200,42.2895791667,-83.7385916667,37.0,4.42000007629,1047.0,44.7058830261,-4.0,,,,,,,,0.0,,-1.5625,
106.647791574,355,1133,407700,42.2895791667,-83.7385916667,38.0,12.6400003433,1553.0,44.7058830261,-4.0,,,,,,,,0.0,,-1.5625,
106.647791574,355,1133,408800,42.2895791667,-83.7385916667,42.0,12.6400003433,1553.0,44.7058830261,-4.0,,,,,,,,6.25,,-1.5625,
106.647791574,355,1133,409900,42.2893127778,-83.7390352778,42.0,12.6400003433,1553.0,44.7058830261,-4.0,,,,,,,,6.25,,-1.5625,
106.647791574,355,1133,410100,42.2893127778,-83.7390352778,44.0,15.7899999619,1952.0,44.7058830261,-4.0,,,,,,,,6.25,,-1.5625,
106.647791574,355,1133,411200,42.2893127778,-83.7390352778,48.0,15.7899999619,1952.0,44.7058830261,-4.0,,,,,,,,6.25,,-1.5625,
106.647791574,355,1133,412200,42.2893127778,-83.7390352778,50.0,13.8999996185,1664.0,44.7058830261,-4.0,,,,,,,,6.25,,-1.5625,
106.647791574,355,1133,412300,42.2893127778,-83.7390352778,50.0,13.8999996185,1664.0,46.2745094299,-4.0,,,,,,,,6.25,,-1.5625,
106.647791574,355,1133,413000,42.2890838889,-83.7394425,50.0,13.8999996185,1664.0,46.2745094299,-4.0,,,,,,,,6.25,,-1.5625,
106.647791574,355,1133,413300,42.2890838889,-83.7394425,52.0,13.8999996185,1664.0,46.2745094299,-4.0,,,,,,,,6.25,,-1.5625,
106.647791574,355,1133,414300,42.2890838889,-83.7394425,56.0,14.4600000381,1760.0,46.2745094299,-4.0,,,,,,,,2.34375,,-1.5625,
106.647791574,355,1133,415700,42.2890838889,-83.7394425,59.0,14.4600000381,1760.0,46.2745094299,-4.0,,,,,,,,2.34375,,-1.5625,
106.647791574,355,1133,416000,42.2888336111,-83.7399127778,59.0,14.4600000381,1760.0,46.2745094299,-4.0,,,,,,,,2.34375,,-1.5625,
106.647791574,355,1133,416700,42.2888336111,-83.7399127778,59.0,10.0100002289,1268.0,46.2745094299,-4.0,,,,,,,,2.34375,,-1.5625,
106.647791574,355,1133,417700,42.2888336111,-83.7399127778,60.0,10.0100002289,1268.0,42.745098114,-4.0,,,,,,,,2.34375,,-1.5625,
106.647791574,355,1133,418800,42.2888336111,-83.7399127778,61.0,14.0399999619,1761.0,42.745098114,-4.0,,,,,,,,2.34375,,-1.5625,
106.647791574,355,1133,419000,42.2885775,-83.7404033333,61.0,14.0399999619,1761.0,42.745098114,-4.0,,,,,,,,2.34375,,-1.5625,
106.647791574,355,1133,419300,42.2885775,-83.7404033333,61.0,14.0399999619,1761.0,42.745098114,-4.0,,,,,,,,0.0,,-1.5625,
106.647791574,355,1133,421200,42.2885775,-83.7404033333,62.0,20.4799995422,2211.0,42.745098114,-4.0,,,,,,,,0.0,,-1.5625,
106.647791574,355,1133,423000,42.2882133333,-83.7410891667,62.0,20.4799995422,2211.0,42.745098114,-4.0,,,,,,,,0.0,,-1.5625,
106.647791574,355,1133,423300,42.2882133333,-83.7410891667,62.0,18.8400001526,2177.0,48.235294342,-4.0,,,,,,,,0.0,,-1.5625,
106.647791574,355,1133,425300,42.2882133333,-83.7410891667,61.0,9.31000041962,1237.0,48.235294342,-4.0,,,,,,,,0.0,,-1.5625,
106.647791574,355,1133,426000,42.2879369444,-83.7416033333,61.0,9.31000041962,1237.0,48.235294342,-4.0,,,,,,,,0.0,,-1.5625,
106.647791574,355,1133,426700,42.2879369444,-83.7416033333,59.0,9.31000041962,1237.0,48.235294342,-4.0,,,,,,,,0.0,,-1.5625,
106.647791574,355,1133,427700,42.2879369444,-83.7416033333,57.0,2.31999993324,1151.0,48.235294342,-4.0,,,,,,,,0.0,,-1.5625,
106.647791574,355,1133,428800,42.2879369444,-83.7416033333,55.0,2.31999993324,1151.0,3.92156863213,-4.0,,,,,,,,0.0,,-1.5625,
106.647791574,355,1133,429400,42.2879369444,-83.7416033333,55.0,2.31999993324,1151.0,3.92156863213,-4.0,,,,,,,,-0.78125,,-1.5625,
106.647791574,355,1133,430000,42.2876119444,-83.7422277778,55.0,2.31999993324,1151.0,3.92156863213,-4.0,,,,,,,,-0.78125,,-1.5625,
106.647791574,355,1133,430100,42.2876119444,-83.7422277778,52.0,2.56999993324,0.0,3.92156863213,-4.0,,,,,,,,-0.78125,,-1.5625,
106.647791574,355,1133,431200,42.2876119444,-83.7422277778,50.0,2.56999993324,0.0,3.92156863213,-4.0,,,,,,,,-0.78125,,-1.5625,
106.647791574,355,1133,432100,42.2876119444,-83.7422277778,50.0,0.209999993443,0.0,3.92156863213,-4.0,,,,,,,,-0.78125,,-1.5625,
106.647791574,355,1133,432200,42.2876119444,-83.7422277778,49.0,0.209999993443,0.0,3.92156863213,-4.0,,,,,,,,-0.78125,,-1.5625,
106.647791574,355,1133,433000,42.2873952778,-83.7426452778,49.0,0.209999993443,0.0,3.92156863213,-4.0,,,,,,,,-0.78125,,-1.5625,
106.647791574,355,1133,434100,42.2873952778,-83.7426452778,49.0,0.209999993443,0.0,0.0,-4.0,,,,,,,,-0.78125,,-1.5625,
106.647791574,355,1133,434200,42.2873952778,-83.7426452778,49.0,0.180000007153,0.0,0.0,-4.0,,,,,,,,-0.78125,,-1.5625,
106.647791574,355,1133,434400,42.2873952778,-83.7426452778,49.0,0.180000007153,0.0,0.0,-4.0,,,,,,,,0.0,,-1.5625,
106.647791574,355,1133,436000,42.2871925,-83.7430677778,49.0,0.180000007153,0.0,0.0,-4.0,,,,,,,,0.0,,-1.5625,
106.647791574,355,1133,437800,42.2871925,-83.7430677778,48.0,0.180000007153,0.0,0.0,-4.0,,,,,,,,0.0,,-1.5625,
106.647791574,355,1133,438800,42.2871925,-83.7430677778,49.0,0.180000007153,0.0,0.0,-4.0,,,,,,,,0.0,,-1.5625,
106.647791574,355,1133,439000,42.2870169444,-83.7434944444,49.0,0.180000007153,0.0,0.0,-4.0,,,,,,,,0.0,,-1.5625,
106.647791574,355,1133,442300,42.2870169444,-83.7434944444,47.0,0.180000007153,0.0,0.0,-4.0,,,,,,,,0.0,,-1.5625,
106.647791574,355,1133,443000,42.2867622222,-83.7440283333,47.0,0.180000007153,0.0,0.0,-4.0,,,,,,,,0.0,,-1.5625,
106.647791574,355,1133,443300,42.2867622222,-83.7440283333,45.0,0.180000007153,0.0,0.0,-4.0,,,,,,,,0.0,,-1.5625,
106.647791574,355,1133,444400,42.2867622222,-83.7440283333,42.0,0.180000007153,0.0,0.0,-4.0,,,,,,,,0.0,,-1.5625,
106.647791574,355,1133,445400,42.2867622222,-83.7440283333,40.0,0.180000007153,0.0,0.0,-4.0,,,,,,,,0.0,,-1.5625,
106.647791574,355,1133,446000,42.2865977778,-83.7443833333,40.0,0.180000007153,0.0,0.0,-4.0,,,,,,,,0.0,,-1.5625,
106.647791574,355,1133,447300,42.2865977778,-83.7443833333,40.0,10.0600004196,1192.0,0.0,-4.0,,,,,,,,0.0,,-1.5625,
106.647791574,355,1133,447800,42.2865977778,-83.7443833333,41.0,10.0600004196,1192.0,0.0,-4.0,,,,,,,,0.0,,-1.5625,
106.647791574,355,1133,448800,42.2865977778,-83.7443833333,43.0,10.0600004196,1192.0,0.0,-4.0,,,,,,,,0.0,,-1.5625,
106.647791574,355,1133,448900,42.2864566667,-83.7447505556,43.0,10.0600004196,1192.0,0.0,-4.0,,,,,,,,0.0,,-1.5625,
106.647791574,355,1133,449700,42.2864566667,-83.7447505556,43.0,14.6800003052,1850.0,44.7058830261,-4.0,,,,,,,,0.78125,,-1.5625,
106.647791574,355,1133,449900,42.2864566667,-83.7447505556,44.0,14.6800003052,1850.0,44.7058830261,-4.0,,,,,,,,0.78125,,-1.5625,
106.647791574,355,1133,450900,42.2864566667,-83.7447505556,46.0,14.6800003052,1850.0,44.7058830261,-4.0,,,,,,,,0.78125,,-1.5625,
106.647791574,355,1133,451700,42.2864566667,-83.7447505556,46.0,13.0399999619,1605.0,44.7058830261,-4.0,,,,,,,,0.78125,,-1.5625,
106.647791574,355,1133,452000,42.2862875,-83.7451622222,48.0,13.0399999619,1605.0,44.7058830261,-4.0,,,,,,,,0.78125,,-1.5625,
106.647791574,355,1133,454100,42.2862875,-83.7451622222,48.0,10.0699996948,1296.0,44.7058830261,-4.0,,,,,,,,0.78125,,-1.5625,
106.647791574,355,1133,454400,42.2862875,-83.7451622222,47.0,10.0699996948,1296.0,44.7058830261,-4.0,,,,,,,,0.78125,,-1.5625,
106.647791574,355,1133,455200,42.2862875,-83.7451622222,47.0,10.0699996948,1296.0,43.5294113159,-4.0,,,,,,,,0.78125,,-1.5625,
106.647791574,355,1133,456000,42.2860477778,-83.7456977778,47.0,10.0699996948,1296.0,43.5294113159,-4.0,,,,,,,,0.78125,,-1.5625,
106.647791574,355,1133,456200,42.2860477778,-83.7456977778,47.0,12.1000003815,1344.0,43.5294113159,-4.0,,,,,,,,0.78125,,-1.5625,
106.647791574,355,1133,456400,42.2860477778,-83.7456977778,46.0,12.1000003815,1344.0,43.5294113159,-4.0,,,,,,,,0.78125,,-1.5625,
106.647791574,355,1133,458000,42.2860477778,-83.7456977778,47.0,12.1000003815,1344.0,43.5294113159,-4.0,,,,,,,,0.78125,,-1.5625,
106.647791574,355,1133,458600,42.2860477778,-83.7456977778,47.0,13.1199998856,1600.0,43.5294113159,-4.0,,,,,,,,0.78125,,-1.5625,
106.647791574,355,1133,458800,42.2860477778,-83.7456977778,47.0,13.1199998856,1600.0,43.5294113159,-4.0,,,,,,,,0.78125,,-6.25,
106.647791574,355,1133,458900,42.2858675,-83.7460625,47.0,13.1199998856,1600.0,43.5294113159,-4.0,,,,,,,,0.78125,,-6.25,
106.647791574,355,1133,459400,42.2858675,-83.7460625,46.0,13.1199998856,1600.0,43.5294113159,-4.0,,,,,,,,0.78125,,-6.25,
106.647791574,355,1133,460200,42.2858675,-83.7460625,46.0,13.1199998856,1600.0,55.2941169739,-4.0,,,,,,,,2.34375,,-6.25,
106.647791574,355,1133,460800,42.2858675,-83.7460625,45.0,13.8699998856,992.0,55.2941169739,-4.0,,,,,,,,2.34375,,-6.25,
106.647791574,355,1133,461800,42.2858675,-83.7460625,46.0,13.8699998856,992.0,55.2941169739,-4.0,,,,,,,,2.34375,,-6.25,
106.647791574,355,1133,462000,42.2856694444,-83.7464086111,46.0,13.8699998856,992.0,55.2941169739,-4.0,,,,,,,,2.34375,,-6.25,
106.647791574,355,1133,462900,42.2856694444,-83.7464086111,46.0,8.94999980927,1332.0,55.2941169739,-4.0,,,,,,,,2.34375,,-6.25,
106.647791574,355,1133,463900,42.2856694444,-83.7464086111,44.0,8.94999980927,1332.0,55.2941169739,-4.0,,,,,,,,2.34375,,-6.25,
106.647791574,355,1133,464800,42.2856694444,-83.7464086111,44.0,7.03000020981,1036.0,55.2941169739,-4.0,,,,,,,,2.34375,,-6.25,
106.647791574,355,1133,465000,42.2854927778,-83.7467777778,44.0,7.03000020981,1036.0,55.2941169739,-4.0,,,,,,,,2.34375,,-6.25,
106.647791574,355,1133,465500,42.2854927778,-83.7467777778,44.0,7.03000020981,1036.0,36.0784301758,-4.0,,,,,,,,-5.46875,,-6.25,
106.647791574,355,1133,466000,42.2854927778,-83.7467777778,43.0,7.03000020981,1036.0,36.0784301758,-4.0,,,,,,,,-5.46875,,-6.25,
106.647791574,355,1133,466900,42.2854927778,-83.7467777778,43.0,2.3900001049,511.0,36.0784301758,-4.0,,,,,,,,-5.46875,,-6.25,
106.647791574,355,1133,467000,42.2854927778,-83.7467777778,40.0,2.3900001049,511.0,36.0784301758,-4.0,,,,,,,,-5.46875,,-6.25,
106.647791574,355,1133,468000,42.2853444444,-83.7471413889,40.0,2.3900001049,511.0,36.0784301758,-4.0,,,,,,,,-5.46875,,-6.25,
106.647791574,355,1133,468100,42.2853444444,-83.7471413889,38.0,2.3900001049,511.0,36.0784301758,-4.0,,,,,,,,-5.46875,,-6.25,
106.647791574,355,1133,469000,42.2853444444,-83.7471413889,38.0,2.50999999046,511.0,36.0784301758,-4.0,,,,,,,,-5.46875,,-6.25,
106.647791574,355,1133,469500,42.2853444444,-83.7471413889,38.0,2.50999999046,0.0,36.0784301758,-4.0,,,,,,,,-5.46875,,-6.25,
106.647791574,355,1133,470500,42.2853444444,-83.7471413889,33.0,2.50999999046,0.0,0.0,-4.0,,,,,,,,0.0,,-6.25,
106.647791574,355,1133,471500,42.2853444444,-83.7471413889,31.0,0.180000007153,0.0,0.0,-4.0,,,,,,,,0.0,,-6.25,
106.647791574,355,1133,472000,42.2851833333,-83.7474738889,31.0,0.180000007153,0.0,0.0,-4.0,,,,,,,,0.0,,-6.25,
106.647791574,355,1133,472600,42.2851833333,-83.7474738889,25.0,0.180000007153,0.0,0.0,-4.0,,,,,,,,0.0,,-6.25,
106.647791574,355,1133,473600,42.2851833333,-83.7474738889,17.0,0.180000007153,0.0,0.0,-4.0,,,,,,,,0.0,,-6.25,
106.647791574,355,1133,475000,42.2851230556,-83.7476161111,17.0,0.180000007153,0.0,0.0,-4.0,,,,,,,,0.0,,-6.25,
106.647791574,355,1133,476100,42.2851230556,-83.7476161111,10.0,0.180000007153,0.0,0.0,-4.0,,,,,,,,0.0,,-6.25,
106.647791574,355,1133,477100,42.2851230556,-83.7476161111,8.0,0.180000007153,0.0,0.0,-4.0,,,,,,,,0.0,,-6.25,
106.647791574,355,1133,478000,42.2850980556,-83.7476719444,8.0,0.180000007153,0.0,0.0,-4.0,,,,,,,,0.0,,-6.25,
106.647791574,355,1133,478200,42.2850980556,-83.7476719444,4.0,0.180000007153,0.0,0.0,-4.0,,,,,,,,0.0,,-6.25,
106.647791574,355,1133,479200,42.2850980556,-83.7476719444,3.0,0.180000007153,0.0,0.0,-4.0,,,,,,,,0.0,,-6.25,
106.647791574,355,1133,482300,42.2850980556,-83.7476719444,3.0,0.180000007153,0.0,0.0,-4.0,,,,,,,,0.0,,-8.59375,
106.647791574,355,1133,482800,42.2850980556,-83.7476719444,0.0,0.180000007153,0.0,0.0,-4.0,,,,,,,,0.0,,-8.59375,
106.647791574,355,1133,486000,42.2850980556,-83.7476719444,0.0,0.170000001788,0.0,0.0,-4.0,,,,,,,,0.0,,-8.59375,
106.647791574,355,1133,508000,42.2850680556,-83.7476880556,0.0,0.170000001788,0.0,0.0,-4.0,,,,,,,,0.0,,-8.59375,
106.647791574,355,1133,513900,42.2850452778,-83.7477233333,0.0,0.170000001788,0.0,0.0,-4.0,,,,,,,,0.0,,-8.59375,
106.647791574,355,1133,515000,42.2850452778,-83.7477233333,0.0,8.97999954224,1158.0,0.0,-4.0,,,,,,,,0.0,,-8.59375,
106.647791574,355,1133,515100,42.2850452778,-83.7477233333,0.0,8.97999954224,1158.0,44.7058830261,-4.0,,,,,,,,0.0,,-8.59375,
106.647791574,355,1133,516900,42.2850452778,-83.7477233333,16.0,8.97999954224,1158.0,44.7058830261,-4.0,,,,,,,,0.0,,-8.59375,
106.647791574,355,1133,517000,42.2849877778,-83.74781,16.0,2.36999988556,1056.0,44.7058830261,-4.0,,,,,,,,0.0,,-8.59375,
106.647791574,355,1133,518700,42.2849877778,-83.74781,16.0,2.36999988556,1056.0,44.7058830261,-4.0,,,,,,,,0.0,,-8.59375,
106.647791574,355,1133,519400,42.2849877778,-83.74781,19.0,5.73000001907,992.0,44.7058830261,-4.0,,,,,,,,0.0,,-8.59375,
106.647791574,355,1133,520400,42.2849877778,-83.74781,22.0,5.73000001907,992.0,37.254901886,-4.0,,,,,,,,0.0,,-8.59375,
106.647791574,355,1133,521000,42.2849152778,-83.7480866667,22.0,5.73000001907,992.0,37.254901886,-4.0,,,,,,,,0.0,,-8.59375,
106.647791574,355,1133,521500,42.2849152778,-83.7480866667,23.0,6.78999996185,992.0,37.254901886,-4.0,,,,,,,,0.0,,-8.59375,
106.647791574,355,1133,522800,42.2849152778,-83.7480866667,28.0,6.78999996185,992.0,37.254901886,-4.0,,,,,,,,0.0,,-8.59375,
106.647791574,355,1133,523900,42.2849152778,-83.7480866667,29.0,1.13999998569,114.0,37.254901886,-4.0,,,,,,,,0.0,,-8.59375,
106.647791574,355,1133,524000,42.2849044444,-83.7483816667,29.0,1.13999998569,114.0,37.254901886,-4.0,,,,,,,,0.0,,-8.59375,
106.647791574,355,1133,525400,42.2849044444,-83.7483816667,29.0,1.13999998569,114.0,0.0,-4.0,,,,,,,,0.0,,-8.59375,
106.647791574,355,1133,525900,42.2849044444,-83.7483816667,30.0,1.13999998569,0.0,0.0,-4.0,,,,,,,,0.0,,-8.59375,
106.647791574,355,1133,526000,42.2849044444,-83.7483816667,30.0,0.20000000298,0.0,0.0,-4.0,,,,,,,,-1.5625,,-8.59375,
106.647791574,355,1133,528000,42.28492,-83.7487788889,30.0,0.20000000298,0.0,0.0,-4.0,,,,,,,,-1.5625,,-8.59375,
106.647791574,355,1133,528300,42.28492,-83.7487788889,30.0,0.180000007153,0.0,0.0,-4.0,,,,,,,,-1.5625,,-8.59375,
106.647791574,355,1133,529400,42.28492,-83.7487788889,29.0,0.180000007153,0.0,0.0,-4.0,,,,,,,,-1.5625,,-8.59375,
106.647791574,355,1133,531000,42.2849338889,-83.7490647222,29.0,0.180000007153,0.0,0.0,-4.0,,,,,,,,-1.5625,,-8.59375,
106.647791574,355,1133,531500,42.2849338889,-83.7490647222,29.0,0.180000007153,0.0,0.0,-4.0,,,,,,,,0.0,,-8.59375,
106.647791574,355,1133,532500,42.2849338889,-83.7490647222,30.0,0.180000007153,0.0,0.0,-4.0,,,,,,,,0.0,,-8.59375,
106.647791574,355,1133,533900,42.2849458333,-83.7493611111,32.0,0.180000007153,0.0,0.0,-4.0,,,,,,,,0.0,,-8.59375,
106.647791574,355,1133,534900,42.2849458333,-83.7493611111,33.0,0.170000001788,0.0,0.0,-4.0,,,,,,,,0.0,,-8.59375,
106.647791574,355,1133,535900,42.2849458333,-83.7493611111,34.0,0.170000001788,0.0,0.0,-4.0,,,,,,,,0.0,,-8.59375,
106.647791574,355,1133,537000,42.2849458333,-83.7493611111,33.0,0.170000001788,0.0,0.0,-4.0,,,,,,,,0.0,,-8.59375,
106.647791574,355,1133,538000,42.2849838889,-83.7497811111,33.0,0.170000001788,0.0,0.0,-4.0,,,,,,,,0.0,,-8.59375,
106.647791574,355,1133,538200,42.2849838889,-83.7497811111,32.0,0.170000001788,0.0,0.0,-4.0,,,,,,,,0.0,,-8.59375,
106.647791574,355,1133,540900,42.2849838889,-83.7497811111,30.0,0.170000001788,0.0,0.0,-4.0,,,,,,,,0.0,,-8.59375,
106.647791574,355,1133,541000,42.2850211111,-83.75005,30.0,0.170000001788,0.0,0.0,-4.0,,,,,,,,0.0,,-8.59375,
106.647791574,355,1133,541900,42.2850211111,-83.75005,29.0,0.170000001788,0.0,0.0,-4.0,,,,,,,,0.0,,-8.59375,
106.647791574,355,1133,543000,42.2850211111,-83.75005,27.0,0.170000001788,0.0,0.0,-4.0,,,,,,,,0.0,,-8.59375,
106.647791574,355,1133,544000,42.2850555556,-83.7502625,27.0,0.170000001788,0.0,0.0,-4.0,,,,,,,,0.0,,-8.59375,
106.647791574,355,1133,544500,42.2850555556,-83.7502625,24.0,0.170000001788,0.0,0.0,-4.0,,,,,,,,0.0,,-8.59375,
106.647791574,355,1133,545500,42.2850555556,-83.7502625,23.0,0.170000001788,0.0,0.0,-4.0,,,,,,,,0.0,,-8.59375,
106.647791574,355,1133,546900,42.2849644444,-83.7504266667,23.0,0.170000001788,0.0,0.0,-4.0,,,,,,,,0.0,,-8.59375,
106.647791574,355,1133,548100,42.2849644444,-83.7504266667,24.0,0.170000001788,0.0,0.0,-4.0,,,,,,,,0.0,,-8.59375,
106.647791574,355,1133,549500,42.2849644444,-83.7504266667,25.0,0.170000001788,0.0,0.0,-4.0,,,,,,,,0.0,,-8.59375,
106.647791574,355,1133,550300,42.2849644444,-83.7504266667,25.0,10.4799995422,1182.0,0.0,-4.0,,,,,,,,0.0,,-8.59375,
106.647791574,355,1133,550500,42.2849644444,-83.7504266667,28.0,10.4799995422,1182.0,0.0,-4.0,,,,,,,,0.0,,-8.59375,
106.647791574,355,1133,551000,42.2846955556,-83.7504588889,28.0,10.4799995422,1182.0,0.0,-4.0,,,,,,,,0.0,,-8.59375,
106.647791574,355,1133,551300,42.2846955556,-83.7504588889,28.0,10.4799995422,1182.0,46.2745094299,-4.0,,,,,,,,0.0,,-8.59375,
106.647791574,355,1133,551500,42.2846955556,-83.7504588889,30.0,10.4799995422,1182.0,46.2745094299,-4.0,,,,,,,,0.0,,-8.59375,
106.647791574,355,1133,552300,42.2846955556,-83.7504588889,30.0,9.14999961853,1186.0,46.2745094299,-4.0,,,,,,,,0.0,,-8.59375,
106.647791574,355,1133,552600,42.2846955556,-83.7504588889,32.0,9.14999961853,1186.0,46.2745094299,-4.0,,,,,,,,0.0,,-8.59375,
106.647791574,355,1133,553600,42.2846955556,-83.7504588889,33.0,9.14999961853,1186.0,46.2745094299,-4.0,,,,,,,,0.0,,-8.59375,
106.647791574,355,1133,553900,42.2844416667,-83.7505116667,33.0,9.14999961853,1186.0,46.2745094299,-4.0,,,,,,,,0.0,,-8.59375,
106.647791574,355,1133,554400,42.2844416667,-83.7505116667,33.0,8.35000038147,1151.0,46.2745094299,-4.0,,,,,,,,0.0,,-8.59375,
106.647791574,355,1133,555000,42.2844416667,-83.7505116667,34.0,8.35000038147,1151.0,46.2745094299,-4.0,,,,,,,,0.0,,-8.59375,
106.647791574,355,1133,556000,42.2844416667,-83.7505116667,37.0,8.35000038147,1151.0,46.2745094299,-4.0,,,,,,,,0.0,,-8.59375,
106.647791574,355,1133,556300,42.2844416667,-83.7505116667,37.0,8.35000038147,1151.0,29.8039226532,-4.0,,,,,,,,0.0,,-8.59375,
106.647791574,355,1133,556800,42.2844416667,-83.7505116667,37.0,6.07000017166,1171.0,29.8039226532,-4.0,,,,,,,,0.0,,-8.59375,
106.647791574,355,1133,557000,42.2841716667,-83.7505727778,37.0,6.07000017166,1171.0,29.8039226532,-4.0,,,,,,,,0.0,,-8.59375,
106.647791574,355,1133,557900,42.2841716667,-83.7505727778,37.0,6.07000017166,1171.0,29.8039226532,-4.0,,,,,,,,3.125,,-8.59375,
106.647791574,355,1133,558900,42.2841716667,-83.7505727778,37.0,0.560000002384,337.0,29.8039226532,-4.0,,,,,,,,3.125,,-8.59375,
106.647791574,355,1133,560500,42.2841716667,-83.7505727778,35.0,0.560000002384,337.0,29.8039226532,-4.0,,,,,,,,3.125,,-8.59375,
106.647791574,355,1133,561000,42.2838216667,-83.7506647222,35.0,0.560000002384,337.0,29.8039226532,-4.0,,,,,,,,3.125,,-8.59375,
106.647791574,355,1133,561300,42.2838216667,-83.7506647222,35.0,0.20000000298,0.0,29.8039226532,-4.0,,,,,,,,3.125,,-8.59375,
106.647791574,355,1133,561400,42.2838216667,-83.7506647222,35.0,0.20000000298,0.0,0.0,-4.0,,,,,,,,3.125,,-8.59375,
106.647791574,355,1133,561500,42.2838216667,-83.7506647222,33.0,0.20000000298,0.0,0.0,-4.0,,,,,,,,3.125,,-8.59375,
106.647791574,355,1133,562600,42.2838216667,-83.7506647222,28.0,0.20000000298,0.0,0.0,-4.0,,,,,,,,3.125,,-8.59375,
106.647791574,355,1133,562900,42.2838216667,-83.7506647222,28.0,0.20000000298,0.0,0.0,-4.0,,,,,,,,0.0,,-8.59375,
106.647791574,355,1133,563400,42.2838216667,-83.7506647222,28.0,0.180000007153,0.0,0.0,-4.0,,,,,,,,0.0,,-8.59375,
106.647791574,355,1133,563600,42.2838216667,-83.7506647222,25.0,0.180000007153,0.0,0.0,-4.0,,,,,,,,0.0,,-8.59375,
106.647791574,355,1133,563900,42.2836291667,-83.7507080556,25.0,0.180000007153,0.0,0.0,-4.0,,,,,,,,0.0,,-8.59375,
106.647791574,355,1133,564600,42.2836291667,-83.7507080556,22.0,0.180000007153,0.0,0.0,-4.0,,,,,,,,0.0,,-8.59375,
106.647791574,355,1133,566000,42.2836291667,-83.7507080556,20.0,0.180000007153,0.0,0.0,-4.0,,,,,,,,0.0,,-8.59375,
106.647791574,355,1133,567000,42.2834952778,-83.7507569444,15.0,0.180000007153,0.0,0.0,-4.0,,,,,,,,0.0,,-8.59375,
106.647791574,355,1133,568100,42.2834952778,-83.7507569444,13.0,0.180000007153,0.0,0.0,-4.0,,,,,,,,0.0,,-8.59375,
106.647791574,355,1133,569100,42.2834952778,-83.7507569444,14.0,0.180000007153,0.0,0.0,-4.0,,,,,,,,0.0,,-8.59375,
106.647791574,355,1133,569900,42.2834486111,-83.7509027778,14.0,12.529999733,1275.0,0.0,-4.0,,,,,,,,0.0,,-8.59375,
106.647791574,355,1133,570200,42.2834486111,-83.7509027778,19.0,12.529999733,1275.0,0.0,-4.0,,,,,,,,0.0,,-8.59375,
106.647791574,355,1133,571500,42.2834486111,-83.7509027778,23.0,12.529999733,1275.0,0.0,-4.0,,,,,,,,0.0,,-8.59375,
106.647791574,355,1133,572400,42.2834486111,-83.7509027778,23.0,14.0100002289,1704.0,46.2745094299,-4.0,,,,,,,,0.0,,-8.59375,
106.647791574,355,1133,572500,42.2834486111,-83.7509027778,30.0,14.0100002289,1704.0,46.2745094299,-4.0,,,,,,,,0.0,,-8.59375,
106.647791574,355,1133,573000,42.2834486111,-83.7509027778,30.0,14.0100002289,1704.0,46.2745094299,-4.0,,,,,,,,3.125,,-8.59375,
106.647791574,355,1133,573600,42.2834486111,-83.7509027778,33.0,14.0100002289,1704.0,46.2745094299,-4.0,,,,,,,,3.125,,-8.59375,
106.647791574,355,1133,574000,42.2834994444,-83.7512911111,33.0,14.0100002289,1704.0,46.2745094299,-4.0,,,,,,,,3.125,,-8.59375,
106.647791574,355,1133,574600,42.2834994444,-83.7512911111,33.0,11.529999733,1446.0,46.2745094299,-4.0,,,,,,,,3.125,,-8.59375,
106.647791574,355,1133,574700,42.2834994444,-83.7512911111,36.0,11.529999733,1446.0,46.2745094299,-4.0,,,,,,,,3.125,,-8.59375,
106.647791574,355,1133,575800,42.2834994444,-83.7512911111,38.0,11.529999733,1446.0,46.2745094299,-4.0,,,,,,,,3.125,,-8.59375,
106.647791574,355,1133,576900,42.2834994444,-83.7512911111,39.0,2.25,960.0,46.2745094299,-4.0,,,,,,,,3.125,,-8.59375,
106.647791574,355,1133,577000,42.2835891667,-83.7516697222,39.0,2.25,960.0,46.2745094299,-4.0,,,,,,,,3.125,,-8.59375,
106.647791574,355,1133,577500,42.2835891667,-83.7516697222,39.0,2.25,960.0,12.1568632126,-4.0,,,,,,,,3.125,,-8.59375,
106.647791574,355,1133,578000,42.2835891667,-83.7516697222,39.0,2.25,960.0,12.1568632126,-4.0,,,,,,,,0.0,,-8.59375,
106.647791574,355,1133,579500,42.2835891667,-83.7516697222,36.0,1.46000003815,0.0,12.1568632126,-4.0,,,,,,,,0.0,,-8.59375,
106.647791574,355,1133,580000,42.2837027778,-83.7520538889,36.0,1.46000003815,0.0,12.1568632126,-4.0,,,,,,,,0.0,,-8.59375,
106.647791574,355,1133,580600,42.2837027778,-83.7520538889,33.0,1.46000003815,0.0,12.1568632126,-4.0,,,,,,,,0.0,,-8.59375,
106.647791574,355,1133,581500,42.2837027778,-83.7520538889,33.0,0.180000007153,0.0,12.1568632126,-4.0,,,,,,,,0.0,,-8.59375,
106.647791574,355,1133,581600,42.2837027778,-83.7520538889,29.0,0.180000007153,0.0,12.1568632126,-4.0,,,,,,,,0.0,,-8.59375,
106.647791574,355,1133,582900,42.2838011111,-83.7523127778,29.0,0.180000007153,0.0,12.1568632126,-4.0,,,,,,,,0.0,,-8.59375,
106.647791574,355,1133,583000,42.2838011111,-83.7523127778,26.0,0.180000007153,0.0,0.0,-4.0,,,,,,,,0.0,,-8.59375,
106.647791574,355,1133,584000,42.2838011111,-83.7523127778,16.0,0.180000007153,0.0,0.0,-4.0,,,,,,,,0.0,,-8.59375,
106.647791574,355,1133,585000,42.2838011111,-83.7523127778,7.0,0.180000007153,0.0,0.0,-4.0,,,,,,,,0.0,,-8.59375,
106.647791574,355,1133,586000,42.2838322222,-83.7523825,7.0,0.180000007153,0.0,0.0,-4.0,,,,,,,,0.0,,-8.59375,
106.647791574,355,1133,587100,42.2838322222,-83.7523825,3.0,0.180000007153,0.0,0.0,-4.0,,,,,,,,0.0,,-8.59375,
106.647791574,355,1133,591500,42.2838322222,-83.7523825,0.0,0.180000007153,0.0,0.0,-4.0,,,,,,,,0.0,,-8.59375,
106.647791574,355,1133,593000,42.2838386111,-83.7523375,0.0,0.180000007153,0.0,0.0,-4.0,,,,,,,,0.0,,-8.59375,
106.647791574,355,1133,593600,42.2838386111,-83.7523375,0.0,0.180000007153,932.0,0.0,-4.0,,,,,,,,0.0,,-8.59375,
106.647791574,355,1133,593700,42.2838386111,-83.7523375,0.0,0.180000007153,1024.0,0.0,-4.0,,,,,,,,0.0,,-8.59375,
106.647791574,355,1133,593800,42.2838386111,-83.7523375,0.0,7.01000022888,1024.0,38.0392150879,-4.0,,,,,,,,0.0,,-8.59375,
106.647791574,355,1133,595100,42.2838386111,-83.7523375,0.0,7.01000022888,1024.0,38.0392150879,-4.0,,,,,,,,0.0,,-4.6875,
106.647791574,355,1133,595600,42.2838386111,-83.7523375,16.0,7.01000022888,1024.0,38.0392150879,-4.0,,,,,,,,0.0,,-4.6875,
106.647791574,355,1133,595700,42.2838386111,-83.7523375,16.0,7.01000022888,928.0,38.0392150879,-4.0,,,,,,,,0.0,,-4.6875,
106.647791574,355,1133,595800,42.2838386111,-83.7523375,16.0,2.6400001049,928.0,38.0392150879,-4.0,,,,,,,,0.0,,-4.6875,
106.647791574,355,1133,596000,42.2838797222,-83.7524097222,16.0,2.6400001049,928.0,38.0392150879,-4.0,,,,,,,,0.0,,-4.6875,
106.647791574,355,1133,597700,42.2838797222,-83.7524097222,16.0,2.6400001049,1088.0,38.0392150879,-4.0,,,,,,,,0.0,,-4.6875,
106.647791574,355,1133,597800,42.2838797222,-83.7524097222,16.0,7.26000022888,1088.0,38.0392150879,-4.0,,,,,,,,0.0,,-4.6875,
106.647791574,355,1133,598700,42.2838797222,-83.7524097222,17.0,7.26000022888,1088.0,38.0392150879,-4.0,,,,,,,,0.0,,-4.6875,
106.647791574,355,1133,598900,42.2838797222,-83.7524097222,17.0,7.26000022888,1088.0,11.372549057,-4.0,,,,,,,,0.0,,-4.6875,
106.647791574,355,1133,600000,42.2839616667,-83.7526088889,17.0,7.26000022888,1088.0,11.372549057,-4.0,,,,,,,,0.0,,-4.6875,
106.647791574,355,1133,600100,42.2839616667,-83.7526088889,17.0,5.51000022888,864.0,11.372549057,-4.0,,,,,,,,0.0,,-4.6875,
106.647791574,355,1133,601100,42.2839616667,-83.7526088889,20.0,5.51000022888,864.0,11.372549057,-4.0,,,,,,,,0.0,,-4.6875,
106.647791574,355,1133,602100,42.2839616667,-83.7526088889,20.0,20.6800003052,2303.0,11.372549057,-4.0,,,,,,,,0.0,,-4.6875,
106.647791574,355,1133,602200,42.2839616667,-83.7526088889,28.0,20.6800003052,2303.0,11.372549057,-4.0,,,,,,,,0.0,,-4.6875,
106.647791574,355,1133,603000,42.2840494444,-83.7528355556,28.0,20.6800003052,2303.0,11.372549057,-4.0,,,,,,,,0.0,,-4.6875,
106.647791574,355,1133,603200,42.2840494444,-83.7528355556,32.0,20.6800003052,2303.0,11.372549057,-4.0,,,,,,,,0.0,,-4.6875,
106.647791574,355,1133,604000,42.2840494444,-83.7528355556,32.0,20.6800003052,2303.0,46.2745094299,-4.0,,,,,,,,0.0,,-4.6875,
106.647791574,355,1133,604100,42.2840494444,-83.7528355556,32.0,14.3999996185,1756.0,46.2745094299,-4.0,,,,,,,,0.0,,-4.6875,
106.647791574,355,1133,604200,42.2840494444,-83.7528355556,34.0,14.3999996185,1756.0,46.2745094299,-4.0,,,,,,,,0.0,,-4.6875,
106.647791574,355,1133,605100,42.2840494444,-83.7528355556,34.0,14.3999996185,1756.0,46.2745094299,-4.0,,,,,,,,3.125,,-4.6875,
106.647791574,355,1133,605600,42.2840494444,-83.7528355556,35.0,14.3999996185,1756.0,46.2745094299,-4.0,,,,,,,,3.125,,-4.6875,
106.647791574,355,1133,605900,42.2841758333,-83.7531372222,35.0,14.3999996185,1756.0,46.2745094299,-4.0,,,,,,,,3.125,,-4.6875,
106.647791574,355,1133,606400,42.2841758333,-83.7531372222,35.0,24.0,2545.0,46.2745094299,-4.0,,,,,,,,3.125,,-4.6875,
106.647791574,355,1133,606600,42.2841758333,-83.7531372222,40.0,24.0,2545.0,46.2745094299,-4.0,,,,,,,,3.125,,-4.6875,
106.647791574,355,1133,608700,42.2841758333,-83.7531372222,40.0,24.5300006866,2589.0,46.2745094299,-4.0,,,,,,,,3.125,,-4.6875,
106.647791574,355,1133,608800,42.2841758333,-83.7531372222,42.0,24.5300006866,2589.0,46.2745094299,-4.0,,,,,,,,3.125,,-4.6875,
106.647791574,355,1133,609000,42.2843444444,-83.7534852778,42.0,24.5300006866,2589.0,52.9411773682,-4.0,,,,,,,,3.125,,-4.6875,
106.647791574,355,1133,610100,42.2843444444,-83.7534852778,42.0,24.5300006866,2589.0,52.9411773682,-4.0,,,,,,,,0.0,,-4.6875,
106.647791574,355,1133,610800,42.2843444444,-83.7534852778,42.0,11.6800003052,1402.0,52.9411773682,-4.0,,,,,,,,0.0,,-4.6875,
106.647791574,355,1133,611400,42.2843444444,-83.7534852778,40.0,11.6800003052,1402.0,52.9411773682,-4.0,,,,,,,,0.0,,-4.6875,
106.647791574,355,1133,612000,42.2845069444,-83.7538041667,40.0,11.6800003052,1402.0,52.9411773682,-4.0,,,,,,,,0.0,,-4.6875,
106.647791574,355,1133,612800,42.2845069444,-83.7538041667,40.0,19.6000003815,2265.0,52.9411773682,-4.0,,,,,,,,0.0,,-4.6875,
106.647791574,355,1133,613500,42.2845069444,-83.7538041667,42.0,19.6000003815,2265.0,52.9411773682,-4.0,,,,,,,,0.0,,-4.6875,
106.647791574,355,1133,614500,42.2845069444,-83.7538041667,45.0,19.6000003815,2265.0,49.0196075439,-4.0,,,,,,,,0.0,,-4.6875,
106.647791574,355,1133,614800,42.2845069444,-83.7538041667,45.0,19.6000003815,2112.0,49.0196075439,-4.0,,,,,,,,0.0,,-4.6875,
106.647791574,355,1133,614900,42.2845069444,-83.7538041667,45.0,14.4499998093,2112.0,49.0196075439,-4.0,,,,,,,,0.0,,-4.6875,
106.647791574,355,1133,615000,42.2846716667,-83.7541827778,45.0,14.4499998093,2112.0,49.0196075439,-4.0,,,,,,,,0.0,,-4.6875,
106.647791574,355,1133,615500,42.2846716667,-83.7541827778,45.0,14.4499998093,2112.0,49.0196075439,-4.0,,,,,,,,0.78125,,-4.6875,
106.647791574,355,1133,617100,42.2846716667,-83.7541827778,45.0,11.9200000763,1541.0,49.0196075439,-4.0,,,,,,,,0.78125,,-4.6875,
106.647791574,355,1133,619000,42.284895,-83.7546869444,45.0,11.9200000763,1541.0,49.0196075439,-4.0,,,,,,,,0.78125,,-4.6875,
106.647791574,355,1133,619100,42.284895,-83.7546869444,45.0,10.4799995422,1349.0,49.0196075439,-4.0,,,,,,,,0.78125,,-4.6875,
106.647791574,355,1133,619500,42.284895,-83.7546869444,45.0,10.4799995422,1349.0,45.0980415344,-4.0,,,,,,,,0.78125,,-4.6875,
106.647791574,355,1133,620200,42.284895,-83.7546869444,46.0,10.4799995422,1349.0,45.0980415344,-4.0,,,,,,,,0.78125,,-4.6875,
106.647791574,355,1133,621200,42.284895,-83.7546869444,46.0,13.0600004196,1629.0,45.0980415344,-4.0,,,,,,,,0.78125,,-4.6875,
106.647791574,355,1133,621700,42.284895,-83.7546869444,47.0,13.0600004196,1629.0,45.0980415344,-4.0,,,,,,,,0.78125,,-4.6875,
106.647791574,355,1133,621900,42.2850869444,-83.7551311111,47.0,13.0600004196,1629.0,45.0980415344,-4.0,,,,,,,,0.78125,,-4.6875,
106.647791574,355,1133,622800,42.2850869444,-83.7551311111,49.0,13.0600004196,1629.0,45.0980415344,-4.0,,,,,,,,0.78125,,-4.6875,
106.647791574,355,1133,623600,42.2850869444,-83.7551311111,49.0,13.1199998856,1628.0,45.0980415344,-4.0,,,,,,,,0.78125,,-4.6875,
106.647791574,355,1133,623800,42.2850869444,-83.7551311111,50.0,13.1199998856,1628.0,45.0980415344,-4.0,,,,,,,,0.78125,,-4.6875,
106.647791574,355,1133,624600,42.2850869444,-83.7551311111,50.0,13.1199998856,1628.0,45.490196228,-4.0,,,,,,,,0.78125,,-4.6875,
106.647791574,355,1133,625000,42.2852433333,-83.7556163889,50.0,13.1199998856,1628.0,45.490196228,-4.0,,,,,,,,0.78125,,-4.6875,
106.647791574,355,1133,625700,42.2852433333,-83.7556163889,50.0,13.8500003815,1600.0,45.490196228,-4.0,,,,,,,,1.5625,,-4.6875,
106.647791574,355,1133,626200,42.2852433333,-83.7556163889,51.0,13.8500003815,1600.0,45.490196228,-4.0,,,,,,,,1.5625,,-4.6875,
106.647791574,355,1133,627600,42.2852433333,-83.7556163889,52.0,13.0699996948,1600.0,45.490196228,-4.0,,,,,,,,1.5625,,-4.6875,
106.647791574,355,1133,628000,42.2854280556,-83.7560905556,52.0,13.0699996948,1600.0,45.490196228,-4.0,,,,,,,,1.5625,,-4.6875,
106.647791574,355,1133,628600,42.2854280556,-83.7560905556,53.0,13.0699996948,1600.0,45.490196228,-4.0,,,,,,,,1.5625,,-4.6875,
106.647791574,355,1133,629600,42.2854280556,-83.7560905556,53.0,13.1000003815,1625.0,44.7058830261,-4.0,,,,,,,,1.5625,,-4.6875,
106.647791574,355,1133,630700,42.2854280556,-83.7560905556,54.0,13.1000003815,1625.0,44.7058830261,-4.0,,,,,,,,1.5625,,-4.6875,
106.647791574,355,1133,631000,42.2855952778,-83.7565286111,54.0,13.1000003815,1625.0,44.7058830261,-4.0,,,,,,,,1.5625,,-4.6875,
106.647791574,355,1133,631600,42.2855952778,-83.7565286111,54.0,12.9499998093,1627.0,44.7058830261,-4.0,,,,,,,,1.5625,,-4.6875,
106.647791574,355,1133,633900,42.2855952778,-83.7565286111,54.0,12.9799995422,1624.0,44.7058830261,-4.0,,,,,,,,1.5625,,-4.6875,
106.647791574,355,1133,634000,42.2857886111,-83.7570058333,54.0,12.9799995422,1624.0,44.7058830261,-4.0,,,,,,,,1.5625,,-4.6875,
106.647791574,355,1133,636000,42.2857886111,-83.7570058333,54.0,13.0100002289,1630.0,44.7058830261,-4.0,,,,,,,,5.46875,,-4.6875,
106.647791574,355,1133,637200,42.2857886111,-83.7570058333,53.0,13.0100002289,1630.0,44.7058830261,-4.0,,,,,,,,5.46875,,-4.6875,
106.647791574,355,1133,638000,42.2860730556,-83.7576108333,53.0,13.0100002289,1630.0,44.7058830261,-4.0,,,,,,,,5.46875,,-4.6875,
106.647791574,355,1133,638100,42.2860730556,-83.7576108333,53.0,0.899999976158,64.0,44.7058830261,-4.0,,,,,,,,5.46875,,-4.6875,
106.647791574,355,1133,638600,42.2860730556,-83.7576108333,52.0,0.899999976158,64.0,44.7058830261,-4.0,,,,,,,,5.46875,,-4.6875,
106.647791574,355,1133,639600,42.2860730556,-83.7576108333,52.0,0.899999976158,64.0,44.7058830261,-4.0,,,,,,,,5.46875,,-4.6875,
106.647791574,355,1133,640300,42.2860730556,-83.7576108333,49.0,0.34999999404,0.0,0.0,-4.0,,,,,,,,5.46875,,-4.6875,
106.647791574,355,1133,640900,42.2862980556,-83.7580188889,49.0,0.34999999404,0.0,0.0,-4.0,,,,,,,,5.46875,,-4.6875,
106.647791574,355,1133,641000,42.2862980556,-83.7580188889,49.0,0.34999999404,0.0,0.0,-4.0,,,,,,,,0.0,,-4.6875,
106.647791574,355,1133,641300,42.2862980556,-83.7580188889,47.0,0.34999999404,0.0,0.0,-4.0,,,,,,,,0.0,,-4.6875,
106.647791574,355,1133,642300,42.2862980556,-83.7580188889,47.0,0.180000007153,0.0,0.0,-4.0,,,,,,,,0.0,,-4.6875,
106.647791574,355,1133,644000,42.2864955556,-83.7584416667,47.0,0.180000007153,0.0,0.0,-4.0,,,,,,,,0.0,,-4.6875,
106.647791574,355,1133,647000,42.2866688889,-83.7588763889,49.0,0.180000007153,0.0,0.0,-4.0,,,,,,,,0.0,,-4.6875,
106.647791574,355,1133,649900,42.2868536111,-83.7593136111,49.0,0.180000007153,0.0,0.0,-4.0,,,,,,,,0.0,,-4.6875,
106.647791574,355,1133,650500,42.2868536111,-83.7593136111,46.0,0.180000007153,0.0,0.0,-4.0,,,,,,,,0.0,,-4.6875,
106.647791574,355,1133,651500,42.2868536111,-83.7593136111,45.0,4.36999988556,0.0,0.0,-4.0,,,,,,,,0.0,,-4.6875,
106.647791574,355,1133,652600,42.2868536111,-83.7593136111,46.0,4.36999988556,0.0,0.0,-4.0,,,,,,,,0.0,,-4.6875,
106.647791574,355,1133,653000,42.2870172222,-83.7596833333,46.0,4.36999988556,0.0,0.0,-4.0,,,,,,,,0.0,,-4.6875,
106.647791574,355,1133,653600,42.2870172222,-83.7596833333,47.0,20.2299995422,1975.0,0.0,-4.0,,,,,,,,0.0,,-4.6875,
106.647791574,355,1133,655000,42.2870172222,-83.7596833333,50.0,20.2299995422,1975.0,0.0,-4.0,,,,,,,,0.0,,-4.6875,
106.647791574,355,1133,655100,42.2870172222,-83.7596833333,50.0,20.2299995422,1975.0,0.0,-4.0,,,,,,,,0.0,,-1.5625,
106.647791574,355,1133,655900,42.2872033333,-83.7600761111,50.0,20.2299995422,1975.0,0.0,-4.0,,,,,,,,0.0,,-1.5625,
106.647791574,355,1133,656000,42.2872033333,-83.7600761111,52.0,21.7900009155,2528.0,44.3137245178,-4.0,,,,,,,,0.0,,-1.5625,
106.647791574,355,1133,658400,42.2872033333,-83.7600761111,50.0,0.959999978542,416.0,44.3137245178,-4.0,,,,,,,,0.0,,-1.5625,
106.647791574,355,1133,659500,42.2872033333,-83.7600761111,43.0,0.959999978542,416.0,44.3137245178,-4.0,,,,,,,,0.0,,-1.5625,
106.647791574,355,1133,659900,42.2874952778,-83.7606047222,43.0,0.959999978542,416.0,44.3137245178,-4.0,,,,,,,,0.0,,-1.5625,
106.647791574,355,1133,660800,42.2874952778,-83.7606047222,40.0,0.209999993443,0.0,44.3137245178,-4.0,,,,,,,,0.0,,-1.5625,
106.647791574,355,1133,661000,42.2874952778,-83.7606047222,40.0,0.209999993443,0.0,0.0,-4.0,,,,,,,,0.0,,-1.5625,
106.647791574,355,1133,661900,42.2874952778,-83.7606047222,39.0,0.209999993443,0.0,0.0,-4.0,,,,,,,,0.0,,-1.5625,
106.647791574,355,1133,662900,42.2874952778,-83.7606047222,39.0,12.8900003433,1467.0,0.0,-4.0,,,,,,,,0.0,,-1.5625,
106.647791574,355,1133,663000,42.287635,-83.7609302778,39.0,12.8900003433,1467.0,0.0,-4.0,,,,,,,,0.0,,-1.5625,
106.647791574,355,1133,663900,42.287635,-83.7609302778,41.0,12.8900003433,1467.0,0.0,-4.0,,,,,,,,0.0,,-1.5625,
106.647791574,355,1133,665000,42.287635,-83.7609302778,44.0,14.3100004196,1772.0,0.0,-4.0,,,,,,,,0.0,,-1.5625,
106.647791574,355,1133,665900,42.2878052778,-83.7612777778,44.0,14.3100004196,1772.0,0.0,-4.0,,,,,,,,0.0,,-1.5625,
106.647791574,355,1133,666300,42.2878052778,-83.7612777778,46.0,14.3100004196,1772.0,29.4117660522,-4.0,,,,,,,,0.0,,-1.5625,
106.647791574,355,1133,667400,42.2878052778,-83.7612777778,47.0,0.850000023842,1013.0,29.4117660522,-4.0,,,,,,,,0.78125,,-1.5625,
106.647791574,355,1133,668400,42.2878052778,-83.7612777778,46.0,0.850000023842,1013.0,29.4117660522,-4.0,,,,,,,,0.78125,,-1.5625,
106.647791574,355,1133,669000,42.2879258333,-83.7616883333,46.0,0.850000023842,1013.0,29.4117660522,-4.0,,,,,,,,0.78125,,-1.5625,
106.647791574,355,1133,669500,42.2879258333,-83.7616883333,45.0,0.340000003576,0.0,29.4117660522,-4.0,,,,,,,,0.78125,,-1.5625,
106.647791574,355,1133,670500,42.2879258333,-83.7616883333,44.0,0.340000003576,0.0,29.4117660522,-4.0,,,,,,,,0.78125,,-1.5625,
106.647791574,355,1133,671900,42.2880452778,-83.7621236111,43.0,0.180000007153,0.0,0.0,-4.0,,,,,,,,0.78125,,-1.5625,
106.647791574,355,1133,672400,42.2880452778,-83.7621236111,43.0,0.180000007153,0.0,0.0,-4.0,,,,,,,,0.0,,-1.5625,
106.647791574,355,1133,672900,42.2880452778,-83.7621236111,42.0,0.180000007153,0.0,0.0,-4.0,,,,,,,,0.0,,-1.5625,
106.647791574,355,1133,673900,42.2880452778,-83.7621236111,41.0,3.75999999046,0.0,0.0,-4.0,,,,,,,,0.0,,-1.5625,
106.647791574,355,1133,675000,42.2880452778,-83.7621236111,40.0,3.75999999046,0.0,0.0,-4.0,,,,,,,,0.0,,-1.5625,
106.647791574,355,1133,675900,42.28822,-83.7627258333,40.0,3.75999999046,0.0,0.0,-4.0,,,,,,,,0.0,,-1.5625,
106.647791574,355,1133,676000,42.28822,-83.7627258333,39.0,0.77999997139,512.0,0.0,-4.0,,,,,,,,0.0,,-1.5625,
106.647791574,355,1133,677400,42.28822,-83.7627258333,35.0,0.77999997139,512.0,0.0,-4.0,,,,,,,,0.0,,-1.5625,
106.647791574,355,1133,678000,42.28822,-83.7627258333,35.0,14.8900003433,1550.0,0.0,-4.0,,,,,,,,0.0,,-1.5625,
106.647791574,355,1133,678600,42.28822,-83.7627258333,34.0,14.8900003433,1550.0,0.0,-4.0,,,,,,,,0.0,,-1.5625,
106.647791574,355,1133,678900,42.2883544444,-83.76315,34.0,14.8900003433,1550.0,0.0,-4.0,,,,,,,,0.0,,-1.5625,
106.647791574,355,1133,679700,42.2883544444,-83.76315,36.0,14.8900003433,1550.0,0.0,-4.0,,,,,,,,0.0,,-1.5625,
106.647791574,355,1133,680000,42.2883544444,-83.76315,36.0,21.5699996948,2374.0,0.0,-4.0,,,,,,,,0.0,,-1.5625,
106.647791574,355,1133,680800,42.2883544444,-83.76315,39.0,21.5699996948,2374.0,0.0,-4.0,,,,,,,,0.0,,-1.5625,
106.647791574,355,1133,681900,42.2884725,-83.7636013889,41.0,21.5699996948,2374.0,0.0,-4.0,,,,,,,,0.0,,-1.5625,
106.647791574,355,1133,682500,42.2884725,-83.7636013889,41.0,19.2099990845,2322.0,47.4509811401,-4.0,,,,,,,,0.0,,-1.5625,
106.647791574,355,1133,683300,42.2884725,-83.7636013889,43.0,19.2099990845,2322.0,47.4509811401,-4.0,,,,,,,,0.0,,-1.5625,
106.647791574,355,1133,684300,42.2884725,-83.7636013889,44.0,19.2099990845,2322.0,47.4509811401,-4.0,,,,,,,,0.0,,-1.5625,
106.647791574,355,1133,684500,42.2884725,-83.7636013889,44.0,6.44999980927,1293.0,47.4509811401,-4.0,,,,,,,,0.0,,-1.5625,
106.647791574,355,1133,684900,42.2885952778,-83.7640483333,44.0,6.44999980927,1293.0,47.4509811401,-4.0,,,,,,,,0.0,,-1.5625,
106.647791574,355,1133,685400,42.2885952778,-83.7640483333,43.0,6.44999980927,1293.0,47.4509811401,-4.0,,,,,,,,0.0,,-1.5625,
106.647791574,355,1133,686400,42.2885952778,-83.7640483333,42.0,6.44999980927,1293.0,47.4509811401,-4.0,,,,,,,,0.0,,-1.5625,
106.647791574,355,1133,687000,42.2885952778,-83.7640483333,42.0,1.20000004768,114.0,47.4509811401,-4.0,,,,,,,,0.0,,-1.5625,
106.647791574,355,1133,687800,42.2885952778,-83.7640483333,41.0,1.20000004768,114.0,0.0,-4.0,,,,,,,,0.0,,-1.5625,
106.647791574,355,1133,688000,42.2887266667,-83.7644236111,41.0,1.20000004768,114.0,0.0,-4.0,,,,,,,,0.0,,-1.5625,
106.647791574,355,1133,689100,42.2887266667,-83.7644236111,41.0,12.1000003815,1418.0,0.0,-4.0,,,,,,,,0.0,,-1.5625,
106.647791574,355,1133,690200,42.2887266667,-83.7644236111,42.0,12.1000003815,1418.0,0.0,-4.0,,,,,,,,0.0,,-1.5625,
106.647791574,355,1133,691000,42.2888625,-83.7648108333,42.0,12.1000003815,1418.0,0.0,-4.0,,,,,,,,0.0,,-1.5625,
106.647791574,355,1133,691200,42.2888625,-83.7648108333,42.0,13.3900003433,1653.0,0.0,-4.0,,,,,,,,0.0,,-1.5625,
106.647791574,355,1133,692300,42.2888625,-83.7648108333,43.0,13.3900003433,1653.0,0.0,-4.0,,,,,,,,0.0,,-1.5625,
106.647791574,355,1133,693300,42.2888625,-83.7648108333,44.0,14.279999733,1811.0,44.7058830261,-4.0,,,,,,,,0.0,,-1.5625,
106.647791574,355,1133,694000,42.2889494444,-83.7652586111,44.0,14.279999733,1811.0,44.7058830261,-4.0,,,,,,,,0.0,,-1.5625,
106.647791574,355,1133,694700,42.2889494444,-83.7652586111,45.0,14.279999733,1811.0,44.7058830261,-4.0,,,,,,,,0.0,,-1.5625,
106.647791574,355,1133,695700,42.2889494444,-83.7652586111,45.0,15.5,1942.0,44.7058830261,-4.0,,,,,,,,0.0,,-1.5625,
106.647791574,355,1133,696700,42.2889494444,-83.7652586111,47.0,15.5,1942.0,44.7058830261,-4.0,,,,,,,,0.0,,-1.5625,
106.647791574,355,1133,697000,42.2890819444,-83.7656952778,47.0,15.5,1942.0,44.7058830261,-4.0,,,,,,,,0.0,,-1.5625,
106.647791574,355,1133,697800,42.2890819444,-83.7656952778,48.0,9.25,1474.0,44.7058830261,-4.0,,,,,,,,2.34375,,-1.5625,
106.647791574,355,1133,698800,42.2890819444,-83.7656952778,48.0,9.25,1474.0,13.7254905701,-4.0,,,,,,,,2.34375,,-1.5625,
106.647791574,355,1133,699600,42.2890819444,-83.7656952778,48.0,9.25,1474.0,13.7254905701,-4.0,,,,,,,,2.34375,,-1.5625,
106.647791574,355,1133,700200,42.2890819444,-83.7656952778,47.0,1.07000005245,32.0,13.7254905701,-4.0,,,,,,,,2.34375,,-1.5625,
106.647791574,355,1133,701000,42.2892725,-83.7662111111,47.0,1.07000005245,32.0,13.7254905701,-4.0,,,,,,,,2.34375,,-1.5625,
106.647791574,355,1133,702700,42.2892725,-83.7662111111,46.0,0.20000000298,0.0,13.7254905701,-4.0,,,,,,,,2.34375,,-1.5625,
106.647791574,355,1133,702900,42.2892725,-83.7662111111,46.0,0.20000000298,0.0,13.7254905701,-4.0,,,,,,,,0.0,,-1.5625,
106.647791574,355,1133,703800,42.2892725,-83.7662111111,46.0,0.20000000298,0.0,47.8431396484,-4.0,,,,,,,,0.0,,-1.5625,
106.647791574,355,1133,703900,42.2894444444,-83.7666122222,46.0,0.20000000298,0.0,47.8431396484,-4.0,,,,,,,,0.0,,-1.5625,
106.647791574,355,1133,705100,42.2894444444,-83.7666122222,47.0,10.6700000763,1253.0,47.8431396484,-4.0,,,,,,,,0.0,,-1.5625,
106.647791574,355,1133,707000,42.2896033333,-83.7670411111,47.0,10.6700000763,1253.0,47.8431396484,-4.0,,,,,,,,0.0,,-1.5625,
106.647791574,355,1133,707100,42.2896033333,-83.7670411111,47.0,9.71000003815,1290.0,47.8431396484,-4.0,,,,,,,,0.0,,-1.5625,
106.647791574,355,1133,708200,42.2896033333,-83.7670411111,48.0,9.71000003815,1290.0,47.8431396484,-4.0,,,,,,,,-0.78125,,-1.5625,
106.647791574,355,1133,709200,42.2896033333,-83.7670411111,48.0,4.92999982834,950.0,25.882352829,-4.0,,,,,,,,-0.78125,,-1.5625,
106.647791574,355,1133,710000,42.2897544444,-83.7674875,48.0,4.92999982834,950.0,25.882352829,-4.0,,,,,,,,-0.78125,,-1.5625,
106.647791574,355,1133,710600,42.2897544444,-83.7674875,46.0,4.92999982834,950.0,25.882352829,-4.0,,,,,,,,-0.78125,,-1.5625,
106.647791574,355,1133,711600,42.2897544444,-83.7674875,45.0,13.7299995422,1739.0,25.882352829,-4.0,,,,,,,,-0.78125,,-1.5625,
106.647791574,355,1133,712700,42.2897544444,-83.7674875,46.0,13.7299995422,1739.0,25.882352829,-4.0,,,,,,,,-0.78125,,-1.5625,
106.647791574,355,1133,712900,42.2898761111,-83.7679391667,46.0,13.7299995422,1739.0,25.882352829,-4.0,,,,,,,,-0.78125,,-1.5625,
106.647791574,355,1133,713200,42.2898761111,-83.7679391667,46.0,13.7299995422,1739.0,25.882352829,-4.0,,,,,,,,-1.5625,,-1.5625,
106.647791574,355,1133,713900,42.2898761111,-83.7679391667,47.0,17.8199996948,2163.0,25.882352829,-4.0,,,,,,,,-1.5625,,-1.5625,
106.647791574,355,1133,714200,42.2898761111,-83.7679391667,47.0,17.8199996948,2163.0,44.3137245178,-4.0,,,,,,,,-1.5625,,-1.5625,
106.647791574,355,1133,715000,42.2898761111,-83.7679391667,48.0,17.8199996948,2163.0,44.3137245178,-4.0,,,,,,,,-1.5625,,-1.5625,
106.647791574,355,1133,715700,42.2898761111,-83.7679391667,48.0,17.8199996948,2163.0,44.3137245178,-4.0,,,,,,,,-1.5625,,-8.59375,
106.647791574,355,1133,715900,42.2898761111,-83.7679391667,48.0,5.75,1132.0,44.3137245178,-4.0,,,,,,,,-1.5625,,-8.59375,
106.647791574,355,1133,717000,42.2901077778,-83.7685444444,48.0,5.75,1132.0,44.3137245178,-4.0,,,,,,,,-1.5625,,-8.59375,
106.647791574,355,1133,718200,42.2901077778,-83.7685444444,47.0,0.790000021458,384.0,44.3137245178,-4.0,,,,,,,,-1.5625,,-8.59375,
106.647791574,355,1133,718300,42.2901077778,-83.7685444444,47.0,0.790000021458,384.0,44.3137245178,-4.0,,,,,,,,3.125,,-8.59375,
106.647791574,355,1133,719300,42.2901077778,-83.7685444444,45.0,0.790000021458,384.0,0.0,-4.0,,,,,,,,3.125,,-8.59375,
106.647791574,355,1133,719900,42.2902633333,-83.7689361111,45.0,0.790000021458,384.0,0.0,-4.0,,,,,,,,3.125,,-8.59375,
106.647791574,355,1133,720300,42.2902633333,-83.7689361111,45.0,0.20000000298,0.0,0.0,-4.0,,,,,,,,3.125,,-8.59375,
106.647791574,355,1133,720800,42.2902633333,-83.7689361111,44.0,0.20000000298,0.0,0.0,-4.0,,,,,,,,3.125,,-8.59375,
106.647791574,355,1133,722700,42.2902633333,-83.7689361111,44.0,12.5,1406.0,0.0,-4.0,,,,,,,,3.125,,-8.59375,
106.647791574,355,1133,722900,42.2902633333,-83.7689361111,45.0,12.5,1406.0,0.0,-4.0,,,,,,,,3.125,,-8.59375,
106.647791574,355,1133,723000,42.2904138889,-83.7693205556,45.0,12.5,1406.0,0.0,-4.0,,,,,,,,3.125,,-8.59375,
106.647791574,355,1133,723700,42.2904138889,-83.7693205556,45.0,12.5,1406.0,0.0,-4.0,,,,,,,,0.0,,-8.59375,
106.647791574,355,1133,723900,42.2904138889,-83.7693205556,46.0,12.5,1406.0,0.0,-4.0,,,,,,,,0.0,,-8.59375,
106.647791574,355,1133,724700,42.2904138889,-83.7693205556,46.0,8.09000015259,1304.0,33.3333320618,-4.0,,,,,,,,0.0,,-8.59375,
106.647791574,355,1133,726300,42.2904138889,-83.7693205556,47.0,8.09000015259,1304.0,33.3333320618,-4.0,,,,,,,,0.0,,-8.59375,
106.647791574,355,1133,727000,42.2905977778,-83.7698722222,47.0,8.09000015259,1304.0,33.3333320618,-4.0,,,,,,,,0.0,,-8.59375,
106.647791574,355,1133,727100,42.2905977778,-83.7698722222,47.0,7.26000022888,1293.0,33.3333320618,-4.0,,,,,,,,0.0,,-8.59375,
106.647791574,355,1133,728400,42.2905977778,-83.7698722222,48.0,7.26000022888,1293.0,33.3333320618,-4.0,,,,,,,,0.0,,-8.59375,
106.647791574,355,1133,728700,42.2905977778,-83.7698722222,48.0,7.26000022888,1293.0,33.3333320618,-4.0,,,,,,,,0.78125,,-8.59375,
106.647791574,355,1133,729200,42.2905977778,-83.7698722222,48.0,6.71000003815,1269.0,33.3333320618,-4.0,,,,,,,,0.78125,,-8.59375,
106.647791574,355,1133,730000,42.2907594444,-83.7702838889,48.0,6.71000003815,1269.0,33.3333320618,-4.0,,,,,,,,0.78125,,-8.59375,
106.647791574,355,1133,730300,42.2907594444,-83.7702838889,48.0,6.71000003815,1269.0,29.8039226532,-4.0,,,,,,,,0.78125,,-8.59375,
106.647791574,355,1133,731300,42.2907594444,-83.7702838889,48.0,0.920000016689,994.0,29.8039226532,-4.0,,,,,,,,0.78125,,-8.59375,
106.647791574,355,1133,731900,42.2907594444,-83.7702838889,47.0,0.920000016689,994.0,29.8039226532,-4.0,,,,,,,,0.78125,,-8.59375,
106.647791574,355,1133,732900,42.2907594444,-83.7702838889,42.0,0.920000016689,994.0,29.8039226532,-4.0,,,,,,,,0.78125,,-8.59375,
106.647791574,355,1133,733000,42.2909141667,-83.7706602778,42.0,0.920000016689,994.0,29.8039226532,-4.0,,,,,,,,0.78125,,-8.59375,
106.647791574,355,1133,733700,42.2909141667,-83.7706602778,42.0,0.209999993443,0.0,29.8039226532,-4.0,,,,,,,,0.78125,,-8.59375,
106.647791574,355,1133,733800,42.2909141667,-83.7706602778,42.0,0.209999993443,0.0,29.8039226532,-4.0,,,,,,,,0.0,,-8.59375,
106.647791574,355,1133,733900,42.2909141667,-83.7706602778,35.0,0.209999993443,0.0,29.8039226532,-4.0,,,,,,,,0.0,,-8.59375,
106.647791574,355,1133,735000,42.2909141667,-83.7706602778,32.0,0.209999993443,0.0,29.8039226532,-4.0,,,,,,,,0.0,,-8.59375,
106.647791574,355,1133,735800,42.2909141667,-83.7706602778,32.0,0.180000007153,0.0,0.0,-4.0,,,,,,,,0.0,,-8.59375,
106.647791574,355,1133,735900,42.2910227778,-83.7709419444,32.0,0.180000007153,0.0,0.0,-4.0,,,,,,,,0.0,,-8.59375,
106.647791574,355,1133,736000,42.2910227778,-83.7709419444,30.0,0.180000007153,0.0,0.0,-4.0,,,,,,,,0.0,,-8.59375,
106.647791574,355,1133,738200,42.2910227778,-83.7709419444,30.0,28.2099990845,2640.0,0.0,-4.0,,,,,,,,0.0,,-8.59375,
106.647791574,355,1133,738400,42.2910227778,-83.7709419444,35.0,28.2099990845,2640.0,0.0,-4.0,,,,,,,,0.0,,-8.59375,
106.647791574,355,1133,739200,42.2910227778,-83.7709419444,35.0,28.2099990845,2640.0,0.0,-4.0,,,,,,,,-6.25,,-8.59375,
106.647791574,355,1133,739400,42.2910227778,-83.7709419444,38.0,28.2099990845,2640.0,0.0,-4.0,,,,,,,,-6.25,,-8.59375,
106.647791574,355,1133,739900,42.2911183333,-83.7714008333,38.0,28.2099990845,2640.0,0.0,-4.0,,,,,,,,-6.25,,-8.59375,
106.647791574,355,1133,740300,42.2911183333,-83.7714008333,38.0,27.9200000763,2860.0,0.0,-4.0,,,,,,,,-6.25,,-8.59375,
106.647791574,355,1133,740500,42.2911183333,-83.7714008333,45.0,27.9200000763,2860.0,0.0,-4.0,,,,,,,,-6.25,,-8.59375,
106.647791574,355,1133,741300,42.2911183333,-83.7714008333,45.0,27.9200000763,2860.0,54.9019622803,-4.0,,,,,,,,-6.25,,-8.59375,
106.647791574,355,1133,742300,42.2911183333,-83.7714008333,45.0,28.9799995422,2942.0,54.9019622803,-4.0,,,,,,,,-6.25,,-8.59375,
106.647791574,355,1133,742900,42.2911183333,-83.7714008333,49.0,28.9799995422,2942.0,54.9019622803,-4.0,,,,,,,,-6.25,,-8.59375,
106.647791574,355,1133,743000,42.2912572222,-83.7718177778,49.0,28.9799995422,2942.0,54.9019622803,-4.0,,,,,,,,-6.25,,-8.59375,
106.647791574,355,1133,743900,42.2912572222,-83.7718177778,53.0,28.9799995422,2942.0,54.9019622803,-4.0,,,,,,,,-6.25,,-8.59375,
106.647791574,355,1133,744200,42.2912572222,-83.7718177778,53.0,28.9799995422,2942.0,54.9019622803,-4.0,,,,,,,,-1.5625,,-8.59375,
106.647791574,355,1133,744700,42.2912572222,-83.7718177778,53.0,17.7800006866,2106.0,54.9019622803,-4.0,,,,,,,,-1.5625,,-8.59375,
106.647791574,355,1133,745000,42.2912572222,-83.7718177778,54.0,17.7800006866,2106.0,54.9019622803,-4.0,,,,,,,,-1.5625,,-8.59375,
106.647791574,355,1133,746000,42.2914011111,-83.7723083333,55.0,17.7800006866,2106.0,54.9019622803,-4.0,,,,,,,,-1.5625,,-8.59375,
106.647791574,355,1133,746800,42.2914011111,-83.7723083333,55.0,18.1399993896,2171.0,46.6666679382,-4.0,,,,,,,,-1.5625,,-8.59375,
106.647791574,355,1133,747400,42.2914011111,-83.7723083333,56.0,18.1399993896,2171.0,46.6666679382,-4.0,,,,,,,,-1.5625,,-8.59375,
106.647791574,355,1133,748800,42.2914011111,-83.7723083333,58.0,17.9799995422,2168.0,46.6666679382,-4.0,,,,,,,,-1.5625,,-8.59375,
106.647791574,355,1133,749100,42.2915841667,-83.7728172222,58.0,17.9799995422,2168.0,46.6666679382,-4.0,,,,,,,,-1.5625,,-8.59375,
106.647791574,355,1133,749800,42.2915841667,-83.7728172222,58.0,17.9799995422,2168.0,46.6666679382,-4.0,,,,,,,,-0.78125,,-8.59375,
106.647791574,355,1133,749900,42.2915841667,-83.7728172222,60.0,17.9799995422,2168.0,46.6666679382,-4.0,,,,,,,,-0.78125,,-8.59375,
106.647791574,355,1133,750900,42.2915841667,-83.7728172222,60.0,12.5100002289,2160.0,46.6666679382,-4.0,,,,,,,,-0.78125,,-8.59375,
106.647791574,355,1133,751000,42.2915841667,-83.7728172222,61.0,12.5100002289,2160.0,46.6666679382,-4.0,,,,,,,,-0.78125,,-8.59375,
106.647791574,355,1133,751900,42.2915841667,-83.7728172222,61.0,12.5100002289,2160.0,43.9215698242,-4.0,,,,,,,,-0.78125,,-8.59375,
106.647791574,355,1133,752100,42.2917883333,-83.7733691667,61.0,12.5100002289,2160.0,43.9215698242,-4.0,,,,,,,,-0.78125,,-8.59375,
106.647791574,355,1133,753000,42.2917883333,-83.7733691667,61.0,10.1400003433,1348.0,43.9215698242,-4.0,,,,,,,,-0.78125,,-8.59375,
106.647791574,355,1133,754800,42.2917883333,-83.7733691667,61.0,10.1400003433,1348.0,43.9215698242,-4.0,,,,,,,,3.125,,-8.59375,
106.647791574,355,1133,755000,42.2917883333,-83.7733691667,61.0,7.28000020981,1106.0,43.9215698242,-4.0,,,,,,,,3.125,,-8.59375,
106.647791574,355,1133,755500,42.2917883333,-83.7733691667,60.0,7.28000020981,1106.0,43.9215698242,-4.0,,,,,,,,3.125,,-8.59375,
106.647791574,355,1133,755900,42.2920541667,-83.7740633333,60.0,7.28000020981,1106.0,43.9215698242,-4.0,,,,,,,,3.125,,-8.59375,
106.647791574,355,1133,757000,42.2920541667,-83.7740633333,60.0,5.78000020981,1004.0,35.2941169739,-4.0,,,,,,,,3.125,,-8.59375,
106.647791574,355,1133,758700,42.2920541667,-83.7740633333,59.0,5.78000020981,1004.0,35.2941169739,-4.0,,,,,,,,3.125,,-8.59375,
106.647791574,355,1133,759000,42.292265,-83.7746027778,59.0,5.78000020981,1004.0,35.2941169739,-4.0,,,,,,,,3.125,,-8.59375,
106.647791574,355,1133,759200,42.292265,-83.7746027778,59.0,5.46000003815,996.0,35.2941169739,-4.0,,,,,,,,3.125,,-8.59375,
106.647791574,355,1133,760000,42.292265,-83.7746027778,58.0,5.46000003815,996.0,35.2941169739,-4.0,,,,,,,,0.78125,,-8.59375,
106.647791574,355,1133,761800,42.292265,-83.7746027778,59.0,8.39000034332,1089.0,35.2941169739,-4.0,,,,,,,,0.78125,,-8.59375,
106.647791574,355,1133,762000,42.2924858333,-83.7751908333,59.0,8.39000034332,1089.0,42.3529434204,-4.0,,,,,,,,0.78125,,-8.59375,
106.647791574,355,1133,764300,42.2924858333,-83.7751908333,60.0,7.32000017166,1133.0,42.3529434204,-4.0,,,,,,,,0.78125,,-8.59375,
106.647791574,355,1133,765000,42.2926808333,-83.7757358333,60.0,7.32000017166,1133.0,42.3529434204,-4.0,,,,,,,,0.78125,,-8.59375,
106.647791574,355,1133,765100,42.2926808333,-83.7757358333,60.0,7.32000017166,1133.0,42.3529434204,-4.0,,,,,,,,4.6875,,-8.59375,
106.647791574,355,1133,766200,42.2926808333,-83.7757358333,60.0,2.56999993324,0.0,42.3529434204,-4.0,,,,,,,,4.6875,,-8.59375,
106.647791574,355,1133,767100,42.2926808333,-83.7757358333,60.0,2.56999993324,0.0,0.0,-4.0,,,,,,,,4.6875,,-8.59375,
106.647791574,355,1133,767900,42.2928766667,-83.7762844444,60.0,2.56999993324,0.0,0.0,-4.0,,,,,,,,4.6875,,-8.59375,
106.647791574,355,1133,768200,42.2928766667,-83.7762844444,60.0,0.20000000298,0.0,0.0,-4.0,,,,,,,,4.6875,,-8.59375,
106.647791574,355,1133,768400,42.2928766667,-83.7762844444,61.0,0.20000000298,0.0,0.0,-4.0,,,,,,,,4.6875,,-8.59375,
106.647791574,355,1133,770600,42.2928766667,-83.7762844444,61.0,0.180000007153,0.0,0.0,-4.0,,,,,,,,0.0,,-8.59375,
106.647791574,355,1133,770800,42.2928766667,-83.7762844444,60.0,0.180000007153,0.0,0.0,-4.0,,,,,,,,0.0,,-8.59375,
106.647791574,355,1133,771000,42.293075,-83.7768497222,60.0,0.180000007153,0.0,0.0,-4.0,,,,,,,,0.0,,-8.59375,
106.647791574,355,1133,774000,42.2932983333,-83.7773938889,60.0,0.180000007153,0.0,0.0,-4.0,,,,,,,,0.0,,-8.59375,
106.647791574,355,1133,776100,42.2932983333,-83.7773938889,60.0,0.180000007153,0.0,0.0,-4.0,,,,,,,,0.0,,0.78125,
106.647791574,355,1133,777000,42.2935116667,-83.7779522222,60.0,0.180000007153,0.0,0.0,-4.0,,,,,,,,0.0,,0.78125,
106.647791574,355,1133,779500,42.2935116667,-83.7779522222,60.0,0.170000001788,0.0,0.0,-4.0,,,,,,,,0.0,,0.78125,
106.647791574,355,1133,779800,42.2935116667,-83.7779522222,59.0,0.170000001788,0.0,0.0,-4.0,,,,,,,,0.0,,0.78125,
106.647791574,355,1133,781000,42.2938052778,-83.7786683333,59.0,0.170000001788,0.0,0.0,-4.0,,,,,,,,0.0,,0.78125,
106.647791574,355,1133,781100,42.2938052778,-83.7786683333,58.0,0.170000001788,0.0,0.0,-4.0,,,,,,,,0.0,,0.78125,
106.647791574,355,1133,783200,42.2938052778,-83.7786683333,57.0,0.170000001788,0.0,0.0,-4.0,,,,,,,,0.0,,0.78125,
106.647791574,355,1133,784000,42.2940052778,-83.7791755556,57.0,0.170000001788,0.0,0.0,-4.0,,,,,,,,0.0,,0.78125,
106.647791574,355,1133,784500,42.2940052778,-83.7791755556,54.0,0.170000001788,0.0,0.0,-4.0,,,,,,,,0.0,,0.78125,
106.647791574,355,1133,785500,42.2940052778,-83.7791755556,53.0,0.170000001788,0.0,0.0,-4.0,,,,,,,,0.0,,0.78125,
106.647791574,355,1133,787000,42.2941936111,-83.7796541667,53.0,0.170000001788,0.0,0.0,-4.0,,,,,,,,0.0,,0.78125,
106.647791574,355,1133,787100,42.2941936111,-83.7796541667,50.0,0.170000001788,0.0,0.0,-4.0,,,,,,,,0.0,,0.78125,
106.647791574,355,1133,788200,42.2941936111,-83.7796541667,42.0,0.180000007153,0.0,0.0,-4.0,,,,,,,,0.0,,0.78125,
106.647791574,355,1133,789200,42.2941936111,-83.7796541667,36.0,0.180000007153,0.0,0.0,-4.0,,,,,,,,0.0,,0.78125,
106.647791574,355,1133,790000,42.2943208333,-83.7800208333,36.0,0.180000007153,0.0,0.0,-4.0,,,,,,,,0.0,,0.78125,
106.647791574,355,1133,790300,42.2943208333,-83.7800208333,30.0,0.170000001788,0.0,0.0,-4.0,,,,,,,,0.0,,0.78125,
106.647791574,355,1133,791300,42.2943208333,-83.7800208333,23.0,0.170000001788,0.0,0.0,-4.0,,,,,,,,0.0,,0.78125,
106.647791574,355,1133,792200,42.2943208333,-83.7800208333,23.0,0.180000007153,0.0,0.0,-4.0,,,,,,,,0.0,,0.78125,
106.647791574,355,1133,792300,42.2943208333,-83.7800208333,11.0,0.180000007153,0.0,0.0,-4.0,,,,,,,,0.0,,0.78125,
106.647791574,355,1133,793000,42.2944077778,-83.7801766667,11.0,0.180000007153,0.0,0.0,-4.0,,,,,,,,0.0,,0.78125,
106.647791574,355,1133,793400,42.2944077778,-83.7801766667,4.0,0.180000007153,0.0,0.0,-4.0,,,,,,,,0.0,,0.78125,
106.647791574,355,1133,794200,42.2944077778,-83.7801766667,4.0,0.170000001788,0.0,0.0,-4.0,,,,,,,,0.0,,0.78125,
106.647791574,355,1133,794400,42.2944077778,-83.7801766667,3.0,0.170000001788,0.0,0.0,-4.0,,,,,,,,0.0,,0.78125,
106.647791574,355,1133,796400,42.2944077778,-83.7801766667,3.0,0.170000001788,0.0,0.0,-4.0,,,,,,,,0.0,,-8.59375,
106.647791574,355,1133,797000,42.2944077778,-83.7801766667,0.0,0.170000001788,0.0,0.0,-4.0,,,,,,,,0.0,,-8.59375,
106.647791574,355,1133,820100,42.2944077778,-83.7801766667,0.0,0.170000001788,0.0,0.0,-4.0,,,,,,,,0.0,,-8.59375,
106.647791574,355,1133,824000,42.2944936111,-83.7801533333,0.0,0.170000001788,0.0,0.0,-4.0,,,,,,,,0.0,,-8.59375,
106.647791574,355,1133,841000,42.2945166667,-83.7801716667,0.0,0.170000001788,0.0,0.0,-4.0,,,,,,,,0.0,,-8.59375,
106.647791574,355,1133,841700,42.2945166667,-83.7801716667,0.0,0.170000001788,1216.0,0.0,-4.0,,,,,,,,0.0,,-8.59375,
106.647791574,355,1133,841800,42.2945166667,-83.7801716667,0.0,11.25,1216.0,46.6666679382,-4.0,,,,,,,,0.0,,-8.59375,
106.647791574,355,1133,842500,42.2945166667,-83.7801716667,0.0,11.25,1216.0,46.6666679382,-4.0,,,,,,,,1.5625,,-8.59375,
106.647791574,355,1133,843100,42.2945166667,-83.7801716667,0.0,11.25,1216.0,46.6666679382,-4.0,,,,,,,,1.5625,,-5.46875,
106.647791574,355,1133,843600,42.2945166667,-83.7801716667,17.0,11.25,1216.0,46.6666679382,-4.0,,,,,,,,1.5625,,-5.46875,
106.647791574,355,1133,843800,42.2945166667,-83.7801716667,17.0,5.07000017166,1216.0,46.6666679382,-4.0,,,,,,,,1.5625,,-5.46875,
106.647791574,355,1133,844000,42.2945644444,-83.7802952778,17.0,5.07000017166,1216.0,46.6666679382,-4.0,,,,,,,,1.5625,,-5.46875,
106.647791574,355,1133,845700,42.2945644444,-83.7802952778,19.0,5.07000017166,996.0,46.6666679382,-4.0,,,,,,,,1.5625,,-5.46875,
106.647791574,355,1133,845800,42.2945644444,-83.7802952778,19.0,5.34999990463,996.0,46.6666679382,-4.0,,,,,,,,1.5625,,-5.46875,
106.647791574,355,1133,846700,42.2945644444,-83.7802952778,21.0,5.34999990463,996.0,46.6666679382,-4.0,,,,,,,,1.5625,,-5.46875,
106.647791574,355,1133,846900,42.2945644444,-83.7802952778,21.0,5.34999990463,996.0,24.3137264252,-4.0,,,,,,,,1.5625,,-5.46875,
106.647791574,355,1133,848000,42.2946636111,-83.7805708333,21.0,5.34999990463,996.0,24.3137264252,-4.0,,,,,,,,1.5625,,-5.46875,
106.647791574,355,1133,848100,42.2946636111,-83.7805708333,21.0,2.0,1006.0,24.3137264252,-4.0,,,,,,,,1.5625,,-5.46875,
106.647791574,355,1133,850100,42.2946636111,-83.7805708333,21.0,1.21000003815,0.0,24.3137264252,-4.0,,,,,,,,1.5625,,-5.46875,
106.647791574,355,1133,851000,42.29461,-83.7807355556,21.0,1.21000003815,0.0,24.3137264252,-4.0,,,,,,,,1.5625,,-5.46875,
106.647791574,355,1133,851200,42.29461,-83.7807355556,22.0,1.21000003815,0.0,24.3137264252,-4.0,,,,,,,,1.5625,,-5.46875,
106.647791574,355,1133,852000,42.29461,-83.7807355556,22.0,1.21000003815,0.0,48.6274528503,-4.0,,,,,,,,1.5625,,-5.46875,
106.647791574,355,1133,852100,42.29461,-83.7807355556,22.0,12.279999733,1216.0,48.6274528503,-4.0,,,,,,,,1.5625,,-5.46875,
106.647791574,355,1133,852200,42.29461,-83.7807355556,26.0,12.279999733,1216.0,48.6274528503,-4.0,,,,,,,,1.5625,,-5.46875,
106.647791574,355,1133,852600,42.29461,-83.7807355556,26.0,12.279999733,1216.0,48.6274528503,-4.0,,,,,,,,0.0,,-5.46875,
106.647791574,355,1133,853600,42.29461,-83.7807355556,30.0,12.279999733,1216.0,48.6274528503,-4.0,,,,,,,,0.0,,-5.46875,
106.647791574,355,1133,853900,42.2944044444,-83.7807708333,30.0,12.279999733,1216.0,48.6274528503,-4.0,,,,,,,,0.0,,-5.46875,
106.647791574,355,1133,854400,42.2944044444,-83.7807708333,30.0,13.8199996948,1664.0,48.6274528503,-4.0,,,,,,,,0.0,,-5.46875,
106.647791574,355,1133,854600,42.2944044444,-83.7807708333,35.0,13.8199996948,1664.0,48.6274528503,-4.0,,,,,,,,0.0,,-5.46875,
106.647791574,355,1133,855700,42.2944044444,-83.7807708333,38.0,13.8199996948,1664.0,48.6274528503,-4.0,,,,,,,,0.0,,-5.46875,
106.647791574,355,1133,856700,42.2944044444,-83.7807708333,38.0,15.0699996948,1871.0,48.6274528503,-4.0,,,,,,,,0.0,,-5.46875,
106.647791574,355,1133,856800,42.2944044444,-83.7807708333,40.0,15.0699996948,1871.0,48.6274528503,-4.0,,,,,,,,0.0,,-5.46875,
106.647791574,355,1133,857000,42.2941116667,-83.7807702778,40.0,15.0699996948,1871.0,45.0980415344,-4.0,,,,,,,,0.0,,-5.46875,
106.647791574,355,1133,857800,42.2941116667,-83.7807702778,40.0,15.0699996948,1871.0,45.0980415344,-4.0,,,,,,,,6.25,,-5.46875,
106.647791574,355,1133,857900,42.2941116667,-83.7807702778,44.0,15.0699996948,1871.0,45.0980415344,-4.0,,,,,,,,6.25,,-5.46875,
106.647791574,355,1133,858900,42.2941116667,-83.7807702778,44.0,13.3400001526,1696.0,45.0980415344,-4.0,,,,,,,,6.25,,-5.46875,
106.647791574,355,1133,859400,42.2941116667,-83.7807702778,46.0,13.3400001526,1696.0,45.0980415344,-4.0,,,,,,,,6.25,,-5.46875,
106.647791574,355,1133,860400,42.2941116667,-83.7807702778,48.0,13.3400001526,1696.0,45.0980415344,-4.0,,,,,,,,6.25,,-5.46875,
