DayNum,VehId,Trip,Timestamp(ms),Latitude[deg],Longitude[deg],Vehicle Speed[km/h],MAF[g/sec],Engine RPM[RPM],Absolute Load[%],OAT[DegC],Fuel Rate[L/hr],Air Conditioning Power[kW],Air Conditioning Power[Watts],Heater Power[Watts],HV Battery Current[A],HV Battery SOC[%],HV Battery Voltage[V],Short Term Fuel Trim Bank 1[%],Short Term Fuel Trim Bank 2[%],Long Term Fuel Trim Bank 1[%],Long Term Fuel Trim Bank 2[%]
89.8449096296,139,1296,0,42.2864536111,-83.7324411111,25.0,15.0100002289,1702.0,34.509803772,11.0,,,,,,,,1.5625,,-0.78125,
89.8449096296,139,1296,400,42.2864536111,-83.7324411111,25.0,15.0100002289,1702.0,52.5490188599,11.0,,,,,,,,1.5625,,-0.78125,
89.8449096296,139,1296,600,42.2864536111,-83.7324411111,28.0,15.0100002289,1702.0,52.5490188599,11.0,,,,,,,,1.5625,,-0.78125,
89.8449096296,139,1296,1500,42.2864536111,-83.7324411111,28.0,19.4099998474,1899.0,52.5490188599,11.0,,,,,,,,1.5625,,-0.78125,
89.8449096296,139,1296,2000,42.2864536111,-83.7324411111,32.0,19.4099998474,1899.0,52.5490188599,11.0,,,,,,,,1.5625,,-0.78125,
89.8449096296,139,1296,3000,42.2864536111,-83.7324411111,37.0,19.4099998474,1899.0,52.5490188599,11.0,,,,,,,,1.5625,,-0.78125,
89.8449096296,139,1296,3900,42.2867363889,-83.7325783333,37.0,16.4300003052,1703.0,52.5490188599,11.0,,,,,,,,1.5625,,-0.78125,
89.8449096296,139,1296,4100,42.2867363889,-83.7325783333,41.0,16.4300003052,1703.0,52.5490188599,11.0,,,,,,,,1.5625,,-0.78125,
89.8449096296,139,1296,5100,42.2867363889,-83.7325783333,44.0,16.4300003052,1703.0,52.5490188599,11.0,,,,,,,,1.5625,,-0.78125,
89.8449096296,139,1296,5400,42.2867363889,-83.7325783333,44.0,16.4300003052,1703.0,20.0,11.0,,,,,,,,1.5625,,-0.78125,
89.8449096296,139,1296,5900,42.2867363889,-83.7325783333,44.0,4.69999980927,1221.0,20.0,11.0,,,,,,,,2.34375,,-0.78125,
89.8449096296,139,1296,6200,42.2867363889,-83.7325783333,46.0,4.69999980927,1221.0,20.0,11.0,,,,,,,,2.34375,,-0.78125,
89.8449096296,139,1296,7000,42.2870058333,-83.7327077778,46.0,4.69999980927,1221.0,20.0,11.0,,,,,,,,2.34375,,-0.78125,
89.8449096296,139,1296,7500,42.2870058333,-83.7327077778,47.0,4.69999980927,1221.0,20.0,11.0,,,,,,,,2.34375,,-0.78125,
89.8449096296,139,1296,8300,42.2870058333,-83.7327077778,47.0,3.30999994278,1338.0,20.0,11.0,,,,,,,,2.34375,,-0.78125,
89.8449096296,139,1296,8600,42.2870058333,-83.7327077778,48.0,3.30999994278,1338.0,20.0,11.0,,,,,,,,2.34375,,-0.78125,
89.8449096296,139,1296,9600,42.2870058333,-83.7327077778,49.0,3.30999994278,1338.0,20.0,11.0,,,,,,,,2.34375,,-0.78125,
89.8449096296,139,1296,10000,42.2873427778,-83.7329666667,49.0,3.30999994278,1338.0,20.0,11.0,,,,,,,,2.34375,,-0.78125,
89.8449096296,139,1296,10400,42.2873427778,-83.7329666667,49.0,3.48000001907,1362.0,20.0,11.0,,,,,,,,2.34375,,-0.78125,
89.8449096296,139,1296,10500,42.2873427778,-83.7329666667,49.0,3.48000001907,1362.0,12.5490198135,11.0,,,,,,,,2.34375,,-0.78125,
89.8449096296,139,1296,11000,42.2873427778,-83.7329666667,49.0,3.48000001907,1362.0,12.5490198135,11.0,,,,,,,,0.0,,-0.78125,
89.8449096296,139,1296,11700,42.2873427778,-83.7329666667,50.0,3.48000001907,1362.0,12.5490198135,11.0,,,,,,,,0.0,,-0.78125,
89.8449096296,139,1296,12500,42.2873427778,-83.7329666667,50.0,4.30000019073,1505.0,12.5490198135,11.0,,,,,,,,0.0,,-0.78125,
89.8449096296,139,1296,13000,42.2876475,-83.7332983333,50.0,4.30000019073,1505.0,12.5490198135,11.0,,,,,,,,0.0,,-0.78125,
89.8449096296,139,1296,13100,42.2876475,-83.7332983333,51.0,4.30000019073,1505.0,12.5490198135,11.0,,,,,,,,0.0,,-0.78125,
89.8449096296,139,1296,14200,42.2876475,-83.7332983333,52.0,4.30000019073,1505.0,12.5490198135,11.0,,,,,,,,0.0,,-0.78125,
89.8449096296,139,1296,14500,42.2876475,-83.7332983333,52.0,5.46999979019,1587.0,12.5490198135,11.0,,,,,,,,0.0,,-0.78125,
89.8449096296,139,1296,15200,42.2876475,-83.7332983333,53.0,5.46999979019,1587.0,12.5490198135,11.0,,,,,,,,0.0,,-0.78125,
89.8449096296,139,1296,15500,42.2876475,-83.7332983333,53.0,5.46999979019,1587.0,18.0392150879,11.0,,,,,,,,0.0,,-0.78125,
89.8449096296,139,1296,16000,42.2878908333,-83.7336825,53.0,5.46999979019,1587.0,18.0392150879,11.0,,,,,,,,0.0,,-0.78125,
89.8449096296,139,1296,16600,42.2878908333,-83.7336825,53.0,7.21999979019,1512.0,18.0392150879,11.0,,,,,,,,0.0,,-0.78125,
89.8449096296,139,1296,18900,42.2878908333,-83.7336825,53.0,5.63999986649,1465.0,18.0392150879,11.0,,,,,,,,0.0,,-0.78125,
89.8449096296,139,1296,19000,42.2881144444,-83.7341425,53.0,5.63999986649,1465.0,18.0392150879,11.0,,,,,,,,0.0,,-0.78125,
89.8449096296,139,1296,20800,42.2881144444,-83.7341425,53.0,5.63999986649,1465.0,17.254901886,11.0,,,,,,,,0.0,,-0.78125,
89.8449096296,139,1296,20900,42.2881144444,-83.7341425,53.0,4.51000022888,1440.0,17.254901886,11.0,,,,,,,,0.0,,-0.78125,
89.8449096296,139,1296,21000,42.2881144444,-83.7341425,52.0,4.51000022888,1440.0,17.254901886,11.0,,,,,,,,0.0,,-0.78125,
89.8449096296,139,1296,21200,42.2881144444,-83.7341425,52.0,4.51000022888,1440.0,17.254901886,11.0,,,,,,,,5.46875,,-0.78125,
89.8449096296,139,1296,22000,42.2883455556,-83.7346341667,52.0,4.51000022888,1440.0,17.254901886,11.0,,,,,,,,5.46875,,-0.78125,
89.8449096296,139,1296,22900,42.2883455556,-83.7346341667,52.0,5.73000001907,1170.0,17.254901886,11.0,,,,,,,,5.46875,,-0.78125,
89.8449096296,139,1296,23100,42.2883455556,-83.7346341667,51.0,5.73000001907,1170.0,17.254901886,11.0,,,,,,,,5.46875,,-0.78125,
89.8449096296,139,1296,25300,42.2883455556,-83.7346341667,51.0,3.3900001049,1312.0,17.254901886,11.0,,,,,,,,5.46875,,-0.78125,
89.8449096296,139,1296,25500,42.2883455556,-83.7346341667,50.0,3.3900001049,1312.0,17.254901886,11.0,,,,,,,,5.46875,,-0.78125,
89.8449096296,139,1296,25800,42.2883455556,-83.7346341667,50.0,3.3900001049,1312.0,18.4313735962,11.0,,,,,,,,5.46875,,-0.78125,
89.8449096296,139,1296,26000,42.2886375,-83.7352427778,50.0,3.3900001049,1312.0,18.4313735962,11.0,,,,,,,,5.46875,,-0.78125,
89.8449096296,139,1296,26300,42.2886375,-83.7352427778,50.0,3.3900001049,1312.0,18.4313735962,11.0,,,,,,,,-4.6875,,-0.78125,
89.8449096296,139,1296,26500,42.2886375,-83.7352427778,48.0,3.3900001049,1312.0,18.4313735962,11.0,,,,,,,,-4.6875,,-0.78125,
89.8449096296,139,1296,27300,42.2886375,-83.7352427778,48.0,5.78000020981,1197.0,18.4313735962,11.0,,,,,,,,-4.6875,,-0.78125,
89.8449096296,139,1296,27900,42.2886375,-83.7352427778,47.0,5.78000020981,1197.0,18.4313735962,11.0,,,,,,,,-4.6875,,-0.78125,
89.8449096296,139,1296,29000,42.2887966667,-83.7356411111,47.0,5.78000020981,1197.0,18.4313735962,11.0,,,,,,,,-4.6875,,-0.78125,
89.8449096296,139,1296,29500,42.2887966667,-83.7356411111,47.0,6.11000013351,1151.0,18.4313735962,11.0,,,,,,,,-4.6875,,-0.78125,
89.8449096296,139,1296,31300,42.2887966667,-83.7356411111,47.0,6.11000013351,1151.0,50.9803924561,11.0,,,,,,,,3.125,,-0.78125,
89.8449096296,139,1296,31500,42.2887966667,-83.7356411111,47.0,11.8800001144,1249.0,50.9803924561,11.0,,,,,,,,3.125,,-0.78125,
89.8449096296,139,1296,32000,42.2889238889,-83.7360525,47.0,11.8800001144,1249.0,50.9803924561,11.0,,,,,,,,3.125,,-0.78125,
89.8449096296,139,1296,32400,42.2889238889,-83.7360525,48.0,11.8800001144,1249.0,50.9803924561,11.0,,,,,,,,3.125,,-0.78125,
89.8449096296,139,1296,33400,42.2889238889,-83.7360525,49.0,11.8800001144,1249.0,50.9803924561,11.0,,,,,,,,3.125,,-0.78125,
89.8449096296,139,1296,33500,42.2889238889,-83.7360525,49.0,13.7600002289,1452.0,50.9803924561,11.0,,,,,,,,3.125,,-0.78125,
89.8449096296,139,1296,34500,42.2889238889,-83.7360525,50.0,13.7600002289,1452.0,50.9803924561,11.0,,,,,,,,3.125,,-0.78125,
89.8449096296,139,1296,34900,42.2890541667,-83.73649,50.0,13.7600002289,1452.0,50.9803924561,11.0,,,,,,,,3.125,,-0.78125,
89.8449096296,139,1296,35800,42.2890541667,-83.73649,51.0,8.39999961853,1189.0,50.9803924561,11.0,,,,,,,,3.125,,-0.78125,
89.8449096296,139,1296,36900,42.2890541667,-83.73649,51.0,8.39999961853,1189.0,35.2941169739,11.0,,,,,,,,-2.34375,,-0.78125,
89.8449096296,139,1296,37900,42.2890541667,-83.73649,50.0,8.0,1175.0,35.2941169739,11.0,,,,,,,,-2.34375,,-0.78125,
89.8449096296,139,1296,38900,42.2892675,-83.7370811111,50.0,8.0,1175.0,35.2941169739,11.0,,,,,,,,-2.34375,,-0.78125,
89.8449096296,139,1296,40000,42.2892675,-83.7370811111,49.0,3.71000003815,1339.0,35.2941169739,11.0,,,,,,,,-2.34375,,-0.78125,
89.8449096296,139,1296,41300,42.2892675,-83.7370811111,47.0,3.71000003815,1339.0,35.2941169739,11.0,,,,,,,,-2.34375,,-0.78125,
89.8449096296,139,1296,42000,42.2894483333,-83.7375227778,47.0,3.71000003815,1339.0,35.2941169739,11.0,,,,,,,,-2.34375,,-0.78125,
89.8449096296,139,1296,42400,42.2894483333,-83.7375227778,45.0,3.42000007629,1323.0,12.9411764145,11.0,,,,,,,,0.0,,-0.78125,
89.8449096296,139,1296,43400,42.2894483333,-83.7375227778,43.0,3.42000007629,1323.0,12.9411764145,11.0,,,,,,,,0.0,,-0.78125,
89.8449096296,139,1296,44500,42.2894483333,-83.7375227778,40.0,3.44000005722,1281.0,12.9411764145,11.0,,,,,,,,0.0,,-0.78125,
89.8449096296,139,1296,45000,42.2895608333,-83.7379108333,40.0,3.44000005722,1281.0,12.9411764145,11.0,,,,,,,,0.0,,-0.78125,
89.8449096296,139,1296,45500,42.2895608333,-83.7379108333,34.0,3.44000005722,1281.0,12.9411764145,11.0,,,,,,,,0.0,,-0.78125,
89.8449096296,139,1296,46900,42.2895608333,-83.7379108333,28.0,3.3900001049,1292.0,12.9411764145,11.0,,,,,,,,0.0,,-0.78125,
89.8449096296,139,1296,47900,42.2895608333,-83.7379108333,25.0,3.3900001049,1292.0,60.0,11.0,,,,,,,,0.0,,-0.78125,
89.8449096296,139,1296,49000,42.2897947222,-83.7381666667,27.0,26.2099990845,1704.0,60.0,11.0,,,,,,,,0.0,,-0.78125,
89.8449096296,139,1296,50200,42.2897947222,-83.7381666667,32.0,26.2099990845,1704.0,60.0,11.0,,,,,,,,0.0,,-0.78125,
89.8449096296,139,1296,51300,42.2897947222,-83.7381666667,38.0,26.3999996185,1846.0,60.0,11.0,,,,,,,,0.0,,-0.78125,
89.8449096296,139,1296,52000,42.2900491667,-83.7381230556,38.0,26.3999996185,1846.0,60.0,11.0,,,,,,,,0.0,,-0.78125,
89.8449096296,139,1296,52800,42.2900491667,-83.7381230556,44.0,26.3999996185,1846.0,60.0,11.0,,,,,,,,0.0,,-0.78125,
89.8449096296,139,1296,52900,42.2900491667,-83.7381230556,44.0,26.3999996185,1846.0,74.1176452637,11.0,,,,,,,,5.46875,,-0.78125,
89.8449096296,139,1296,53300,42.2900491667,-83.7381230556,44.0,25.8700008392,1855.0,74.1176452637,11.0,,,,,,,,5.46875,,-0.78125,
89.8449096296,139,1296,53900,42.2900491667,-83.7381230556,47.0,25.8700008392,1855.0,74.1176452637,11.0,,,,,,,,5.46875,,-0.78125,
89.8449096296,139,1296,54900,42.2903622222,-83.7379616667,50.0,25.8700008392,1855.0,74.1176452637,11.0,,,,,,,,5.46875,,-0.78125,
89.8449096296,139,1296,55300,42.2903622222,-83.7379616667,50.0,27.0900001526,1881.0,74.1176452637,11.0,,,,,,,,5.46875,,-0.78125,
89.8449096296,139,1296,55900,42.2903622222,-83.7379616667,53.0,27.0900001526,1881.0,74.1176452637,11.0,,,,,,,,5.46875,,-0.78125,
89.8449096296,139,1296,58000,42.2906947222,-83.7376691667,53.0,27.0900001526,1881.0,74.1176452637,11.0,,,,,,,,5.46875,,-0.78125,
89.8449096296,139,1296,58200,42.2906947222,-83.7376691667,56.0,27.2299995422,1897.0,71.7647094727,11.0,,,,,,,,4.6875,,-3.90625,
89.8449096296,139,1296,59500,42.2906947222,-83.7376691667,62.0,27.2299995422,1897.0,71.7647094727,11.0,,,,,,,,4.6875,,-3.90625,
89.8449096296,139,1296,60600,42.2906947222,-83.7376691667,64.0,21.9400005341,1762.0,71.7647094727,11.0,,,,,,,,4.6875,,-3.90625,
89.8449096296,139,1296,61000,42.2910608333,-83.7373108333,64.0,21.9400005341,1762.0,71.7647094727,11.0,,,,,,,,4.6875,,-3.90625,
89.8449096296,139,1296,61600,42.2910608333,-83.7373108333,66.0,21.9400005341,1762.0,71.7647094727,11.0,,,,,,,,4.6875,,-3.90625,
89.8449096296,139,1296,63000,42.2910608333,-83.7373108333,68.0,5.23999977112,1430.0,71.7647094727,11.0,,,,,,,,4.6875,,-3.90625,
89.8449096296,139,1296,63200,42.2910608333,-83.7373108333,68.0,5.23999977112,1430.0,18.8235301971,11.0,,,,,,,,0.78125,,-3.90625,
89.8449096296,139,1296,65000,42.2915683333,-83.7367630556,68.0,5.23999977112,1430.0,18.8235301971,11.0,,,,,,,,0.78125,,-3.90625,
89.8449096296,139,1296,65100,42.2915683333,-83.7367630556,68.0,8.89999961853,1282.0,18.8235301971,11.0,,,,,,,,0.78125,,-3.90625,
89.8449096296,139,1296,67100,42.2915683333,-83.7367630556,69.0,8.27000045776,1301.0,18.8235301971,11.0,,,,,,,,0.78125,,-3.90625,
89.8449096296,139,1296,68000,42.2920661111,-83.7363577778,69.0,8.27000045776,1301.0,18.8235301971,11.0,,,,,,,,0.78125,,-3.90625,
89.8449096296,139,1296,68500,42.2920661111,-83.7363577778,69.0,8.27000045776,1301.0,35.2941169739,11.0,,,,,,,,7.03125,,-3.90625,
89.8449096296,139,1296,69500,42.2920661111,-83.7363577778,69.0,8.47999954224,1298.0,35.2941169739,11.0,,,,,,,,7.03125,,-3.90625,
89.8449096296,139,1296,70600,42.2920661111,-83.7363577778,68.0,8.47999954224,1298.0,35.2941169739,11.0,,,,,,,,7.03125,,-3.90625,
89.8449096296,139,1296,70900,42.2925183333,-83.73594,68.0,8.47999954224,1298.0,35.2941169739,11.0,,,,,,,,7.03125,,-3.90625,
89.8449096296,139,1296,71600,42.2925183333,-83.73594,68.0,8.42000007629,1285.0,35.2941169739,11.0,,,,,,,,7.03125,,-3.90625,
89.8449096296,139,1296,72700,42.2925183333,-83.73594,67.0,8.42000007629,1285.0,35.2941169739,11.0,,,,,,,,7.03125,,-3.90625,
89.8449096296,139,1296,74000,42.2925183333,-83.73594,66.0,10.2299995422,1269.0,43.5294113159,11.0,,,,,,,,2.34375,,-3.90625,
89.8449096296,139,1296,74900,42.2930822222,-83.7353605556,66.0,10.2299995422,1269.0,43.5294113159,11.0,,,,,,,,2.34375,,-3.90625,
89.8449096296,139,1296,75100,42.2930822222,-83.7353605556,65.0,10.2299995422,1269.0,43.5294113159,11.0,,,,,,,,2.34375,,-3.90625,
89.8449096296,139,1296,76100,42.2930822222,-83.7353605556,65.0,17.2199993134,1665.0,43.5294113159,11.0,,,,,,,,2.34375,,-3.90625,
89.8449096296,139,1296,78000,42.2934533333,-83.7348902778,65.0,17.2199993134,1665.0,43.5294113159,11.0,,,,,,,,2.34375,,-3.90625,
89.8449096296,139,1296,78200,42.2934533333,-83.7348902778,66.0,15.8500003815,1695.0,43.5294113159,11.0,,,,,,,,2.34375,,-3.90625,
89.8449096296,139,1296,79000,42.2934533333,-83.7348902778,66.0,15.8500003815,1695.0,39.2156867981,11.0,,,,,,,,-0.78125,,-3.90625,
89.8449096296,139,1296,80600,42.2934533333,-83.7348902778,66.0,9.22999954224,1273.0,39.2156867981,11.0,,,,,,,,-0.78125,,-3.90625,
89.8449096296,139,1296,81000,42.2938119444,-83.7343905556,66.0,9.22999954224,1273.0,39.2156867981,11.0,,,,,,,,-0.78125,,-3.90625,
89.8449096296,139,1296,82700,42.2938119444,-83.7343905556,66.0,10.3299999237,1263.0,39.2156867981,11.0,,,,,,,,-0.78125,,-3.90625,
89.8449096296,139,1296,84300,42.2938119444,-83.7343905556,66.0,10.3299999237,1263.0,42.745098114,11.0,,,,,,,,1.5625,,-3.90625,
89.8449096296,139,1296,85000,42.2942777778,-83.7337236111,66.0,10.3299999237,1263.0,42.745098114,11.0,,,,,,,,1.5625,,-3.90625,
89.8449096296,139,1296,85200,42.2942777778,-83.7337236111,66.0,9.98999977112,1266.0,42.745098114,11.0,,,,,,,,1.5625,,-3.90625,
89.8449096296,139,1296,86300,42.2942777778,-83.7337236111,65.0,9.98999977112,1266.0,42.745098114,11.0,,,,,,,,1.5625,,-3.90625,
89.8449096296,139,1296,87400,42.2942777778,-83.7337236111,65.0,9.86999988556,1262.0,42.745098114,11.0,,,,,,,,1.5625,,-3.90625,
89.8449096296,139,1296,88000,42.2946452778,-83.733205,65.0,9.86999988556,1262.0,42.745098114,11.0,,,,,,,,1.5625,,-3.90625,
89.8449096296,139,1296,88500,42.2946452778,-83.733205,65.0,9.86999988556,1262.0,42.745098114,11.0,,,,,,,,1.5625,,1.5625,
89.8449096296,139,1296,89300,42.2946452778,-83.733205,65.0,9.86999988556,1262.0,47.0588226318,11.0,,,,,,,,1.5625,,1.5625,
89.8449096296,139,1296,89400,42.2946452778,-83.733205,65.0,11.5100002289,1279.0,47.0588226318,11.0,,,,,,,,1.5625,,1.5625,
89.8449096296,139,1296,90900,42.2949972222,-83.7326955556,65.0,11.5100002289,1279.0,47.0588226318,11.0,,,,,,,,1.5625,,1.5625,
89.8449096296,139,1296,91400,42.2949972222,-83.7326955556,66.0,12.0799999237,1350.0,47.0588226318,11.0,,,,,,,,1.5625,,1.5625,
89.8449096296,139,1296,93500,42.2949972222,-83.7326955556,66.0,12.25,1369.0,47.0588226318,11.0,,,,,,,,1.5625,,1.5625,
89.8449096296,139,1296,94000,42.2953938889,-83.7322202778,66.0,12.25,1369.0,47.0588226318,11.0,,,,,,,,1.5625,,1.5625,
89.8449096296,139,1296,94500,42.2953938889,-83.7322202778,66.0,12.25,1369.0,48.235294342,11.0,,,,,,,,4.6875,,1.5625,
89.8449096296,139,1296,95600,42.2953938889,-83.7322202778,66.0,14.4300003052,1564.0,48.235294342,11.0,,,,,,,,4.6875,,1.5625,
89.8449096296,139,1296,96900,42.2953938889,-83.7322202778,65.0,14.4300003052,1564.0,48.235294342,11.0,,,,,,,,4.6875,,1.5625,
89.8449096296,139,1296,97000,42.2957575,-83.7317163889,65.0,14.4300003052,1564.0,48.235294342,11.0,,,,,,,,4.6875,,1.5625,
89.8449096296,139,1296,98000,42.2957575,-83.7317163889,65.0,14.720000267,1578.0,48.235294342,11.0,,,,,,,,4.6875,,1.5625,
89.8449096296,139,1296,100100,42.2957575,-83.7317163889,64.0,14.8500003815,1580.0,50.1960792542,11.0,,,,,,,,2.34375,,1.5625,
89.8449096296,139,1296,100900,42.2961902778,-83.7310452778,64.0,14.8500003815,1580.0,50.1960792542,11.0,,,,,,,,2.34375,,1.5625,
89.8449096296,139,1296,102500,42.2961902778,-83.7310452778,65.0,21.8899993896,1798.0,50.1960792542,11.0,,,,,,,,2.34375,,1.5625,
89.8449096296,139,1296,104000,42.2964544444,-83.7305047222,65.0,21.8899993896,1798.0,50.1960792542,11.0,,,,,,,,2.34375,,1.5625,
89.8449096296,139,1296,104500,42.2964544444,-83.7305047222,66.0,23.9599990845,1870.0,50.1960792542,11.0,,,,,,,,2.34375,,1.5625,
89.8449096296,139,1296,105600,42.2964544444,-83.7305047222,66.0,23.9599990845,1870.0,64.3137283325,11.0,,,,,,,,4.6875,,1.5625,
89.8449096296,139,1296,106600,42.2964544444,-83.7305047222,66.0,23.8799991608,1908.0,64.3137283325,11.0,,,,,,,,4.6875,,1.5625,
89.8449096296,139,1296,106900,42.2967108333,-83.72994,66.0,23.8799991608,1908.0,64.3137283325,11.0,,,,,,,,4.6875,,1.5625,
89.8449096296,139,1296,108000,42.2967108333,-83.72994,67.0,23.8799991608,1908.0,64.3137283325,11.0,,,,,,,,4.6875,,1.5625,
89.8449096296,139,1296,109000,42.2967108333,-83.72994,68.0,14.6899995804,1605.0,64.3137283325,11.0,,,,,,,,4.6875,,1.5625,
89.8449096296,139,1296,110600,42.2967108333,-83.72994,68.0,14.6899995804,1605.0,47.8431396484,11.0,,,,,,,,0.78125,,1.5625,
89.8449096296,139,1296,110900,42.2971116667,-83.7291822222,68.0,14.6899995804,1605.0,47.8431396484,11.0,,,,,,,,0.78125,,1.5625,
89.8449096296,139,1296,111100,42.2971116667,-83.7291822222,68.0,13.3400001526,1426.0,47.8431396484,11.0,,,,,,,,0.78125,,1.5625,
89.8449096296,139,1296,112100,42.2971116667,-83.7291822222,69.0,13.3400001526,1426.0,47.8431396484,11.0,,,,,,,,0.78125,,1.5625,
89.8449096296,139,1296,113500,42.2971116667,-83.7291822222,69.0,10.7399997711,1331.0,47.8431396484,11.0,,,,,,,,0.78125,,1.5625,
89.8449096296,139,1296,114000,42.2973969444,-83.7286202778,69.0,10.7399997711,1331.0,47.8431396484,11.0,,,,,,,,0.78125,,1.5625,
89.8449096296,139,1296,114500,42.2973969444,-83.7286202778,70.0,10.7399997711,1331.0,47.8431396484,11.0,,,,,,,,0.78125,,1.5625,
89.8449096296,139,1296,115600,42.2973969444,-83.7286202778,70.0,9.39000034332,1325.0,36.8627471924,11.0,,,,,,,,-3.125,,1.5625,
89.8449096296,139,1296,116000,42.2973969444,-83.7286202778,70.0,9.39000034332,1325.0,36.8627471924,11.0,,,,,,,,-3.125,,1.5625,
89.8449096296,139,1296,116900,42.2976855556,-83.7280602778,70.0,9.39000034332,1325.0,36.8627471924,11.0,,,,,,,,-3.125,,1.5625,
89.8449096296,139,1296,117700,42.2976855556,-83.7280602778,71.0,9.67000007629,1330.0,36.8627471924,11.0,,,,,,,,-3.125,,1.5625,
89.8449096296,139,1296,119600,42.2976855556,-83.7280602778,71.0,10.0600004196,1337.0,36.8627471924,11.0,,,,,,,,-3.125,,1.5625,
89.8449096296,139,1296,120000,42.2979933333,-83.7275097222,71.0,10.0600004196,1337.0,36.8627471924,11.0,,,,,,,,-3.125,,1.5625,
89.8449096296,139,1296,120700,42.2979933333,-83.7275097222,71.0,10.0600004196,1337.0,38.4313735962,11.0,,,,,,,,3.90625,,1.5625,
89.8449096296,139,1296,121500,42.2979933333,-83.7275097222,72.0,10.0600004196,1337.0,38.4313735962,11.0,,,,,,,,3.90625,,1.5625,
89.8449096296,139,1296,121700,42.2979933333,-83.7275097222,72.0,9.46000003815,1332.0,38.4313735962,11.0,,,,,,,,3.90625,,1.5625,
89.8449096296,139,1296,122500,42.2979933333,-83.7275097222,71.0,9.46000003815,1332.0,38.4313735962,11.0,,,,,,,,3.90625,,1.5625,
89.8449096296,139,1296,123600,42.2979933333,-83.7275097222,70.0,9.46000003815,1332.0,38.4313735962,11.0,,,,,,,,3.90625,,1.5625,
89.8449096296,139,1296,123700,42.2979933333,-83.7275097222,70.0,8.14000034332,1318.0,38.4313735962,11.0,,,,,,,,3.90625,,1.5625,
89.8449096296,139,1296,123900,42.2984341667,-83.7268597222,70.0,8.14000034332,1318.0,38.4313735962,11.0,,,,,,,,3.90625,,1.5625,
89.8449096296,139,1296,124700,42.2984341667,-83.7268597222,69.0,8.14000034332,1318.0,38.4313735962,11.0,,,,,,,,3.90625,,1.5625,
89.8449096296,139,1296,125800,42.2984341667,-83.7268597222,68.0,7.01999998093,1299.0,25.882352829,11.0,,,,,,,,2.34375,,1.5625,
89.8449096296,139,1296,126800,42.2984341667,-83.7268597222,67.0,7.01999998093,1299.0,25.882352829,11.0,,,,,,,,2.34375,,1.5625,
89.8449096296,139,1296,127000,42.2987841667,-83.7264,67.0,7.01999998093,1299.0,25.882352829,11.0,,,,,,,,2.34375,,1.5625,
89.8449096296,139,1296,127800,42.2987841667,-83.7264,67.0,8.84000015259,1277.0,25.882352829,11.0,,,,,,,,2.34375,,1.5625,
89.8449096296,139,1296,128300,42.2987841667,-83.7264,66.0,8.84000015259,1277.0,25.882352829,11.0,,,,,,,,2.34375,,1.5625,
89.8449096296,139,1296,129900,42.2987841667,-83.7264,66.0,8.55000019073,1271.0,25.882352829,11.0,,,,,,,,2.34375,,1.5625,
89.8449096296,139,1296,130000,42.2990102778,-83.7258922222,66.0,8.55000019073,1271.0,25.882352829,11.0,,,,,,,,2.34375,,1.5625,
89.8449096296,139,1296,130400,42.2990102778,-83.7258922222,65.0,8.55000019073,1271.0,25.882352829,11.0,,,,,,,,2.34375,,1.5625,
89.8449096296,139,1296,131000,42.2990102778,-83.7258922222,65.0,8.55000019073,1271.0,39.6078453064,11.0,,,,,,,,3.125,,1.5625,
89.8449096296,139,1296,131400,42.2990102778,-83.7258922222,64.0,8.55000019073,1271.0,39.6078453064,11.0,,,,,,,,3.125,,1.5625,
89.8449096296,139,1296,132000,42.2990102778,-83.7258922222,64.0,9.39000034332,1250.0,39.6078453064,11.0,,,,,,,,3.125,,1.5625,
89.8449096296,139,1296,133000,42.2991725,-83.7252786111,64.0,9.39000034332,1250.0,39.6078453064,11.0,,,,,,,,3.125,,1.5625,
89.8449096296,139,1296,134400,42.2991725,-83.7252786111,64.0,12.0600004196,1249.0,39.6078453064,11.0,,,,,,,,3.125,,1.5625,
89.8449096296,139,1296,134600,42.2991725,-83.7252786111,63.0,12.0600004196,1249.0,39.6078453064,11.0,,,,,,,,3.125,,1.5625,
89.8449096296,139,1296,135900,42.2992719444,-83.7246252778,63.0,12.0600004196,1249.0,39.6078453064,11.0,,,,,,,,3.125,,1.5625,
89.8449096296,139,1296,136500,42.2992719444,-83.7246252778,63.0,11.8599996567,1278.0,49.8039207458,11.0,,,,,,,,5.46875,,1.5625,
89.8449096296,139,1296,137800,42.2992719444,-83.7246252778,62.0,11.8599996567,1278.0,49.8039207458,11.0,,,,,,,,5.46875,,1.5625,
89.8449096296,139,1296,138600,42.2992719444,-83.7246252778,62.0,11.8000001907,1297.0,49.8039207458,11.0,,,,,,,,5.46875,,1.5625,
89.8449096296,139,1296,139900,42.2993061111,-83.7237283333,62.0,11.8000001907,1297.0,49.8039207458,11.0,,,,,,,,5.46875,,1.5625,
89.8449096296,139,1296,140200,42.2993061111,-83.7237283333,61.0,11.8000001907,1297.0,49.8039207458,11.0,,,,,,,,5.46875,,1.5625,
89.8449096296,139,1296,141000,42.2993061111,-83.7237283333,61.0,17.4699993134,1688.0,49.8039207458,11.0,,,,,,,,5.46875,,1.5625,
89.8449096296,139,1296,141500,42.2993061111,-83.7237283333,61.0,17.4699993134,1688.0,52.5490188599,11.0,,,,,,,,3.90625,,1.5625,
89.8449096296,139,1296,143000,42.2992741667,-83.7231711111,61.0,17.4699993134,1688.0,52.5490188599,11.0,,,,,,,,3.90625,,1.5625,
89.8449096296,139,1296,143100,42.2992741667,-83.7231711111,61.0,17.4300003052,1690.0,52.5490188599,11.0,,,,,,,,3.90625,,1.5625,
89.8449096296,139,1296,143300,42.2992741667,-83.7231711111,62.0,17.4300003052,1690.0,52.5490188599,11.0,,,,,,,,3.90625,,1.5625,
89.8449096296,139,1296,145500,42.2992741667,-83.7231711111,62.0,14.0100002289,1540.0,52.5490188599,11.0,,,,,,,,3.90625,,1.5625,
89.8449096296,139,1296,146000,42.2990691667,-83.7226766667,62.0,14.0100002289,1540.0,52.5490188599,11.0,,,,,,,,3.90625,,1.5625,
89.8449096296,139,1296,146600,42.2990691667,-83.7226766667,62.0,14.0100002289,1540.0,32.9411773682,11.0,,,,,,,,-0.78125,,1.5625,
89.8449096296,139,1296,147500,42.2990691667,-83.7226766667,62.0,9.22999954224,1227.0,32.9411773682,11.0,,,,,,,,-0.78125,,1.5625,
89.8449096296,139,1296,147800,42.2990691667,-83.7226766667,61.0,9.22999954224,1227.0,32.9411773682,11.0,,,,,,,,-0.78125,,1.5625,
89.8449096296,139,1296,148800,42.2990691667,-83.7226766667,60.0,9.22999954224,1227.0,32.9411773682,11.0,,,,,,,,-0.78125,,1.5625,
89.8449096296,139,1296,149000,42.2987119444,-83.7221708333,60.0,9.22999954224,1227.0,32.9411773682,11.0,,,,,,,,-0.78125,,-3.90625,
89.8449096296,139,1296,149600,42.2987119444,-83.7221708333,60.0,8.11999988556,1213.0,32.9411773682,11.0,,,,,,,,-0.78125,,-3.90625,
89.8449096296,139,1296,151500,42.2987119444,-83.7221708333,56.0,8.11999988556,1213.0,32.9411773682,11.0,,,,,,,,-0.78125,,-3.90625,
89.8449096296,139,1296,151600,42.2987119444,-83.7221708333,56.0,3.67000007629,1338.0,13.7254905701,11.0,,,,,,,,-3.90625,,-3.90625,
89.8449096296,139,1296,151900,42.2983627778,-83.7217327778,56.0,3.67000007629,1338.0,13.7254905701,11.0,,,,,,,,-3.90625,,-3.90625,
89.8449096296,139,1296,152600,42.2983627778,-83.7217327778,54.0,3.67000007629,1338.0,13.7254905701,11.0,,,,,,,,-3.90625,,-3.90625,
89.8449096296,139,1296,153600,42.2983627778,-83.7217327778,52.0,3.53999996185,1337.0,13.7254905701,11.0,,,,,,,,-3.90625,,-3.90625,
89.8449096296,139,1296,154700,42.2983627778,-83.7217327778,50.0,3.53999996185,1337.0,13.7254905701,11.0,,,,,,,,-3.90625,,-3.90625,
89.8449096296,139,1296,155900,42.297975,-83.7211594444,50.0,3.53999996185,1337.0,13.7254905701,11.0,,,,,,,,-3.90625,,-3.90625,
89.8449096296,139,1296,156000,42.297975,-83.7211594444,44.0,3.45000004768,1300.0,13.7254905701,11.0,,,,,,,,-3.90625,,-3.90625,
89.8449096296,139,1296,156600,42.297975,-83.7211594444,44.0,3.45000004768,1300.0,13.3333339691,11.0,,,,,,,,0.0,,-3.90625,
89.8449096296,139,1296,157200,42.297975,-83.7211594444,38.0,3.45000004768,1300.0,13.3333339691,11.0,,,,,,,,0.0,,-3.90625,
89.8449096296,139,1296,158300,42.297975,-83.7211594444,32.0,4.51000022888,1303.0,13.3333339691,11.0,,,,,,,,0.0,,-3.90625,
89.8449096296,139,1296,158900,42.2979119444,-83.7208208333,32.0,4.51000022888,1303.0,13.3333339691,11.0,,,,,,,,0.0,,-3.90625,
89.8449096296,139,1296,159400,42.2979119444,-83.7208208333,26.0,4.51000022888,1303.0,13.3333339691,11.0,,,,,,,,0.0,,-3.90625,
89.8449096296,139,1296,160500,42.2979119444,-83.7208208333,20.0,3.98000001907,1209.0,13.3333339691,11.0,,,,,,,,0.0,,-3.90625,
89.8449096296,139,1296,162000,42.2979044444,-83.7206019444,13.0,3.98000001907,1209.0,19.607843399,11.0,,,,,,,,-3.125,,-3.90625,
89.8449096296,139,1296,162400,42.2979044444,-83.7206019444,13.0,3.47000002861,979.0,19.607843399,11.0,,,,,,,,-3.125,,-3.90625,
89.8449096296,139,1296,163100,42.2979044444,-83.7206019444,9.0,3.47000002861,979.0,19.607843399,11.0,,,,,,,,-3.125,,-3.90625,
89.8449096296,139,1296,164100,42.2979044444,-83.7206019444,5.0,3.47000002861,979.0,19.607843399,11.0,,,,,,,,-3.125,,-3.90625,
89.8449096296,139,1296,164400,42.2979044444,-83.7206019444,5.0,3.31999993324,786.0,19.607843399,11.0,,,,,,,,-3.125,,-3.90625,
89.8449096296,139,1296,165200,42.2979044444,-83.7206019444,2.0,3.31999993324,788.0,19.607843399,11.0,,,,,,,,-3.125,,-3.90625,
89.8449096296,139,1296,165300,42.2979044444,-83.7206019444,2.0,3.11999988556,788.0,19.607843399,11.0,,,,,,,,-3.125,,-3.90625,
89.8449096296,139,1296,165400,42.2979044444,-83.7206019444,2.0,3.11999988556,788.0,20.7843132019,11.0,,,,,,,,-3.125,,-3.90625,
89.8449096296,139,1296,166000,42.2979044444,-83.7206019444,2.0,3.11999988556,788.0,20.7843132019,11.0,,,,,,,,0.78125,,-3.90625,
89.8449096296,139,1296,166600,42.2979044444,-83.7206019444,2.0,3.11999988556,788.0,20.7843132019,11.0,,,,,,,,0.78125,,-2.34375,
89.8449096296,139,1296,167200,42.2979044444,-83.7206019444,0.0,3.11999988556,788.0,20.7843132019,11.0,,,,,,,,0.78125,,-2.34375,
89.8449096296,139,1296,169200,42.2979044444,-83.7206019444,0.0,3.11999988556,761.0,20.7843132019,11.0,,,,,,,,0.78125,,-2.34375,
89.8449096296,139,1296,170400,42.2979044444,-83.7206019444,0.0,3.21000003815,761.0,21.1764717102,11.0,,,,,,,,0.78125,,-2.34375,
89.8449096296,139,1296,171700,42.2979044444,-83.7206019444,0.0,3.21000003815,757.0,21.1764717102,11.0,,,,,,,,0.78125,,-2.34375,
89.8449096296,139,1296,173600,42.2979044444,-83.7206019444,0.0,3.21000003815,758.0,21.1764717102,11.0,,,,,,,,0.78125,,-2.34375,
89.8449096296,139,1296,175600,42.2979044444,-83.7206019444,0.0,3.04999995232,753.0,20.7843132019,11.0,,,,,,,,0.78125,,-2.34375,
89.8449096296,139,1296,176100,42.2979044444,-83.7206019444,0.0,3.04999995232,753.0,20.7843132019,11.0,,,,,,,,-2.34375,,-2.34375,
89.8449096296,139,1296,178000,42.2979044444,-83.7206019444,0.0,3.04999995232,743.0,20.7843132019,11.0,,,,,,,,-2.34375,,-2.34375,
89.8449096296,139,1296,180000,42.2979044444,-83.7206019444,0.0,3.04999995232,730.0,20.7843132019,11.0,,,,,,,,-2.34375,,-2.34375,
89.8449096296,139,1296,180600,42.2979044444,-83.7206019444,0.0,2.88000011444,730.0,20.392156601,11.0,,,,,,,,-2.34375,,-2.34375,
89.8449096296,139,1296,181600,42.2979044444,-83.7206019444,0.0,2.88000011444,730.0,20.392156601,11.0,,,,,,,,-3.125,,-2.34375,
89.8449096296,139,1296,182200,42.2979044444,-83.7206019444,0.0,2.88000011444,725.0,20.392156601,11.0,,,,,,,,-3.125,,-2.34375,
89.8449096296,139,1296,184200,42.2979044444,-83.7206019444,0.0,2.88000011444,735.0,20.392156601,11.0,,,,,,,,-3.125,,-2.34375,
89.8449096296,139,1296,186100,42.2979044444,-83.7206019444,0.0,3.82999992371,735.0,23.9215698242,11.0,,,,,,,,-3.125,,-2.34375,
89.8449096296,139,1296,186200,42.2979044444,-83.7206019444,0.0,3.82999992371,773.0,23.9215698242,11.0,,,,,,,,-3.125,,-2.34375,
89.8449096296,139,1296,186600,42.2979044444,-83.7206019444,0.0,3.82999992371,773.0,23.9215698242,11.0,,,,,,,,-2.34375,,-2.34375,
89.8449096296,139,1296,188500,42.2979044444,-83.7206019444,0.0,3.82999992371,761.0,23.9215698242,11.0,,,,,,,,-2.34375,,-2.34375,
89.8449096296,139,1296,191700,42.2979044444,-83.7206019444,0.0,3.05999994278,761.0,20.392156601,11.0,,,,,,,,0.0,,-2.34375,
89.8449096296,139,1296,192000,42.2979208333,-83.7207252778,0.0,3.05999994278,761.0,20.392156601,11.0,,,,,,,,0.0,,-2.34375,
89.8449096296,139,1296,192900,42.2979208333,-83.7207252778,0.0,3.05999994278,749.0,20.392156601,11.0,,,,,,,,0.0,,-2.34375,
89.8449096296,139,1296,196700,42.2979208333,-83.7207252778,0.0,3.00999999046,749.0,20.7843132019,11.0,,,,,,,,-3.125,,-2.34375,
89.8449096296,139,1296,197300,42.2979208333,-83.7207252778,0.0,3.00999999046,748.0,20.7843132019,11.0,,,,,,,,-3.125,,-2.34375,
89.8449096296,139,1296,199500,42.2979208333,-83.7207252778,0.0,3.00999999046,752.0,20.7843132019,11.0,,,,,,,,-3.125,,-2.34375,
89.8449096296,139,1296,201600,42.2979208333,-83.7207252778,0.0,3.00999999046,747.0,20.7843132019,11.0,,,,,,,,-3.125,,-2.34375,
89.8449096296,139,1296,201700,42.2979208333,-83.7207252778,0.0,3.0,747.0,20.7843132019,11.0,,,,,,,,-1.5625,,-2.34375,
89.8449096296,139,1296,203700,42.2979208333,-83.7207252778,0.0,3.0,751.0,20.7843132019,11.0,,,,,,,,-1.5625,,-2.34375,
89.8449096296,139,1296,206100,42.2979208333,-83.7207252778,0.0,3.0,748.0,20.7843132019,11.0,,,,,,,,-1.5625,,-2.34375,
89.8449096296,139,1296,207100,42.2979208333,-83.7207252778,0.0,3.15000009537,748.0,20.7843132019,11.0,,,,,,,,0.0,,-2.34375,
89.8449096296,139,1296,208200,42.2979208333,-83.7207252778,0.0,3.15000009537,746.0,20.7843132019,11.0,,,,,,,,0.0,,-2.34375,
89.8449096296,139,1296,210000,42.2978786111,-83.7206883333,0.0,3.15000009537,746.0,20.7843132019,11.0,,,,,,,,0.0,,-2.34375,
89.8449096296,139,1296,210600,42.2978786111,-83.7206883333,0.0,3.15000009537,1068.0,20.7843132019,11.0,,,,,,,,0.0,,-2.34375,
89.8449096296,139,1296,210900,42.2978786111,-83.7206883333,0.0,3.15000009537,1896.0,20.7843132019,11.0,,,,,,,,0.0,,-2.34375,
89.8449096296,139,1296,211000,42.2978786111,-83.7206883333,0.0,16.2999992371,1896.0,43.5294113159,11.0,,,,,,,,0.0,,-2.34375,
89.8449096296,139,1296,211700,42.2978786111,-83.7206883333,0.0,16.2999992371,1896.0,43.5294113159,11.0,,,,,,,,0.78125,,-2.34375,
89.8449096296,139,1296,212300,42.2978786111,-83.7206883333,0.0,16.2999992371,1896.0,43.5294113159,11.0,,,,,,,,0.78125,,0.78125,
89.8449096296,139,1296,212800,42.2978786111,-83.7206883333,17.0,16.2999992371,1896.0,43.5294113159,11.0,,,,,,,,0.78125,,0.78125,
89.8449096296,139,1296,212900,42.2978786111,-83.7206883333,17.0,16.2999992371,1939.0,43.5294113159,11.0,,,,,,,,0.78125,,0.78125,
89.8449096296,139,1296,213000,42.2978611111,-83.7206227778,17.0,20.9699993134,1939.0,43.5294113159,11.0,,,,,,,,0.78125,,0.78125,
89.8449096296,139,1296,213800,42.2978611111,-83.7206227778,23.0,20.9699993134,1939.0,43.5294113159,11.0,,,,,,,,0.78125,,0.78125,
89.8449096296,139,1296,214900,42.2978611111,-83.7206227778,23.0,20.9699993134,2124.0,43.5294113159,11.0,,,,,,,,0.78125,,0.78125,
89.8449096296,139,1296,215000,42.2978611111,-83.7206227778,23.0,24.5400009155,2124.0,43.5294113159,11.0,,,,,,,,0.78125,,0.78125,
89.8449096296,139,1296,215900,42.2978611111,-83.7206227778,28.0,24.5400009155,2124.0,43.5294113159,11.0,,,,,,,,0.78125,,0.78125,
89.8449096296,139,1296,216100,42.2978611111,-83.7206227778,28.0,24.5400009155,2124.0,60.3921585083,11.0,,,,,,,,0.78125,,0.78125,
89.8449096296,139,1296,217000,42.2978525,-83.7203125,28.0,24.5400009155,2124.0,60.3921585083,11.0,,,,,,,,0.78125,,0.78125,
89.8449096296,139,1296,217300,42.2978525,-83.7203125,33.0,25.2900009155,2193.0,60.3921585083,11.0,,,,,,,,0.78125,,0.78125,
89.8449096296,139,1296,218300,42.2978525,-83.7203125,39.0,25.2900009155,2193.0,60.3921585083,11.0,,,,,,,,0.78125,,0.78125,
89.8449096296,139,1296,219300,42.2978525,-83.7203125,39.0,22.9099998474,1992.0,60.3921585083,11.0,,,,,,,,0.78125,,0.78125,
89.8449096296,139,1296,219400,42.2978525,-83.7203125,42.0,22.9099998474,1992.0,60.3921585083,11.0,,,,,,,,0.78125,,0.78125,
89.8449096296,139,1296,220000,42.2979269444,-83.7199175,42.0,22.9099998474,1992.0,60.3921585083,11.0,,,,,,,,0.78125,,0.78125,
89.8449096296,139,1296,220400,42.2979269444,-83.7199175,45.0,22.9099998474,1992.0,60.3921585083,11.0,,,,,,,,0.78125,,0.78125,
89.8449096296,139,1296,221200,42.2979269444,-83.7199175,45.0,22.9099998474,1992.0,70.5882339478,11.0,,,,,,,,0.78125,,0.78125,
89.8449096296,139,1296,221300,42.2979269444,-83.7199175,45.0,23.3899993896,1684.0,70.5882339478,11.0,,,,,,,,0.78125,,0.78125,
89.8449096296,139,1296,221400,42.2979269444,-83.7199175,48.0,23.3899993896,1684.0,70.5882339478,11.0,,,,,,,,0.78125,,0.78125,
89.8449096296,139,1296,221800,42.2979269444,-83.7199175,48.0,23.3899993896,1684.0,70.5882339478,11.0,,,,,,,,4.6875,,0.78125,
89.8449096296,139,1296,222800,42.2979269444,-83.7199175,50.0,23.3899993896,1684.0,70.5882339478,11.0,,,,,,,,4.6875,,0.78125,
89.8449096296,139,1296,223000,42.2980416667,-83.7194361111,50.0,23.3899993896,1684.0,70.5882339478,11.0,,,,,,,,4.6875,,0.78125,
89.8449096296,139,1296,223600,42.2980416667,-83.7194361111,50.0,23.0400009155,1733.0,70.5882339478,11.0,,,,,,,,4.6875,,0.78125,
89.8449096296,139,1296,223800,42.2980416667,-83.7194361111,53.0,23.0400009155,1733.0,70.5882339478,11.0,,,,,,,,4.6875,,0.78125,
89.8449096296,139,1296,224900,42.2980416667,-83.7194361111,55.0,23.0400009155,1733.0,70.5882339478,11.0,,,,,,,,4.6875,,0.78125,
89.8449096296,139,1296,225700,42.2980416667,-83.7194361111,55.0,18.8799991608,1723.0,70.5882339478,11.0,,,,,,,,4.6875,,0.78125,
89.8449096296,139,1296,225900,42.2981808333,-83.7189033333,59.0,18.8799991608,1723.0,70.5882339478,11.0,,,,,,,,4.6875,,0.78125,
89.8449096296,139,1296,226700,42.2981808333,-83.7189033333,59.0,18.8799991608,1723.0,48.235294342,11.0,,,,,,,,4.6875,,0.78125,
89.8449096296,139,1296,226800,42.2981808333,-83.7189033333,59.0,18.8799991608,1723.0,48.235294342,11.0,,,,,,,,2.34375,,0.78125,
89.8449096296,139,1296,227800,42.2981808333,-83.7189033333,59.0,12.4499998093,1407.0,48.235294342,11.0,,,,,,,,2.34375,,0.78125,
89.8449096296,139,1296,229100,42.2983794444,-83.7182805556,59.0,12.4499998093,1407.0,48.235294342,11.0,,,,,,,,2.34375,,0.78125,
89.8449096296,139,1296,229400,42.2983794444,-83.7182805556,61.0,12.4499998093,1407.0,48.235294342,11.0,,,,,,,,2.34375,,0.78125,
89.8449096296,139,1296,229800,42.2983794444,-83.7182805556,61.0,7.38000011444,1225.0,48.235294342,11.0,,,,,,,,2.34375,,0.78125,
89.8449096296,139,1296,230500,42.2983794444,-83.7182805556,62.0,7.38000011444,1225.0,48.235294342,11.0,,,,,,,,2.34375,,0.78125,
89.8449096296,139,1296,231700,42.2983794444,-83.7182805556,62.0,7.38000011444,1225.0,32.5490188599,11.0,,,,,,,,2.34375,,0.78125,
89.8449096296,139,1296,231800,42.2983794444,-83.7182805556,62.0,6.07000017166,1245.0,32.5490188599,11.0,,,,,,,,0.0,,0.78125,
89.8449096296,139,1296,232100,42.2986183333,-83.7176675,62.0,6.07000017166,1245.0,32.5490188599,11.0,,,,,,,,0.0,,0.78125,
89.8449096296,139,1296,232700,42.2986183333,-83.7176675,63.0,6.07000017166,1245.0,32.5490188599,11.0,,,,,,,,0.0,,0.78125,
89.8449096296,139,1296,234200,42.2986183333,-83.7176675,64.0,6.44999980927,1250.0,32.5490188599,11.0,,,,,,,,0.0,,0.78125,
89.8449096296,139,1296,235200,42.2986183333,-83.7176675,66.0,6.44999980927,1250.0,32.5490188599,11.0,,,,,,,,0.0,,0.78125,
89.8449096296,139,1296,236000,42.2988936111,-83.7169233333,66.0,6.44999980927,1250.0,32.5490188599,11.0,,,,,,,,0.0,,0.78125,
89.8449096296,139,1296,236100,42.2988936111,-83.7169233333,66.0,6.44999980927,1250.0,32.5490188599,11.0,,,,,,,,0.0,,0.78125,
89.8449096296,139,1296,236200,42.2988936111,-83.7169233333,66.0,6.53999996185,1271.0,32.5490188599,11.0,,,,,,,,0.0,,0.78125,
89.8449096296,139,1296,237100,42.2988936111,-83.7169233333,66.0,6.53999996185,1271.0,38.8235282898,11.0,,,,,,,,6.25,,0.78125,
89.8449096296,139,1296,237300,42.2988936111,-83.7169233333,67.0,6.53999996185,1271.0,38.8235282898,11.0,,,,,,,,6.25,,0.78125,
89.8449096296,139,1296,238200,42.2988936111,-83.7169233333,67.0,8.38000011444,1278.0,38.8235282898,11.0,,,,,,,,6.25,,0.78125,
89.8449096296,139,1296,238900,42.2991347222,-83.7163605556,67.0,8.38000011444,1278.0,38.8235282898,11.0,,,,,,,,6.25,,0.78125,
89.8449096296,139,1296,240400,42.2991347222,-83.7163605556,67.0,8.84000015259,1280.0,38.8235282898,11.0,,,,,,,,6.25,,0.78125,
89.8449096296,139,1296,241500,42.2991347222,-83.7163605556,66.0,8.84000015259,1280.0,38.8235282898,11.0,,,,,,,,6.25,,0.78125,
89.8449096296,139,1296,242000,42.2994052778,-83.7158688889,66.0,8.84000015259,1280.0,38.8235282898,11.0,,,,,,,,6.25,,0.78125,
89.8449096296,139,1296,242300,42.2994052778,-83.7158688889,66.0,8.84000015259,1280.0,38.8235282898,11.0,,,,,,,,3.125,,0.78125,
89.8449096296,139,1296,242900,42.2994052778,-83.7158688889,65.0,9.0,1261.0,38.8235282898,11.0,,,,,,,,3.125,,0.78125,
89.8449096296,139,1296,243900,42.2994052778,-83.7158688889,64.0,9.0,1261.0,38.8235282898,11.0,,,,,,,,3.125,,0.78125,
89.8449096296,139,1296,245000,42.2996880556,-83.7153469444,64.0,9.0,1261.0,38.8235282898,11.0,,,,,,,,3.125,,0.78125,
89.8449096296,139,1296,245300,42.2996880556,-83.7153469444,63.0,10.2299995422,1229.0,38.8235282898,11.0,,,,,,,,3.125,,0.78125,
89.8449096296,139,1296,246300,42.2996880556,-83.7153469444,62.0,10.2299995422,1229.0,38.8235282898,11.0,,,,,,,,3.125,,0.78125,
89.8449096296,139,1296,247200,42.2996880556,-83.7153469444,62.0,9.93999958038,1226.0,38.8235282898,11.0,,,,,,,,3.125,,0.78125,
89.8449096296,139,1296,247300,42.2996880556,-83.7153469444,62.0,9.93999958038,1226.0,44.7058830261,11.0,,,,,,,,0.0,,0.78125,
89.8449096296,139,1296,248000,42.2999925,-83.7148875,62.0,9.93999958038,1226.0,44.7058830261,11.0,,,,,,,,0.0,,0.78125,
89.8449096296,139,1296,249200,42.2999925,-83.7148875,62.0,10.029999733,1237.0,44.7058830261,11.0,,,,,,,,0.0,,0.78125,
89.8449096296,139,1296,249400,42.2999925,-83.7148875,61.0,10.029999733,1237.0,44.7058830261,11.0,,,,,,,,0.0,,0.78125,
89.8449096296,139,1296,250900,42.3002675,-83.7144225,61.0,10.029999733,1237.0,44.7058830261,11.0,,,,,,,,0.0,,0.78125,
89.8449096296,139,1296,251600,42.3002675,-83.7144225,61.0,4.21999979019,1243.0,44.7058830261,11.0,,,,,,,,0.0,,0.78125,
89.8449096296,139,1296,251800,42.3002675,-83.7144225,62.0,4.21999979019,1243.0,44.7058830261,11.0,,,,,,,,0.0,,0.78125,
89.8449096296,139,1296,252600,42.3002675,-83.7144225,62.0,4.21999979019,1243.0,14.9019613266,11.0,,,,,,,,-2.34375,,0.78125,
89.8449096296,139,1296,252800,42.3002675,-83.7144225,61.0,4.21999979019,1243.0,14.9019613266,11.0,,,,,,,,-2.34375,,0.78125,
89.8449096296,139,1296,253700,42.3002675,-83.7144225,61.0,3.06999993324,1376.0,14.9019613266,11.0,,,,,,,,-2.34375,,0.78125,
89.8449096296,139,1296,253900,42.3002675,-83.7144225,60.0,3.06999993324,1376.0,14.9019613266,11.0,,,,,,,,-2.34375,,0.78125,
89.8449096296,139,1296,254000,42.3005808333,-83.713995,60.0,3.06999993324,1376.0,14.9019613266,11.0,,,,,,,,-2.34375,,0.78125,
89.8449096296,139,1296,255700,42.3005808333,-83.713995,60.0,4.44999980927,1241.0,14.9019613266,11.0,,,,,,,,-2.34375,,0.78125,
89.8449096296,139,1296,256300,42.3005808333,-83.713995,59.0,4.44999980927,1241.0,14.9019613266,11.0,,,,,,,,-2.34375,,0.78125,
89.8449096296,139,1296,257600,42.3005808333,-83.713995,59.0,4.44999980927,1241.0,14.9019613266,11.0,,,,,,,,3.125,,0.78125,
89.8449096296,139,1296,258000,42.3010236111,-83.7134491667,59.0,4.44999980927,1241.0,14.9019613266,11.0,,,,,,,,3.125,,0.78125,
89.8449096296,139,1296,258100,42.3010236111,-83.7134491667,59.0,7.32000017166,1225.0,34.1176490784,11.0,,,,,,,,3.125,,0.78125,
89.8449096296,139,1296,258400,42.3010236111,-83.7134491667,61.0,7.32000017166,1225.0,34.1176490784,11.0,,,,,,,,3.125,,0.78125,
89.8449096296,139,1296,260200,42.3010236111,-83.7134491667,61.0,8.88000011444,1243.0,34.1176490784,11.0,,,,,,,,3.125,,0.78125,
89.8449096296,139,1296,260400,42.3010236111,-83.7134491667,62.0,8.88000011444,1243.0,34.1176490784,11.0,,,,,,,,3.125,,0.78125,
89.8449096296,139,1296,261000,42.3013236111,-83.7130086111,62.0,8.88000011444,1243.0,34.1176490784,11.0,,,,,,,,3.125,,0.78125,
89.8449096296,139,1296,261800,42.3013236111,-83.7130086111,63.0,8.88000011444,1243.0,34.1176490784,11.0,,,,,,,,3.125,,0.78125,
89.8449096296,139,1296,262600,42.3013236111,-83.7130086111,63.0,6.80999994278,1253.0,34.1176490784,11.0,,,,,,,,3.125,,0.78125,
89.8449096296,139,1296,262700,42.3013236111,-83.7130086111,63.0,6.80999994278,1253.0,34.1176490784,11.0,,,,,,,,-0.78125,,0.78125,
89.8449096296,139,1296,262800,42.3013236111,-83.7130086111,65.0,6.80999994278,1253.0,34.1176490784,11.0,,,,,,,,-0.78125,,0.78125,
89.8449096296,139,1296,263700,42.3013236111,-83.7130086111,65.0,6.80999994278,1253.0,31.372549057,11.0,,,,,,,,-0.78125,,0.78125,
89.8449096296,139,1296,264000,42.3016097222,-83.7124644444,65.0,6.80999994278,1253.0,31.372549057,11.0,,,,,,,,-0.78125,,0.78125,
89.8449096296,139,1296,264900,42.3016097222,-83.7124644444,65.0,7.65999984741,1264.0,31.372549057,11.0,,,,,,,,-0.78125,,0.78125,
89.8449096296,139,1296,266000,42.3016097222,-83.7124644444,66.0,7.65999984741,1264.0,31.372549057,11.0,,,,,,,,-0.78125,,0.78125,
89.8449096296,139,1296,267000,42.3018894444,-83.711905,66.0,8.21000003815,1270.0,31.372549057,11.0,,,,,,,,-0.78125,,0.78125,
89.8449096296,139,1296,267700,42.3018894444,-83.711905,66.0,8.21000003815,1270.0,31.372549057,11.0,,,,,,,,0.78125,,0.78125,
89.8449096296,139,1296,268700,42.3018894444,-83.711905,66.0,8.21000003815,1270.0,36.8627471924,11.0,,,,,,,,0.78125,,0.78125,
89.8449096296,139,1296,269000,42.3018894444,-83.711905,66.0,8.69999980927,1267.0,36.8627471924,11.0,,,,,,,,0.78125,,0.78125,
89.8449096296,139,1296,270000,42.3021283333,-83.7112522222,66.0,8.69999980927,1267.0,36.8627471924,11.0,,,,,,,,0.78125,,0.78125,
89.8449096296,139,1296,270700,42.3021283333,-83.7112522222,65.0,8.69999980927,1267.0,36.8627471924,11.0,,,,,,,,0.78125,,0.78125,
89.8449096296,139,1296,271000,42.3021283333,-83.7112522222,65.0,8.32999992371,1263.0,36.8627471924,11.0,,,,,,,,0.78125,,0.78125,
89.8449096296,139,1296,272700,42.3021283333,-83.7112522222,65.0,8.32999992371,1263.0,36.8627471924,11.0,,,,,,,,0.78125,,-3.125,
89.8449096296,139,1296,273200,42.3021283333,-83.7112522222,65.0,8.32999992371,1256.0,36.8627471924,11.0,,,,,,,,0.78125,,-3.125,
89.8449096296,139,1296,274000,42.3022777778,-83.7103416667,65.0,8.32999992371,1256.0,32.5490188599,11.0,,,,,,,,0.78125,,-3.125,
89.8449096296,139,1296,274200,42.3022777778,-83.7103416667,64.0,8.32999992371,1256.0,32.5490188599,11.0,,,,,,,,0.78125,,-3.125,
89.8449096296,139,1296,275200,42.3022777778,-83.7103416667,64.0,7.55999994278,1242.0,32.5490188599,11.0,,,,,,,,0.78125,,-3.125,
89.8449096296,139,1296,276300,42.3022777778,-83.7103416667,63.0,7.55999994278,1242.0,32.5490188599,11.0,,,,,,,,0.78125,,-3.125,
89.8449096296,139,1296,277000,42.3023402778,-83.7096741667,63.0,7.55999994278,1242.0,32.5490188599,11.0,,,,,,,,0.78125,,-3.125,
89.8449096296,139,1296,277700,42.3023402778,-83.7096741667,63.0,7.88000011444,1238.0,32.5490188599,11.0,,,,,,,,0.78125,,-3.125,
89.8449096296,139,1296,278500,42.3023402778,-83.7096741667,63.0,7.88000011444,1238.0,32.5490188599,11.0,,,,,,,,-2.34375,,-3.125,
89.8449096296,139,1296,278700,42.3023402778,-83.7096741667,62.0,7.88000011444,1238.0,32.5490188599,11.0,,,,,,,,-2.34375,,-3.125,
89.8449096296,139,1296,279500,42.3023402778,-83.7096741667,62.0,7.88000011444,1238.0,24.7058830261,11.0,,,,,,,,-2.34375,,-3.125,
89.8449096296,139,1296,279700,42.3023402778,-83.7096741667,62.0,5.32000017166,1230.0,24.7058830261,11.0,,,,,,,,-2.34375,,-3.125,
89.8449096296,139,1296,279900,42.3023494444,-83.7090486111,62.0,5.32000017166,1230.0,24.7058830261,11.0,,,,,,,,-2.34375,,-3.125,
89.8449096296,139,1296,280800,42.3023494444,-83.7090486111,61.0,5.32000017166,1230.0,24.7058830261,11.0,,,,,,,,-2.34375,,-3.125,
89.8449096296,139,1296,281700,42.3023494444,-83.7090486111,61.0,5.88000011444,1226.0,24.7058830261,11.0,,,,,,,,-2.34375,,-3.125,
89.8449096296,139,1296,283500,42.3023494444,-83.7090486111,61.0,5.88000011444,1226.0,24.7058830261,11.0,,,,,,,,0.78125,,-3.125,
89.8449096296,139,1296,283900,42.3023777778,-83.7082077778,61.0,5.88000011444,1226.0,24.7058830261,11.0,,,,,,,,0.78125,,-3.125,
89.8449096296,139,1296,284000,42.3023777778,-83.7082077778,61.0,5.86000013351,1235.0,24.7058830261,11.0,,,,,,,,0.78125,,-3.125,
89.8449096296,139,1296,285100,42.3023777778,-83.7082077778,61.0,5.86000013351,1235.0,26.2745094299,11.0,,,,,,,,0.78125,,-3.125,
89.8449096296,139,1296,286100,42.3023777778,-83.7082077778,61.0,5.67999982834,1226.0,26.2745094299,11.0,,,,,,,,0.78125,,-3.125,
89.8449096296,139,1296,286300,42.3023777778,-83.7082077778,60.0,5.67999982834,1226.0,26.2745094299,11.0,,,,,,,,0.78125,,-3.125,
89.8449096296,139,1296,287000,42.3023997222,-83.7075816667,60.0,5.67999982834,1226.0,26.2745094299,11.0,,,,,,,,0.78125,,-3.125,
89.8449096296,139,1296,288200,42.3023997222,-83.7075816667,60.0,7.07000017166,1219.0,26.2745094299,11.0,,,,,,,,0.78125,,-3.125,
89.8449096296,139,1296,288700,42.3023997222,-83.7075816667,59.0,7.07000017166,1219.0,26.2745094299,11.0,,,,,,,,2.34375,,-3.125,
89.8449096296,139,1296,290000,42.3024061111,-83.7069636111,59.0,7.07000017166,1219.0,26.2745094299,11.0,,,,,,,,2.34375,,-3.125,
89.8449096296,139,1296,290600,42.3024061111,-83.7069636111,59.0,11.5900001526,1238.0,49.8039207458,11.0,,,,,,,,2.34375,,-3.125,
89.8449096296,139,1296,290800,42.3024061111,-83.7069636111,60.0,11.5900001526,1238.0,49.8039207458,11.0,,,,,,,,2.34375,,-3.125,
89.8449096296,139,1296,292700,42.3024061111,-83.7069636111,60.0,13.9499998093,1506.0,49.8039207458,11.0,,,,,,,,2.34375,,-3.125,
89.8449096296,139,1296,292900,42.3024061111,-83.7069636111,61.0,13.9499998093,1506.0,49.8039207458,11.0,,,,,,,,2.34375,,-3.125,
89.8449096296,139,1296,293000,42.3024222222,-83.7063661111,61.0,13.9499998093,1506.0,49.8039207458,11.0,,,,,,,,2.34375,,-3.125,
89.8449096296,139,1296,293800,42.3024222222,-83.7063661111,61.0,13.9499998093,1506.0,49.8039207458,11.0,,,,,,,,0.78125,,-3.125,
89.8449096296,139,1296,295100,42.3024222222,-83.7063661111,61.0,15.5,1620.0,49.8039207458,11.0,,,,,,,,0.78125,,-3.125,
89.8449096296,139,1296,295300,42.3024222222,-83.7063661111,63.0,15.5,1620.0,49.8039207458,11.0,,,,,,,,0.78125,,-3.125,
89.8449096296,139,1296,296100,42.3024222222,-83.7063661111,63.0,15.5,1620.0,47.0588226318,11.0,,,,,,,,0.78125,,-3.125,
89.8449096296,139,1296,297000,42.3024344444,-83.7055058333,63.0,15.5,1620.0,47.0588226318,11.0,,,,,,,,0.78125,,-3.125,
89.8449096296,139,1296,297100,42.3024344444,-83.7055058333,63.0,9.47999954224,1371.0,47.0588226318,11.0,,,,,,,,0.78125,,-3.125,
89.8449096296,139,1296,297400,42.3024344444,-83.7055058333,64.0,9.47999954224,1371.0,47.0588226318,11.0,,,,,,,,0.78125,,-3.125,
89.8449096296,139,1296,299200,42.3024344444,-83.7055058333,64.0,8.69999980927,1256.0,47.0588226318,11.0,,,,,,,,0.78125,,-3.125,
89.8449096296,139,1296,300000,42.3024402778,-83.7048375,64.0,8.69999980927,1256.0,47.0588226318,11.0,,,,,,,,0.78125,,-3.125,
89.8449096296,139,1296,301400,42.3024402778,-83.7048375,65.0,8.69999980927,1260.0,47.0588226318,11.0,,,,,,,,0.78125,,-3.125,
89.8449096296,139,1296,301500,42.3024402778,-83.7048375,65.0,9.09000015259,1260.0,39.6078453064,11.0,,,,,,,,0.78125,,-3.125,
89.8449096296,139,1296,303000,42.3024480556,-83.7041644444,65.0,9.09000015259,1260.0,39.6078453064,11.0,,,,,,,,0.78125,,-3.125,
89.8449096296,139,1296,303500,42.3024480556,-83.7041644444,65.0,10.1499996185,1273.0,39.6078453064,11.0,,,,,,,,0.78125,,-3.125,
89.8449096296,139,1296,304100,42.3024480556,-83.7041644444,66.0,10.1499996185,1273.0,39.6078453064,11.0,,,,,,,,0.78125,,-3.125,
89.8449096296,139,1296,304200,42.3024480556,-83.7041644444,66.0,10.1499996185,1273.0,39.6078453064,11.0,,,,,,,,-4.6875,,-3.125,
89.8449096296,139,1296,305700,42.3024480556,-83.7041644444,67.0,9.96000003815,1290.0,39.6078453064,11.0,,,,,,,,-4.6875,,-3.125,
89.8449096296,139,1296,306000,42.3024641667,-83.7034733333,67.0,9.96000003815,1290.0,39.6078453064,11.0,,,,,,,,-4.6875,,-3.125,
89.8449096296,139,1296,306500,42.3024641667,-83.7034733333,67.0,9.96000003815,1290.0,42.3529434204,11.0,,,,,,,,-4.6875,,-3.125,
89.8449096296,139,1296,306700,42.3024641667,-83.7034733333,68.0,9.96000003815,1290.0,42.3529434204,11.0,,,,,,,,-4.6875,,-3.125,
89.8449096296,139,1296,307600,42.3024641667,-83.7034733333,68.0,9.96000003815,1309.0,42.3529434204,11.0,,,,,,,,-4.6875,,-3.125,
89.8449096296,139,1296,307700,42.3024641667,-83.7034733333,69.0,9.96000003815,1309.0,42.3529434204,11.0,,,,,,,,-4.6875,,-3.125,
89.8449096296,139,1296,308900,42.302475,-83.7027525,69.0,9.96000003815,1309.0,42.3529434204,11.0,,,,,,,,-4.6875,,-3.125,
89.8449096296,139,1296,309600,42.302475,-83.7027525,69.0,8.85999965668,1321.0,42.3529434204,11.0,,,,,,,,1.5625,,-3.125,
89.8449096296,139,1296,309800,42.302475,-83.7027525,70.0,8.85999965668,1321.0,42.3529434204,11.0,,,,,,,,1.5625,,-3.125,
89.8449096296,139,1296,312000,42.302475,-83.7027525,70.0,5.63000011444,1334.0,23.9215698242,11.0,,,,,,,,1.5625,,-3.125,
89.8449096296,139,1296,312200,42.302475,-83.7027525,71.0,5.63000011444,1334.0,23.9215698242,11.0,,,,,,,,1.5625,,-3.125,
89.8449096296,139,1296,312900,42.3025372222,-83.7018011111,71.0,5.63000011444,1334.0,23.9215698242,11.0,,,,,,,,1.5625,,-3.125,
89.8449096296,139,1296,314100,42.3025372222,-83.7018011111,71.0,6.23999977112,1337.0,23.9215698242,11.0,,,,,,,,1.5625,,-3.125,
89.8449096296,139,1296,315100,42.3025372222,-83.7018011111,71.0,6.23999977112,1337.0,23.9215698242,11.0,,,,,,,,0.0,,-3.125,
89.8449096296,139,1296,316000,42.3026405556,-83.7011044444,71.0,6.23999977112,1337.0,23.9215698242,11.0,,,,,,,,0.0,,-3.125,
89.8449096296,139,1296,316100,42.3026405556,-83.7011044444,71.0,7.73999977112,1341.0,23.9215698242,11.0,,,,,,,,0.0,,-3.125,
89.8449096296,139,1296,316700,42.3026405556,-83.7011044444,72.0,7.73999977112,1341.0,23.9215698242,11.0,,,,,,,,0.0,,-3.125,
89.8449096296,139,1296,317500,42.3026405556,-83.7011044444,72.0,7.73999977112,1341.0,31.372549057,11.0,,,,,,,,0.0,,-3.125,
89.8449096296,139,1296,318500,42.3026405556,-83.7011044444,72.0,8.47999954224,1339.0,31.372549057,11.0,,,,,,,,0.0,,-3.125,
89.8449096296,139,1296,319000,42.302825,-83.7004175,72.0,8.47999954224,1339.0,31.372549057,11.0,,,,,,,,0.0,,-3.125,
89.8449096296,139,1296,319800,42.302825,-83.7004175,71.0,8.47999954224,1339.0,31.372549057,11.0,,,,,,,,0.0,,-3.125,
89.8449096296,139,1296,320600,42.302825,-83.7004175,71.0,10.0600004196,1331.0,31.372549057,11.0,,,,,,,,3.90625,,-3.125,
89.8449096296,139,1296,322200,42.302825,-83.7004175,70.0,10.0600004196,1331.0,31.372549057,11.0,,,,,,,,3.90625,,-3.125,
89.8449096296,139,1296,322500,42.302825,-83.7004175,70.0,10.0600004196,1331.0,47.8431396484,11.0,,,,,,,,3.90625,,-3.125,
89.8449096296,139,1296,323000,42.3031366667,-83.69953,70.0,12.3999996185,1399.0,47.8431396484,11.0,,,,,,,,3.90625,,-3.125,
89.8449096296,139,1296,323200,42.3031366667,-83.69953,69.0,12.3999996185,1399.0,47.8431396484,11.0,,,,,,,,3.90625,,-3.125,
89.8449096296,139,1296,325100,42.3031366667,-83.69953,69.0,17.5400009155,1720.0,47.8431396484,11.0,,,,,,,,3.90625,,-3.125,
89.8449096296,139,1296,326000,42.3033355556,-83.6988858333,69.0,17.5400009155,1720.0,47.8431396484,11.0,,,,,,,,3.90625,,-3.125,
89.8449096296,139,1296,326100,42.3033355556,-83.6988858333,69.0,17.5400009155,1720.0,47.8431396484,11.0,,,,,,,,0.78125,,-3.125,
89.8449096296,139,1296,327200,42.3033355556,-83.6988858333,69.0,12.1099996567,1708.0,47.8431396484,11.0,,,,,,,,0.78125,,-3.125,
89.8449096296,139,1296,327700,42.3033355556,-83.6988858333,70.0,12.1099996567,1708.0,34.1176490784,11.0,,,,,,,,0.78125,,-3.125,
89.8449096296,139,1296,328800,42.3033355556,-83.6988858333,68.0,12.1099996567,1708.0,34.1176490784,11.0,,,,,,,,0.78125,,-3.125,
89.8449096296,139,1296,328900,42.3035225,-83.6982477778,68.0,12.1099996567,1708.0,34.1176490784,11.0,,,,,,,,0.78125,,-3.125,
89.8449096296,139,1296,329600,42.3035225,-83.6982477778,68.0,3.18000006676,1398.0,34.1176490784,11.0,,,,,,,,0.78125,,-3.125,
89.8449096296,139,1296,329800,42.3035225,-83.6982477778,66.0,3.18000006676,1398.0,34.1176490784,11.0,,,,,,,,0.78125,,-3.125,
89.8449096296,139,1296,330800,42.3035225,-83.6982477778,64.0,3.18000006676,1398.0,34.1176490784,11.0,,,,,,,,0.78125,,-3.125,
89.8449096296,139,1296,331700,42.3035225,-83.6982477778,64.0,3.20000004768,1395.0,34.1176490784,11.0,,,,,,,,-4.6875,,-3.125,
89.8449096296,139,1296,331900,42.3035225,-83.6982477778,63.0,3.20000004768,1395.0,34.1176490784,11.0,,,,,,,,-4.6875,,-3.125,
89.8449096296,139,1296,332000,42.3037088889,-83.6976275,63.0,3.20000004768,1395.0,34.1176490784,11.0,,,,,,,,-4.6875,,-3.125,
89.8449096296,139,1296,332700,42.3037088889,-83.6976275,63.0,3.20000004768,1395.0,34.1176490784,11.0,,,,,,,,-4.6875,,0.78125,
89.8449096296,139,1296,333300,42.3037088889,-83.6976275,61.0,3.20000004768,1395.0,11.372549057,11.0,,,,,,,,-4.6875,,0.78125,
89.8449096296,139,1296,334100,42.3037088889,-83.6976275,61.0,3.27999997139,1351.0,11.372549057,11.0,,,,,,,,-4.6875,,0.78125,
89.8449096296,139,1296,334600,42.3037088889,-83.6976275,57.0,3.27999997139,1351.0,11.372549057,11.0,,,,,,,,-4.6875,,0.78125,
89.8449096296,139,1296,335000,42.3038938889,-83.6970525,57.0,3.27999997139,1351.0,11.372549057,11.0,,,,,,,,-4.6875,,0.78125,
89.8449096296,139,1296,335600,42.3038938889,-83.6970525,49.0,3.27999997139,1351.0,11.372549057,11.0,,,,,,,,-4.6875,,0.78125,
89.8449096296,139,1296,336600,42.3038938889,-83.6970525,49.0,3.21000003815,1301.0,11.372549057,11.0,,,,,,,,-4.6875,,0.78125,
89.8449096296,139,1296,336700,42.3038938889,-83.6970525,35.0,3.21000003815,1301.0,11.372549057,11.0,,,,,,,,0.0,,0.78125,
89.8449096296,139,1296,338300,42.3038938889,-83.6970525,35.0,3.21000003815,1301.0,12.1568632126,11.0,,,,,,,,0.0,,0.78125,
89.8449096296,139,1296,338600,42.3038938889,-83.6970525,35.0,3.06999993324,1363.0,12.1568632126,11.0,,,,,,,,0.0,,0.78125,
89.8449096296,139,1296,338900,42.3040744444,-83.6965619444,35.0,3.06999993324,1363.0,12.1568632126,11.0,,,,,,,,0.0,,0.78125,
89.8449096296,139,1296,339400,42.3040744444,-83.6965619444,29.0,3.06999993324,1363.0,12.1568632126,11.0,,,,,,,,0.0,,0.78125,
89.8449096296,139,1296,340400,42.3040744444,-83.6965619444,30.0,3.06999993324,1363.0,12.1568632126,11.0,,,,,,,,0.0,,0.78125,
89.8449096296,139,1296,340700,42.3040744444,-83.6965619444,30.0,20.8099994659,1652.0,12.1568632126,11.0,,,,,,,,0.0,,0.78125,
89.8449096296,139,1296,341400,42.3040744444,-83.6965619444,34.0,20.8099994659,1652.0,12.1568632126,11.0,,,,,,,,0.0,,0.78125,
89.8449096296,139,1296,342000,42.3041991667,-83.69649,34.0,20.8099994659,1652.0,12.1568632126,11.0,,,,,,,,0.0,,0.78125,
89.8449096296,139,1296,342500,42.3041991667,-83.69649,37.0,20.8099994659,1652.0,12.1568632126,11.0,,,,,,,,0.0,,0.78125,
89.8449096296,139,1296,342700,42.3041991667,-83.69649,37.0,16.5900001526,1381.0,12.1568632126,11.0,,,,,,,,0.0,,0.78125,
89.8449096296,139,1296,343400,42.3041991667,-83.69649,37.0,16.5900001526,1381.0,55.6862754822,11.0,,,,,,,,0.0,,0.78125,
89.8449096296,139,1296,343900,42.3041991667,-83.69649,39.0,16.5900001526,1381.0,55.6862754822,11.0,,,,,,,,0.0,,0.78125,
89.8449096296,139,1296,345000,42.3044225,-83.6964619444,41.0,13.3699998856,1382.0,55.6862754822,11.0,,,,,,,,0.0,,0.78125,
89.8449096296,139,1296,346000,42.3044225,-83.6964619444,43.0,13.3699998856,1382.0,55.6862754822,11.0,,,,,,,,0.0,,0.78125,
89.8449096296,139,1296,347100,42.3044225,-83.6964619444,44.0,7.90999984741,1196.0,55.6862754822,11.0,,,,,,,,-3.125,,0.78125,
89.8449096296,139,1296,347900,42.3047125,-83.6963369444,44.0,7.90999984741,1196.0,55.6862754822,11.0,,,,,,,,-3.125,,0.78125,
89.8449096296,139,1296,348100,42.3047125,-83.6963369444,45.0,7.90999984741,1196.0,55.6862754822,11.0,,,,,,,,-3.125,,0.78125,
89.8449096296,139,1296,348700,42.3047125,-83.6963369444,45.0,7.90999984741,1196.0,35.2941169739,11.0,,,,,,,,-3.125,,0.78125,
89.8449096296,139,1296,349500,42.3047125,-83.6963369444,46.0,5.73000001907,1153.0,35.2941169739,11.0,,,,,,,,-3.125,,0.78125,
89.8449096296,139,1296,351000,42.3050508333,-83.6961561111,46.0,5.73000001907,1153.0,35.2941169739,11.0,,,,,,,,-3.125,,0.78125,
89.8449096296,139,1296,351500,42.3050508333,-83.6961561111,47.0,6.71999979019,1158.0,35.2941169739,11.0,,,,,,,,-3.125,,0.78125,
89.8449096296,139,1296,352600,42.3050508333,-83.6961561111,47.0,6.71999979019,1158.0,35.2941169739,11.0,,,,,,,,-6.25,,0.78125,
89.8449096296,139,1296,353600,42.3050508333,-83.6961561111,49.0,7.92999982834,1180.0,35.2941169739,11.0,,,,,,,,-6.25,,0.78125,
89.8449096296,139,1296,354200,42.3050508333,-83.6961561111,49.0,7.92999982834,1180.0,38.0392150879,11.0,,,,,,,,-6.25,,0.78125,
89.8449096296,139,1296,355000,42.3055075,-83.6959661111,49.0,7.92999982834,1180.0,38.0392150879,11.0,,,,,,,,-6.25,,0.78125,
89.8449096296,139,1296,356000,42.3055075,-83.6959661111,50.0,9.61999988556,1214.0,38.0392150879,11.0,,,,,,,,-6.25,,0.78125,
89.8449096296,139,1296,356100,42.3055075,-83.6959661111,50.0,9.61999988556,1214.0,38.0392150879,11.0,,,,,,,,-6.25,,0.78125,
89.8449096296,139,1296,357100,42.3055075,-83.6959661111,51.0,9.61999988556,1214.0,38.0392150879,11.0,,,,,,,,-6.25,,0.78125,
89.8449096296,139,1296,358000,42.3058436111,-83.6959444444,51.0,9.61999988556,1214.0,38.0392150879,11.0,,,,,,,,-6.25,,0.78125,
89.8449096296,139,1296,358100,42.3058436111,-83.6959444444,51.0,7.07000017166,1187.0,38.0392150879,11.0,,,,,,,,-3.90625,,0.78125,
89.8449096296,139,1296,359700,42.3058436111,-83.6959444444,51.0,7.07000017166,1187.0,36.8627471924,11.0,,,,,,,,-3.90625,,0.78125,
89.8449096296,139,1296,360500,42.3058436111,-83.6959444444,52.0,7.15000009537,1181.0,36.8627471924,11.0,,,,,,,,-3.90625,,0.78125,
89.8449096296,139,1296,362000,42.3063619444,-83.6959583333,52.0,7.15000009537,1181.0,36.8627471924,11.0,,,,,,,,-3.90625,,0.78125,
89.8449096296,139,1296,362500,42.3063619444,-83.6959583333,52.0,7.28000020981,1183.0,36.8627471924,11.0,,,,,,,,-3.90625,,0.78125,
89.8449096296,139,1296,363100,42.3063619444,-83.6959583333,52.0,7.28000020981,1183.0,36.8627471924,11.0,,,,,,,,0.78125,,-4.6875,
89.8449096296,139,1296,364700,42.3063619444,-83.6959583333,53.0,6.36999988556,1183.0,29.4117660522,11.0,,,,,,,,0.78125,,-4.6875,
89.8449096296,139,1296,365000,42.3067577778,-83.6959869444,53.0,6.36999988556,1183.0,29.4117660522,11.0,,,,,,,,0.78125,,-4.6875,
89.8449096296,139,1296,366800,42.3067577778,-83.6959869444,53.0,3.93000006676,1176.0,29.4117660522,11.0,,,,,,,,0.78125,,-4.6875,
89.8449096296,139,1296,367900,42.3071619444,-83.6960069444,53.0,3.93000006676,1176.0,29.4117660522,11.0,,,,,,,,0.78125,,-4.6875,
89.8449096296,139,1296,368100,42.3071619444,-83.6960069444,51.0,3.93000006676,1176.0,29.4117660522,11.0,,,,,,,,0.78125,,-4.6875,
89.8449096296,139,1296,368200,42.3071619444,-83.6960069444,51.0,3.93000006676,1176.0,29.4117660522,11.0,,,,,,,,1.5625,,-4.6875,
89.8449096296,139,1296,368900,42.3071619444,-83.6960069444,51.0,2.98000001907,1324.0,29.4117660522,11.0,,,,,,,,1.5625,,-4.6875,
89.8449096296,139,1296,369900,42.3071619444,-83.6960069444,51.0,2.98000001907,1324.0,15.2941179276,11.0,,,,,,,,1.5625,,-4.6875,
89.8449096296,139,1296,370200,42.3071619444,-83.6960069444,49.0,2.98000001907,1324.0,15.2941179276,11.0,,,,,,,,1.5625,,-4.6875,
89.8449096296,139,1296,371000,42.3071619444,-83.6960069444,49.0,3.6099998951,1318.0,15.2941179276,11.0,,,,,,,,1.5625,,-4.6875,
89.8449096296,139,1296,371500,42.3071619444,-83.6960069444,47.0,3.6099998951,1318.0,15.2941179276,11.0,,,,,,,,1.5625,,-4.6875,
89.8449096296,139,1296,372000,42.3076711111,-83.6959830556,47.0,3.6099998951,1318.0,15.2941179276,11.0,,,,,,,,1.5625,,-4.6875,
89.8449096296,139,1296,372600,42.3076711111,-83.6959830556,44.0,3.6099998951,1318.0,15.2941179276,11.0,,,,,,,,1.5625,,-4.6875,
89.8449096296,139,1296,373000,42.3076711111,-83.6959830556,44.0,8.55000019073,1180.0,15.2941179276,11.0,,,,,,,,1.5625,,-4.6875,
89.8449096296,139,1296,373600,42.3076711111,-83.6959830556,44.0,8.55000019073,1180.0,15.2941179276,11.0,,,,,,,,0.0,,-4.6875,
89.8449096296,139,1296,374800,42.3076711111,-83.6959830556,45.0,8.55000019073,1180.0,15.2941179276,11.0,,,,,,,,0.0,,-4.6875,
89.8449096296,139,1296,375000,42.3079711111,-83.695765,45.0,9.25,1220.0,41.1764717102,11.0,,,,,,,,0.0,,-4.6875,
89.8449096296,139,1296,377400,42.3079711111,-83.695765,46.0,9.52999973297,1232.0,41.1764717102,11.0,,,,,,,,0.0,,-4.6875,
89.8449096296,139,1296,378400,42.3079711111,-83.695765,48.0,9.52999973297,1232.0,41.1764717102,11.0,,,,,,,,0.0,,-4.6875,
89.8449096296,139,1296,378600,42.3079711111,-83.695765,48.0,9.52999973297,1232.0,41.1764717102,11.0,,,,,,,,-7.8125,,-4.6875,
89.8449096296,139,1296,379000,42.3082297222,-83.6952566667,48.0,9.52999973297,1232.0,41.1764717102,11.0,,,,,,,,-7.8125,,-4.6875,
89.8449096296,139,1296,379400,42.3082297222,-83.6952566667,48.0,15.6599998474,1437.0,41.1764717102,11.0,,,,,,,,-7.8125,,-4.6875,
89.8449096296,139,1296,379500,42.3082297222,-83.6952566667,49.0,15.6599998474,1437.0,41.1764717102,11.0,,,,,,,,-7.8125,,-4.6875,
89.8449096296,139,1296,380300,42.3082297222,-83.6952566667,49.0,15.6599998474,1437.0,61.1764717102,11.0,,,,,,,,-7.8125,,-4.6875,
89.8449096296,139,1296,380500,42.3082297222,-83.6952566667,51.0,15.6599998474,1437.0,61.1764717102,11.0,,,,,,,,-7.8125,,-4.6875,
89.8449096296,139,1296,381400,42.3082297222,-83.6952566667,51.0,17.1499996185,1667.0,61.1764717102,11.0,,,,,,,,-7.8125,,-4.6875,
89.8449096296,139,1296,381600,42.3082297222,-83.6952566667,53.0,17.1499996185,1667.0,61.1764717102,11.0,,,,,,,,-7.8125,,-4.6875,
89.8449096296,139,1296,381900,42.3083066667,-83.6948061111,53.0,17.1499996185,1667.0,61.1764717102,11.0,,,,,,,,-7.8125,,-4.6875,
89.8449096296,139,1296,382900,42.3083066667,-83.6948061111,55.0,17.1499996185,1667.0,61.1764717102,11.0,,,,,,,,-7.8125,,-4.6875,
89.8449096296,139,1296,383700,42.3083066667,-83.6948061111,55.0,9.71000003815,1205.0,61.1764717102,11.0,,,,,,,,-1.5625,,-4.6875,
89.8449096296,139,1296,385000,42.3083602778,-83.6943522222,54.0,9.71000003815,1205.0,61.1764717102,11.0,,,,,,,,-1.5625,,-4.6875,
89.8449096296,139,1296,385800,42.3083602778,-83.6943522222,54.0,3.20000004768,1334.0,12.1568632126,11.0,,,,,,,,-1.5625,,-4.6875,
89.8449096296,139,1296,386000,42.3083602778,-83.6943522222,53.0,3.20000004768,1334.0,12.1568632126,11.0,,,,,,,,-1.5625,,-4.6875,
89.8449096296,139,1296,387100,42.3083602778,-83.6943522222,52.0,3.20000004768,1334.0,12.1568632126,11.0,,,,,,,,-1.5625,,-4.6875,
89.8449096296,139,1296,387900,42.3083602778,-83.6943522222,52.0,3.06999993324,1342.0,12.1568632126,11.0,,,,,,,,-1.5625,,-4.6875,
89.8449096296,139,1296,388500,42.3083602778,-83.6943522222,50.0,3.06999993324,1342.0,12.1568632126,11.0,,,,,,,,-1.5625,,-4.6875,
89.8449096296,139,1296,389000,42.3083502778,-83.6936794444,50.0,3.06999993324,1342.0,12.1568632126,11.0,,,,,,,,-1.5625,,-4.6875,
89.8449096296,139,1296,389300,42.3083502778,-83.6936794444,50.0,3.06999993324,1342.0,12.1568632126,11.0,,,,,,,,0.0,,-4.6875,
89.8449096296,139,1296,389500,42.3083502778,-83.6936794444,43.0,3.06999993324,1342.0,12.1568632126,11.0,,,,,,,,0.0,,-4.6875,
89.8449096296,139,1296,390300,42.3083502778,-83.6936794444,43.0,3.04999995232,1296.0,12.1568632126,11.0,,,,,,,,0.0,,-4.6875,
89.8449096296,139,1296,390500,42.3083502778,-83.6936794444,38.0,3.04999995232,1296.0,12.1568632126,11.0,,,,,,,,0.0,,-4.6875,
89.8449096296,139,1296,391600,42.3083502778,-83.6936794444,32.0,3.04999995232,1296.0,12.1568632126,11.0,,,,,,,,0.0,,-4.6875,
89.8449096296,139,1296,392000,42.3083408333,-83.6932727778,32.0,3.04999995232,1296.0,12.1568632126,11.0,,,,,,,,0.0,,-4.6875,
89.8449096296,139,1296,392400,42.3083408333,-83.6932727778,32.0,3.18000006676,1287.0,12.1568632126,11.0,,,,,,,,0.0,,-4.6875,
89.8449096296,139,1296,392600,42.3083408333,-83.6932727778,26.0,3.18000006676,1287.0,12.1568632126,11.0,,,,,,,,0.0,,-4.6875,
89.8449096296,139,1296,393400,42.3083408333,-83.6932727778,26.0,3.18000006676,1287.0,12.1568632126,11.0,,,,,,,,0.0,,-3.125,
89.8449096296,139,1296,394000,42.3083408333,-83.6932727778,19.0,3.18000006676,1287.0,12.1568632126,11.0,,,,,,,,0.0,,-3.125,
89.8449096296,139,1296,394800,42.3083408333,-83.6932727778,19.0,3.20000004768,994.0,12.1568632126,11.0,,,,,,,,0.0,,-3.125,
89.8449096296,139,1296,394900,42.3083294444,-83.6930625,19.0,3.20000004768,994.0,12.1568632126,11.0,,,,,,,,0.0,,-3.125,
89.8449096296,139,1296,395300,42.3083294444,-83.6930625,11.0,3.20000004768,994.0,12.1568632126,11.0,,,,,,,,0.0,,-3.125,
89.8449096296,139,1296,396100,42.3083294444,-83.6930625,11.0,3.20000004768,994.0,23.9215698242,11.0,,,,,,,,0.0,,-3.125,
89.8449096296,139,1296,396400,42.3083294444,-83.6930625,5.0,3.20000004768,994.0,23.9215698242,11.0,,,,,,,,0.0,,-3.125,
89.8449096296,139,1296,397200,42.3083294444,-83.6930625,5.0,4.11000013351,778.0,23.9215698242,11.0,,,,,,,,0.0,,-3.125,
89.8449096296,139,1296,397400,42.3083294444,-83.6930625,2.0,4.11000013351,778.0,23.9215698242,11.0,,,,,,,,0.0,,-3.125,
89.8449096296,139,1296,397500,42.3083294444,-83.6930625,2.0,4.11000013351,766.0,23.9215698242,11.0,,,,,,,,0.0,,-3.125,
89.8449096296,139,1296,397600,42.3083294444,-83.6930625,2.0,4.03000020981,766.0,25.882352829,11.0,,,,,,,,0.0,,-3.125,
89.8449096296,139,1296,398300,42.3083294444,-83.6930625,2.0,4.03000020981,766.0,25.882352829,11.0,,,,,,,,3.90625,,-3.125,
89.8449096296,139,1296,398900,42.3083291667,-83.6929977778,2.0,4.03000020981,766.0,25.882352829,11.0,,,,,,,,3.90625,,-3.125,
89.8449096296,139,1296,399500,42.3083291667,-83.6929977778,2.0,4.03000020981,1733.0,25.882352829,11.0,,,,,,,,3.90625,,-3.125,
89.8449096296,139,1296,399600,42.3083291667,-83.6929977778,2.0,16.5599994659,1733.0,47.8431396484,11.0,,,,,,,,3.90625,,-3.125,
89.8449096296,139,1296,400300,42.3083291667,-83.6929977778,2.0,16.5599994659,1733.0,47.8431396484,11.0,,,,,,,,2.34375,,-3.125,
89.8449096296,139,1296,400900,42.3083291667,-83.6929977778,2.0,16.5599994659,1733.0,47.8431396484,11.0,,,,,,,,2.34375,,0.78125,
89.8449096296,139,1296,401400,42.3083291667,-83.6929977778,17.0,16.5599994659,1733.0,47.8431396484,11.0,,,,,,,,2.34375,,0.78125,
89.8449096296,139,1296,401500,42.3083291667,-83.6929977778,17.0,16.5599994659,2029.0,47.8431396484,11.0,,,,,,,,2.34375,,0.78125,
89.8449096296,139,1296,401600,42.3083291667,-83.6929977778,17.0,21.1000003815,2029.0,47.8431396484,11.0,,,,,,,,2.34375,,0.78125,
89.8449096296,139,1296,402000,42.3083422222,-83.6929,17.0,21.1000003815,2029.0,47.8431396484,11.0,,,,,,,,2.34375,,0.78125,
89.8449096296,139,1296,402400,42.3083422222,-83.6929,23.0,21.1000003815,2029.0,47.8431396484,11.0,,,,,,,,2.34375,,0.78125,
89.8449096296,139,1296,403500,42.3083422222,-83.6929,23.0,21.1000003815,2073.0,47.8431396484,11.0,,,,,,,,2.34375,,0.78125,
89.8449096296,139,1296,403600,42.3083422222,-83.6929,23.0,22.6399993896,2073.0,47.8431396484,11.0,,,,,,,,2.34375,,0.78125,
89.8449096296,139,1296,404500,42.3083422222,-83.6929,28.0,22.6399993896,2073.0,47.8431396484,11.0,,,,,,,,2.34375,,0.78125,
89.8449096296,139,1296,404700,42.3083422222,-83.6929,28.0,22.6399993896,2073.0,56.4705886841,11.0,,,,,,,,2.34375,,0.78125,
89.8449096296,139,1296,405000,42.3084633333,-83.6927994444,28.0,22.6399993896,2073.0,56.4705886841,11.0,,,,,,,,2.34375,,0.78125,
89.8449096296,139,1296,405900,42.3084633333,-83.6927994444,33.0,25.5100002289,2222.0,56.4705886841,11.0,,,,,,,,2.34375,,0.78125,
89.8449096296,139,1296,406900,42.3084633333,-83.6927994444,38.0,25.5100002289,2222.0,56.4705886841,11.0,,,,,,,,2.34375,,0.78125,
89.8449096296,139,1296,407900,42.3084633333,-83.6927994444,38.0,16.2399997711,1880.0,56.4705886841,11.0,,,,,,,,2.34375,,0.78125,
89.8449096296,139,1296,408000,42.3084633333,-83.6927994444,42.0,16.2399997711,1880.0,56.4705886841,11.0,,,,,,,,2.34375,,0.78125,
89.8449096296,139,1296,409000,42.3087625,-83.6927297222,42.0,16.2399997711,1880.0,56.4705886841,11.0,,,,,,,,2.34375,,0.78125,
89.8449096296,139,1296,409100,42.3087625,-83.6927297222,43.0,16.2399997711,1880.0,56.4705886841,11.0,,,,,,,,2.34375,,0.78125,
89.8449096296,139,1296,410100,42.3087625,-83.6927297222,43.0,13.6899995804,1426.0,48.6274528503,11.0,,,,,,,,2.34375,,0.78125,
89.8449096296,139,1296,410200,42.3087625,-83.6927297222,45.0,13.6899995804,1426.0,48.6274528503,11.0,,,,,,,,2.34375,,0.78125,
89.8449096296,139,1296,410400,42.3087625,-83.6927297222,45.0,13.6899995804,1426.0,48.6274528503,11.0,,,,,,,,3.90625,,0.78125,
89.8449096296,139,1296,411700,42.3087625,-83.6927297222,46.0,13.6899995804,1426.0,48.6274528503,11.0,,,,,,,,3.90625,,0.78125,
89.8449096296,139,1296,412000,42.3090822222,-83.6927211111,46.0,13.6899995804,1426.0,48.6274528503,11.0,,,,,,,,3.90625,,0.78125,
89.8449096296,139,1296,412100,42.3090822222,-83.6927211111,46.0,12.6800003052,1423.0,48.6274528503,11.0,,,,,,,,3.90625,,0.78125,
89.8449096296,139,1296,412800,42.3090822222,-83.6927211111,49.0,12.6800003052,1423.0,48.6274528503,11.0,,,,,,,,3.90625,,0.78125,
89.8449096296,139,1296,413800,42.3090822222,-83.6927211111,50.0,12.6800003052,1423.0,48.6274528503,11.0,,,,,,,,3.90625,,0.78125,
89.8449096296,139,1296,414100,42.3090822222,-83.6927211111,50.0,8.56999969482,1180.0,48.6274528503,11.0,,,,,,,,3.90625,,0.78125,
89.8449096296,139,1296,414900,42.3090822222,-83.6927211111,51.0,8.56999969482,1180.0,48.6274528503,11.0,,,,,,,,3.90625,,0.78125,
89.8449096296,139,1296,415000,42.3094677778,-83.6927161111,51.0,8.56999969482,1180.0,38.0392150879,11.0,,,,,,,,3.90625,,0.78125,
89.8449096296,139,1296,415800,42.3094677778,-83.6927161111,51.0,8.56999969482,1180.0,38.0392150879,11.0,,,,,,,,0.0,,0.78125,
89.8449096296,139,1296,415900,42.3094677778,-83.6927161111,52.0,8.56999969482,1180.0,38.0392150879,11.0,,,,,,,,0.0,,0.78125,
89.8449096296,139,1296,416100,42.3094677778,-83.6927161111,52.0,8.03999996185,1195.0,38.0392150879,11.0,,,,,,,,0.0,,0.78125,
89.8449096296,139,1296,417300,42.3094677778,-83.6927161111,54.0,8.03999996185,1195.0,38.0392150879,11.0,,,,,,,,0.0,,0.78125,
89.8449096296,139,1296,418000,42.3098719444,-83.6927272222,54.0,8.03999996185,1195.0,38.0392150879,11.0,,,,,,,,0.0,,0.78125,
89.8449096296,139,1296,418300,42.3098719444,-83.6927272222,55.0,8.0,1198.0,38.0392150879,11.0,,,,,,,,0.0,,0.78125,
89.8449096296,139,1296,419400,42.3098719444,-83.6927272222,56.0,8.0,1198.0,38.0392150879,11.0,,,,,,,,0.0,,0.78125,
89.8449096296,139,1296,420400,42.3098719444,-83.6927272222,56.0,8.35999965668,1201.0,38.0392150879,11.0,,,,,,,,0.0,,0.78125,
89.8449096296,139,1296,420800,42.3098719444,-83.6927272222,56.0,8.35999965668,1201.0,38.0392150879,11.0,,,,,,,,-0.78125,,0.78125,
89.8449096296,139,1296,421000,42.3103027778,-83.692735,56.0,8.35999965668,1201.0,38.0392150879,11.0,,,,,,,,-0.78125,,0.78125,
89.8449096296,139,1296,421500,42.3103027778,-83.692735,57.0,8.35999965668,1201.0,38.0392150879,11.0,,,,,,,,-0.78125,,0.78125,
89.8449096296,139,1296,423000,42.3103027778,-83.692735,56.0,7.69999980927,1194.0,38.0392150879,11.0,,,,,,,,-0.78125,,0.78125,
89.8449096296,139,1296,423900,42.3107513889,-83.6927602778,56.0,7.69999980927,1194.0,38.0392150879,11.0,,,,,,,,-0.78125,,0.78125,
89.8449096296,139,1296,425000,42.3107513889,-83.6927602778,55.0,3.36999988556,1339.0,38.0392150879,11.0,,,,,,,,-0.78125,,0.78125,
89.8449096296,139,1296,425500,42.3107513889,-83.6927602778,55.0,3.36999988556,1339.0,12.5490198135,11.0,,,,,,,,-0.78125,,0.78125,
89.8449096296,139,1296,425800,42.3107513889,-83.6927602778,55.0,3.36999988556,1339.0,12.5490198135,11.0,,,,,,,,4.6875,,0.78125,
89.8449096296,139,1296,426100,42.3107513889,-83.6927602778,54.0,3.36999988556,1339.0,12.5490198135,11.0,,,,,,,,4.6875,,0.78125,
89.8449096296,139,1296,427100,42.3107513889,-83.6927602778,54.0,3.91000008583,1344.0,12.5490198135,11.0,,,,,,,,4.6875,,0.78125,
89.8449096296,139,1296,427900,42.3113133333,-83.6927783333,54.0,3.91000008583,1344.0,12.5490198135,11.0,,,,,,,,4.6875,,0.78125,
89.8449096296,139,1296,428200,42.3113133333,-83.6927783333,52.0,3.91000008583,1344.0,12.5490198135,11.0,,,,,,,,4.6875,,0.78125,
89.8449096296,139,1296,429100,42.3113133333,-83.6927783333,52.0,3.71000003815,1346.0,12.5490198135,11.0,,,,,,,,4.6875,,0.78125,
89.8449096296,139,1296,429200,42.3113133333,-83.6927783333,51.0,3.71000003815,1346.0,12.5490198135,11.0,,,,,,,,4.6875,,0.78125,
89.8449096296,139,1296,430200,42.3113133333,-83.6927783333,50.0,3.71000003815,1346.0,12.5490198135,11.0,,,,,,,,4.6875,,0.78125,
89.8449096296,139,1296,431000,42.3117227778,-83.6927877778,50.0,3.71000003815,1346.0,12.5490198135,11.0,,,,,,,,4.6875,,0.78125,
89.8449096296,139,1296,431100,42.3117227778,-83.6927877778,50.0,3.71000003815,1346.0,11.764705658,11.0,,,,,,,,0.0,,0.78125,
89.8449096296,139,1296,431600,42.3117227778,-83.6927877778,50.0,3.23000001907,1352.0,11.764705658,11.0,,,,,,,,0.0,,0.78125,
89.8449096296,139,1296,433000,42.3117227778,-83.6927877778,49.0,3.23000001907,1352.0,11.764705658,11.0,,,,,,,,0.0,,0.78125,
89.8449096296,139,1296,433800,42.3117227778,-83.6927877778,49.0,3.17000007629,1309.0,11.764705658,11.0,,,,,,,,0.0,,0.78125,
89.8449096296,139,1296,434000,42.3120894444,-83.6927652778,46.0,3.17000007629,1309.0,11.764705658,11.0,,,,,,,,0.0,,0.78125,
89.8449096296,139,1296,435000,42.3120894444,-83.6927652778,42.0,3.17000007629,1309.0,11.764705658,11.0,,,,,,,,0.0,,0.78125,
89.8449096296,139,1296,435900,42.3120894444,-83.6927652778,42.0,3.0,1293.0,11.764705658,11.0,,,,,,,,0.0,,0.78125,
89.8449096296,139,1296,436100,42.3120894444,-83.6927652778,36.0,3.0,1293.0,12.1568632126,11.0,,,,,,,,0.0,,0.78125,
89.8449096296,139,1296,437000,42.3123830556,-83.6927469444,36.0,3.0,1293.0,12.1568632126,11.0,,,,,,,,0.0,,0.78125,
89.8449096296,139,1296,437100,42.3123830556,-83.6927469444,30.0,3.0,1293.0,12.1568632126,11.0,,,,,,,,0.0,,0.78125,
89.8449096296,139,1296,437900,42.3123830556,-83.6927469444,30.0,3.04999995232,1287.0,12.1568632126,11.0,,,,,,,,0.0,,0.78125,
89.8449096296,139,1296,438500,42.3123830556,-83.6927469444,24.0,3.04999995232,1287.0,12.1568632126,11.0,,,,,,,,0.0,,0.78125,
89.8449096296,139,1296,439500,42.3123830556,-83.6927469444,20.0,3.04999995232,1287.0,12.1568632126,11.0,,,,,,,,0.0,,0.78125,
89.8449096296,139,1296,440000,42.3125544444,-83.6926461111,20.0,3.04999995232,1287.0,12.1568632126,11.0,,,,,,,,0.0,,0.78125,
89.8449096296,139,1296,440300,42.3125544444,-83.6926461111,20.0,10.6899995804,1334.0,12.1568632126,11.0,,,,,,,,0.0,,0.78125,
89.8449096296,139,1296,440600,42.3125544444,-83.6926461111,21.0,10.6899995804,1334.0,12.1568632126,11.0,,,,,,,,0.0,,0.78125,
89.8449096296,139,1296,441400,42.3125544444,-83.6926461111,21.0,10.6899995804,1334.0,45.490196228,11.0,,,,,,,,0.0,,0.78125,
89.8449096296,139,1296,441600,42.3125544444,-83.6926461111,24.0,10.6899995804,1334.0,45.490196228,11.0,,,,,,,,0.0,,0.78125,
89.8449096296,139,1296,442400,42.3125544444,-83.6926461111,24.0,4.30999994278,1243.0,45.490196228,11.0,,,,,,,,0.0,,0.78125,
89.8449096296,139,1296,442600,42.3125544444,-83.6926461111,28.0,4.30999994278,1243.0,45.490196228,11.0,,,,,,,,0.0,,0.78125,
89.8449096296,139,1296,443000,42.3125808333,-83.6924275,28.0,4.30999994278,1243.0,45.490196228,11.0,,,,,,,,0.0,,0.78125,
89.8449096296,139,1296,444500,42.3125808333,-83.6924275,28.0,3.1099998951,1250.0,45.490196228,11.0,,,,,,,,0.0,,0.78125,
89.8449096296,139,1296,445200,42.3125808333,-83.6924275,26.0,3.1099998951,1250.0,45.490196228,11.0,,,,,,,,0.0,,0.78125,
89.8449096296,139,1296,446000,42.3126066667,-83.6921947222,26.0,3.1099998951,1250.0,45.490196228,11.0,,,,,,,,0.0,,0.78125,
89.8449096296,139,1296,446300,42.3126066667,-83.6921947222,22.0,3.1099998951,1250.0,45.490196228,11.0,,,,,,,,0.0,,0.78125,
89.8449096296,139,1296,446400,42.3126066667,-83.6921947222,22.0,3.1099998951,1250.0,12.9411764145,11.0,,,,,,,,0.0,,0.78125,
89.8449096296,139,1296,446500,42.3126066667,-83.6921947222,22.0,3.13000011444,1071.0,12.9411764145,11.0,,,,,,,,0.0,,0.78125,
89.8449096296,139,1296,447400,42.3126066667,-83.6921947222,17.0,3.13000011444,1071.0,12.9411764145,11.0,,,,,,,,0.0,,0.78125,
89.8449096296,139,1296,448400,42.3126066667,-83.6921947222,19.0,3.13000011444,1071.0,12.9411764145,11.0,,,,,,,,0.0,,0.78125,
89.8449096296,139,1296,448600,42.3126066667,-83.6921947222,19.0,14.3999996185,2016.0,12.9411764145,11.0,,,,,,,,0.0,,0.78125,
89.8449096296,139,1296,449000,42.3126491667,-83.6920188889,19.0,14.3999996185,2016.0,12.9411764145,11.0,,,,,,,,0.0,,0.78125,
89.8449096296,139,1296,450700,42.3126491667,-83.6920188889,19.0,14.3699998856,1776.0,12.9411764145,11.0,,,,,,,,0.0,,0.78125,
89.8449096296,139,1296,450900,42.3126491667,-83.6920188889,25.0,14.3699998856,1776.0,12.9411764145,11.0,,,,,,,,0.0,,0.78125,
89.8449096296,139,1296,451700,42.3126491667,-83.6920188889,25.0,14.3699998856,1776.0,43.9215698242,11.0,,,,,,,,3.90625,,0.78125,
