DayNum,VehId,Trip,Timestamp(ms),Latitude[deg],Longitude[deg],Vehicle Speed[km/h],MAF[g/sec],Engine RPM[RPM],Absolute Load[%],OAT[DegC],Fuel Rate[L/hr],Air Conditioning Power[kW],Air Conditioning Power[Watts],Heater Power[Watts],HV Battery Current[A],HV Battery SOC[%],HV Battery Voltage[V],Short Term Fuel Trim Bank 1[%],Short Term Fuel Trim Bank 2[%],Long Term Fuel Trim Bank 1[%],Long Term Fuel Trim Bank 2[%]
117.863404065,347,2642,0,42.2823480556,-83.7335808333,0.0,0.430000007153,0.0,0.0,8.0,,,,,,,,0.0,0.0,-3.125,-5.46875
117.863404065,347,2642,100,42.2823480556,-83.7335808333,16.0,0.430000007153,0.0,0.0,8.0,,,,,,,,0.0,0.0,-3.125,-3.90625
117.863404065,347,2642,1000,42.2823480556,-83.7335808333,16.0,0.430000007153,1326.0,0.0,8.0,,,,,,,,0.0,0.0,-3.125,-3.90625
117.863404065,347,2642,1100,42.2823480556,-83.7335808333,16.0,18.2000007629,1326.0,0.0,8.0,,,,,,,,0.0,0.0,-3.125,-3.90625
117.863404065,347,2642,2200,42.2823480556,-83.7335808333,23.0,18.2000007629,1326.0,0.0,8.0,,,,,,,,0.0,0.0,-3.125,-3.90625
117.863404065,347,2642,2500,42.2823472222,-83.7338294444,23.0,18.2000007629,1326.0,0.0,8.0,,,,,,,,0.0,0.0,-3.125,-3.90625
117.863404065,347,2642,3000,42.2823472222,-83.7338294444,23.0,18.2000007629,925.0,0.0,8.0,,,,,,,,0.0,0.0,-3.125,-3.90625
117.863404065,347,2642,3100,42.2823472222,-83.7338294444,23.0,8.61999988556,925.0,0.0,8.0,,,,,,,,0.0,0.0,-3.125,-3.90625
117.863404065,347,2642,3300,42.2823472222,-83.7338294444,32.0,8.61999988556,925.0,0.0,8.0,,,,,,,,0.0,0.0,-3.125,-3.90625
117.863404065,347,2642,4200,42.2823472222,-83.7338294444,32.0,8.61999988556,925.0,62.745098114,8.0,,,,,,,,0.0,0.0,-3.125,-3.90625
117.863404065,347,2642,5100,42.2823472222,-83.7338294444,32.0,22.1499996185,1305.0,62.745098114,8.0,,,,,,,,0.0,0.0,-3.125,-3.90625
117.863404065,347,2642,5300,42.2823472222,-83.7338294444,36.0,22.1499996185,1305.0,62.745098114,8.0,,,,,,,,0.0,0.0,-3.125,-3.90625
117.863404065,347,2642,5600,42.2823294444,-83.73419,36.0,22.1499996185,1305.0,62.745098114,8.0,,,,,,,,0.0,0.0,-3.125,-3.90625
117.863404065,347,2642,6400,42.2823294444,-83.73419,41.0,22.1499996185,1305.0,62.745098114,8.0,,,,,,,,0.0,0.0,-3.125,-3.90625
117.863404065,347,2642,7200,42.2823294444,-83.73419,41.0,1.03999996185,285.0,62.745098114,8.0,,,,,,,,0.0,0.0,-3.125,-3.90625
117.863404065,347,2642,7400,42.2823294444,-83.73419,42.0,1.03999996185,285.0,62.745098114,8.0,,,,,,,,0.0,0.0,-3.125,-3.90625
117.863404065,347,2642,8500,42.2823294444,-83.73419,44.0,1.03999996185,285.0,62.745098114,8.0,,,,,,,,0.0,0.0,-3.125,-3.90625
117.863404065,347,2642,8600,42.2822922222,-83.7346191667,44.0,1.03999996185,285.0,62.745098114,8.0,,,,,,,,0.0,0.0,-3.125,-3.90625
117.863404065,347,2642,9300,42.2822922222,-83.7346191667,44.0,1.12000000477,0.0,0.0,8.0,,,,,,,,0.0,0.0,-3.125,-3.90625
117.863404065,347,2642,10300,42.2822922222,-83.7346191667,44.0,1.12000000477,0.0,0.0,8.0,,,,,,,,2.34375,5.46875,-3.125,-3.90625
117.863404065,347,2642,10500,42.2822922222,-83.7346191667,40.0,1.12000000477,0.0,0.0,8.0,,,,,,,,2.34375,5.46875,-3.125,-3.90625
117.863404065,347,2642,11400,42.2822922222,-83.7346191667,40.0,0.5,0.0,0.0,8.0,,,,,,,,2.34375,5.46875,-3.125,-3.90625
117.863404065,347,2642,11700,42.2822316667,-83.7350591667,40.0,0.5,0.0,0.0,8.0,,,,,,,,2.34375,5.46875,-3.125,-3.90625
117.863404065,347,2642,12600,42.2822316667,-83.7350591667,36.0,0.5,0.0,0.0,8.0,,,,,,,,2.34375,5.46875,-3.125,-3.90625
117.863404065,347,2642,13400,42.2822316667,-83.7350591667,36.0,0.479999989271,0.0,0.0,8.0,,,,,,,,2.34375,5.46875,-3.125,-3.90625
117.863404065,347,2642,13700,42.2822316667,-83.7350591667,33.0,0.479999989271,0.0,0.0,8.0,,,,,,,,2.34375,5.46875,-3.125,-3.90625
117.863404065,347,2642,14500,42.2821930556,-83.7354,33.0,0.479999989271,0.0,0.0,8.0,,,,,,,,2.34375,5.46875,-3.125,-3.90625
117.863404065,347,2642,14700,42.2821930556,-83.7354,29.0,0.479999989271,0.0,0.0,8.0,,,,,,,,2.34375,5.46875,-3.125,-3.90625
117.863404065,347,2642,14900,42.2821930556,-83.7354,29.0,0.479999989271,0.0,0.0,8.0,,,,,,,,2.34375,5.46875,-3.125,-3.90625
117.863404065,347,2642,15500,42.2821930556,-83.7354,29.0,0.479999989271,0.0,0.0,8.0,,,,,,,,0.0,0.0,-3.125,-3.90625
117.863404065,347,2642,15700,42.2821930556,-83.7354,25.0,0.479999989271,0.0,0.0,8.0,,,,,,,,0.0,0.0,-3.125,-3.90625
117.863404065,347,2642,17200,42.2821930556,-83.7354,21.0,0.479999989271,0.0,0.0,8.0,,,,,,,,0.0,0.0,-3.125,-3.90625
117.863404065,347,2642,17500,42.2821930556,-83.7354,21.0,0.449999988079,0.0,0.0,8.0,,,,,,,,0.0,0.0,-3.125,-3.90625
117.863404065,347,2642,18200,42.2821930556,-83.7354,13.0,0.449999988079,0.0,0.0,8.0,,,,,,,,0.0,0.0,-3.125,-3.90625
117.863404065,347,2642,18500,42.2821636111,-83.7356136111,13.0,0.449999988079,0.0,0.0,8.0,,,,,,,,0.0,0.0,-3.125,-3.90625
117.863404065,347,2642,19300,42.2821636111,-83.7356136111,12.0,0.449999988079,0.0,0.0,8.0,,,,,,,,0.0,0.0,-3.125,-3.90625
117.863404065,347,2642,20300,42.2821636111,-83.7356136111,13.0,0.449999988079,0.0,0.0,8.0,,,,,,,,0.0,0.0,-3.125,-3.90625
117.863404065,347,2642,21400,42.2821636111,-83.7356136111,18.0,0.449999988079,0.0,0.0,8.0,,,,,,,,0.0,0.0,-3.125,-3.90625
117.863404065,347,2642,21500,42.2821491667,-83.7357616667,18.0,25.8500003815,1408.0,0.0,8.0,,,,,,,,0.0,0.0,-3.125,-3.90625
117.863404065,347,2642,22500,42.2821491667,-83.7357616667,23.0,25.8500003815,1408.0,0.0,8.0,,,,,,,,0.0,0.0,-3.125,-3.90625
117.863404065,347,2642,23600,42.2821491667,-83.7357616667,28.0,24.5400009155,1042.0,0.0,8.0,,,,,,,,0.0,0.0,-3.125,-3.90625
117.863404065,347,2642,24500,42.282085,-83.7358516667,28.0,24.5400009155,1042.0,0.0,8.0,,,,,,,,0.0,0.0,-3.125,-3.90625
117.863404065,347,2642,24700,42.282085,-83.7358516667,30.0,24.5400009155,1042.0,16.0784320831,8.0,,,,,,,,0.0,0.0,-3.125,-3.90625
117.863404065,347,2642,25800,42.282085,-83.7358516667,29.0,0.949999988079,170.0,16.0784320831,8.0,,,,,,,,3.125,0.0,-3.125,-3.90625
117.863404065,347,2642,26800,42.282085,-83.7358516667,26.0,0.949999988079,170.0,16.0784320831,8.0,,,,,,,,3.125,0.0,-3.125,-3.90625
117.863404065,347,2642,27500,42.2820411111,-83.7359158333,26.0,0.949999988079,170.0,16.0784320831,8.0,,,,,,,,3.125,0.0,-3.125,-3.90625
117.863404065,347,2642,27800,42.2820411111,-83.7359158333,26.0,0.699999988079,0.0,16.0784320831,8.0,,,,,,,,3.125,0.0,-3.125,-3.90625
117.863404065,347,2642,27900,42.2820411111,-83.7359158333,23.0,0.699999988079,0.0,16.0784320831,8.0,,,,,,,,3.125,0.0,-3.125,-3.90625
117.863404065,347,2642,28900,42.2820411111,-83.7359158333,17.0,0.699999988079,0.0,16.0784320831,8.0,,,,,,,,3.125,0.0,-3.125,-3.90625
117.863404065,347,2642,29900,42.2820411111,-83.7359158333,13.0,0.479999989271,0.0,0.0,8.0,,,,,,,,3.125,0.0,-3.125,-3.90625
117.863404065,347,2642,30100,42.2820411111,-83.7359158333,13.0,0.479999989271,0.0,0.0,8.0,,,,,,,,3.125,0.0,-3.125,-4.6875
117.863404065,347,2642,30600,42.2820994444,-83.7360294444,13.0,0.479999989271,0.0,0.0,8.0,,,,,,,,3.125,0.0,-3.125,-4.6875
117.863404065,347,2642,31000,42.2820994444,-83.7360294444,8.0,0.479999989271,0.0,0.0,8.0,,,,,,,,0.0,0.0,-3.125,-4.6875
117.863404065,347,2642,32000,42.2820994444,-83.7360294444,4.0,0.479999989271,0.0,0.0,8.0,,,,,,,,0.0,0.0,-3.125,-4.6875
117.863404065,347,2642,32400,42.2820994444,-83.7360294444,4.0,0.460000008345,0.0,0.0,8.0,,,,,,,,0.0,0.0,-3.125,-4.6875
117.863404065,347,2642,33300,42.2820994444,-83.7360294444,4.0,0.460000008345,0.0,0.0,8.0,,,,,,,,0.0,0.0,-3.90625,-4.6875
117.863404065,347,2642,33600,42.2819519444,-83.7361252778,4.0,0.449999988079,0.0,0.0,8.0,,,,,,,,0.0,0.0,-3.90625,-4.6875
117.863404065,347,2642,35900,42.2819519444,-83.7361252778,0.0,0.449999988079,0.0,0.0,8.0,,,,,,,,0.0,0.0,-3.90625,-4.6875
117.863404065,347,2642,39900,42.2819519444,-83.7361252778,0.0,0.430000007153,0.0,0.0,8.0,,,,,,,,0.0,0.0,-3.90625,-4.6875
117.863404065,347,2642,48700,42.2817352778,-83.73591,0.0,0.430000007153,0.0,0.0,8.0,,,,,,,,0.0,0.0,-3.90625,-4.6875
117.863404065,347,2642,49200,42.2817352778,-83.73591,0.0,0.430000007153,1310.0,0.0,8.0,,,,,,,,0.0,0.0,-3.90625,-4.6875
117.863404065,347,2642,49500,42.2817352778,-83.73591,0.0,30.9799995422,1216.0,0.0,8.0,,,,,,,,0.0,0.0,-3.90625,-4.6875
117.863404065,347,2642,49600,42.2817352778,-83.73591,0.0,30.9799995422,1216.0,73.7254943848,8.0,,,,,,,,0.0,0.0,-3.90625,-4.6875
117.863404065,347,2642,50300,42.2817352778,-83.73591,0.0,30.9799995422,1216.0,73.7254943848,8.0,,,,,,,,1.5625,3.125,-3.90625,-4.6875
117.863404065,347,2642,50400,42.2817352778,-83.73591,0.0,30.9799995422,1216.0,73.7254943848,8.0,,,,,,,,1.5625,3.125,3.125,-4.6875
117.863404065,347,2642,50500,42.2817352778,-83.73591,0.0,30.9799995422,1216.0,73.7254943848,8.0,,,,,,,,1.5625,3.125,3.125,3.125
117.863404065,347,2642,50600,42.2817352778,-83.73591,16.0,30.9799995422,1216.0,73.7254943848,8.0,,,,,,,,1.5625,3.125,3.125,3.125
117.863404065,347,2642,51500,42.2816119444,-83.7358994444,16.0,27.9599990845,1216.0,73.7254943848,8.0,,,,,,,,1.5625,3.125,3.125,3.125
117.863404065,347,2642,52700,42.2816119444,-83.7358994444,21.0,27.9599990845,1216.0,73.7254943848,8.0,,,,,,,,1.5625,3.125,3.125,3.125
117.863404065,347,2642,53500,42.2816119444,-83.7358994444,21.0,19.9599990845,1015.0,73.7254943848,8.0,,,,,,,,1.5625,3.125,3.125,3.125
117.863404065,347,2642,54700,42.2814558333,-83.7359322222,22.0,19.9599990845,1015.0,74.9019622803,8.0,,,,,,,,1.5625,3.125,3.125,3.125
117.863404065,347,2642,55600,42.2814558333,-83.7359322222,22.0,33.8899993896,1341.0,74.9019622803,8.0,,,,,,,,1.5625,3.125,3.125,3.125
117.863404065,347,2642,55700,42.2814558333,-83.7359322222,24.0,33.8899993896,1341.0,74.9019622803,8.0,,,,,,,,1.5625,3.125,3.125,3.125
117.863404065,347,2642,56800,42.2814558333,-83.7359322222,26.0,33.8899993896,1341.0,74.9019622803,8.0,,,,,,,,1.5625,3.125,3.125,3.125
117.863404065,347,2642,57900,42.2814558333,-83.7359322222,30.0,31.0599994659,1248.0,74.9019622803,8.0,,,,,,,,1.5625,3.125,3.125,3.125
117.863404065,347,2642,58700,42.2813594444,-83.7359930556,30.0,31.0599994659,1248.0,74.9019622803,8.0,,,,,,,,1.5625,3.125,3.125,3.125
117.863404065,347,2642,59000,42.2813594444,-83.7359930556,32.0,31.0599994659,1248.0,74.9019622803,8.0,,,,,,,,1.5625,3.125,3.125,3.125
117.863404065,347,2642,60100,42.2813594444,-83.7359930556,33.0,3.80999994278,928.0,11.372549057,8.0,,,,,,,,1.5625,3.125,3.125,3.125
117.863404065,347,2642,60600,42.2813594444,-83.7359930556,33.0,3.80999994278,928.0,11.372549057,8.0,,,,,,,,0.78125,-0.78125,3.125,3.125
117.863404065,347,2642,61100,42.2813594444,-83.7359930556,32.0,3.80999994278,928.0,11.372549057,8.0,,,,,,,,0.78125,-0.78125,3.125,3.125
117.863404065,347,2642,61600,42.2813397222,-83.7362158333,32.0,3.80999994278,928.0,11.372549057,8.0,,,,,,,,0.78125,-0.78125,3.125,3.125
117.863404065,347,2642,62200,42.2813397222,-83.7362158333,27.0,3.80999994278,0.0,11.372549057,8.0,,,,,,,,0.78125,-0.78125,3.125,3.125
117.863404065,347,2642,63200,42.2813397222,-83.7362158333,24.0,3.80999994278,0.0,11.372549057,8.0,,,,,,,,0.78125,-0.78125,3.125,3.125
117.863404065,347,2642,64200,42.2813397222,-83.7362158333,17.0,0.52999997139,0.0,11.372549057,8.0,,,,,,,,0.78125,-0.78125,3.125,3.125
117.863404065,347,2642,64600,42.2813069444,-83.7364127778,17.0,0.52999997139,0.0,11.372549057,8.0,,,,,,,,0.78125,-0.78125,3.125,3.125
117.863404065,347,2642,65300,42.2813069444,-83.7364127778,13.0,0.52999997139,0.0,0.0,8.0,,,,,,,,0.78125,-0.78125,3.125,3.125
117.863404065,347,2642,65700,42.2813069444,-83.7364127778,13.0,0.52999997139,0.0,0.0,8.0,,,,,,,,0.0,0.0,3.125,3.125
117.863404065,347,2642,66300,42.2813069444,-83.7364127778,10.0,0.5,0.0,0.0,8.0,,,,,,,,0.0,0.0,3.125,3.125
117.863404065,347,2642,67400,42.2813069444,-83.7364127778,8.0,0.5,0.0,0.0,8.0,,,,,,,,0.0,0.0,3.125,3.125
117.863404065,347,2642,67600,42.2812886111,-83.7365241667,8.0,0.5,0.0,0.0,8.0,,,,,,,,0.0,0.0,3.125,3.125
117.863404065,347,2642,68400,42.2812886111,-83.7365241667,6.0,0.479999989271,0.0,0.0,8.0,,,,,,,,0.0,0.0,3.125,3.125
117.863404065,347,2642,69400,42.2812886111,-83.7365241667,4.0,0.479999989271,0.0,0.0,8.0,,,,,,,,0.0,0.0,3.125,3.125
117.863404065,347,2642,70600,42.2812886111,-83.7365241667,4.0,0.479999989271,0.0,0.0,8.0,,,,,,,,0.0,0.0,-3.90625,3.125
117.863404065,347,2642,70700,42.2812886111,-83.7365241667,4.0,0.479999989271,0.0,0.0,8.0,,,,,,,,0.0,0.0,-3.90625,-4.6875
117.863404065,347,2642,70800,42.2812886111,-83.7365241667,0.0,0.479999989271,0.0,0.0,8.0,,,,,,,,0.0,0.0,-3.90625,-4.6875
117.863404065,347,2642,74800,42.2812886111,-83.7365241667,0.0,0.460000008345,0.0,0.0,8.0,,,,,,,,0.0,0.0,-3.90625,-4.6875
117.863404065,347,2642,74900,42.2812886111,-83.7365241667,0.0,0.460000008345,0.0,0.0,8.0,,,,,,,,0.0,0.0,-3.90625,-4.6875
117.863404065,347,2642,76600,42.2812552778,-83.7365902778,0.0,0.460000008345,0.0,0.0,8.0,,,,,,,,0.0,0.0,-3.90625,-4.6875
117.863404065,347,2642,77700,42.2812552778,-83.7365902778,0.0,0.430000007153,0.0,0.0,8.0,,,,,,,,0.0,0.0,-3.90625,-4.6875
117.863404065,347,2642,78700,42.2812552778,-83.7365902778,4.0,0.430000007153,0.0,0.0,8.0,,,,,,,,0.0,0.0,-3.90625,-4.6875
117.863404065,347,2642,79900,42.2812552778,-83.7365902778,4.0,0.449999988079,0.0,0.0,8.0,,,,,,,,0.0,0.0,-3.90625,-4.6875
117.863404065,347,2642,80600,42.2812469444,-83.7366525,4.0,0.449999988079,0.0,0.0,8.0,,,,,,,,0.0,0.0,-3.90625,-4.6875
117.863404065,347,2642,81100,42.2812469444,-83.7366525,4.0,0.430000007153,0.0,0.0,8.0,,,,,,,,0.0,0.0,-3.90625,-4.6875
117.863404065,347,2642,83300,42.2812469444,-83.7366525,0.0,0.430000007153,0.0,0.0,8.0,,,,,,,,0.0,0.0,-3.90625,-4.6875
117.863404065,347,2642,83700,42.2812375,-83.7366797222,0.0,0.430000007153,0.0,0.0,8.0,,,,,,,,0.0,0.0,-3.90625,-4.6875
117.863404065,347,2642,84500,42.2812375,-83.7366797222,0.0,18.6000003815,1205.0,0.0,8.0,,,,,,,,0.0,0.0,-3.90625,-4.6875
117.863404065,347,2642,84600,42.2812375,-83.7366797222,0.0,18.6000003815,1205.0,45.0980415344,8.0,,,,,,,,0.0,0.0,-3.90625,-4.6875
117.863404065,347,2642,85300,42.2812375,-83.7366797222,0.0,18.6000003815,1205.0,45.0980415344,8.0,,,,,,,,3.125,4.6875,-3.90625,-4.6875
117.863404065,347,2642,85400,42.2812375,-83.7366797222,0.0,18.6000003815,1205.0,45.0980415344,8.0,,,,,,,,3.125,4.6875,3.125,-4.6875
117.863404065,347,2642,85500,42.2812375,-83.7366797222,0.0,18.6000003815,1205.0,45.0980415344,8.0,,,,,,,,3.125,4.6875,3.125,4.6875
117.863404065,347,2642,85600,42.2812375,-83.7366797222,20.0,18.6000003815,1205.0,45.0980415344,8.0,,,,,,,,3.125,4.6875,3.125,4.6875
117.863404065,347,2642,86500,42.2812252778,-83.7368638889,20.0,36.2099990845,1709.0,45.0980415344,8.0,,,,,,,,3.125,4.6875,3.125,4.6875
117.863404065,347,2642,87700,42.2812252778,-83.7368638889,36.0,36.2099990845,1709.0,45.0980415344,8.0,,,,,,,,3.125,4.6875,3.125,4.6875
117.863404065,347,2642,88500,42.2812252778,-83.7368638889,36.0,48.0999984741,2182.0,45.0980415344,8.0,,,,,,,,3.125,4.6875,3.125,4.6875
117.863404065,347,2642,88700,42.2812252778,-83.7368638889,40.0,48.0999984741,2182.0,45.0980415344,8.0,,,,,,,,3.125,4.6875,3.125,4.6875
117.863404065,347,2642,89700,42.2812252778,-83.7368638889,40.0,48.0999984741,2182.0,68.6274490356,8.0,,,,,,,,3.125,4.6875,3.125,4.6875
117.863404065,347,2642,90500,42.2811905556,-83.7374166667,40.0,48.0999984741,2182.0,68.6274490356,8.0,,,,,,,,3.125,4.6875,3.125,4.6875
117.863404065,347,2642,90700,42.2811905556,-83.7374166667,40.0,15.1700000763,1218.0,68.6274490356,8.0,,,,,,,,3.125,4.6875,3.125,4.6875
117.863404065,347,2642,90800,42.2811905556,-83.7374166667,46.0,15.1700000763,1218.0,68.6274490356,8.0,,,,,,,,3.125,4.6875,3.125,4.6875
117.863404065,347,2642,91900,42.2811905556,-83.7374166667,47.0,15.1700000763,1218.0,68.6274490356,8.0,,,,,,,,3.125,4.6875,3.125,4.6875
117.863404065,347,2642,93000,42.2811905556,-83.7374166667,48.0,20.75,1358.0,68.6274490356,8.0,,,,,,,,3.125,4.6875,3.125,4.6875
117.863404065,347,2642,93500,42.2811677778,-83.7379155556,48.0,20.75,1358.0,68.6274490356,8.0,,,,,,,,3.125,4.6875,3.125,4.6875
117.863404065,347,2642,94000,42.2811677778,-83.7379155556,50.0,20.75,1358.0,68.6274490356,8.0,,,,,,,,3.125,4.6875,3.125,4.6875
117.863404065,347,2642,95100,42.2811677778,-83.7379155556,50.0,1.12000000477,159.0,21.5686283112,8.0,,,,,,,,3.125,4.6875,3.125,4.6875
117.863404065,347,2642,96100,42.2811677778,-83.7379155556,50.0,1.12000000477,159.0,21.5686283112,8.0,,,,,,,,-8.59375,-13.28125,3.125,4.6875
117.863404065,347,2642,96700,42.2811713889,-83.7384111111,50.0,1.12000000477,159.0,21.5686283112,8.0,,,,,,,,-8.59375,-13.28125,3.125,4.6875
117.863404065,347,2642,97200,42.2811713889,-83.7384111111,50.0,0.589999973774,0.0,21.5686283112,8.0,,,,,,,,-8.59375,-13.28125,3.125,4.6875
117.863404065,347,2642,99200,42.2811713889,-83.7384111111,48.0,0.5,0.0,21.5686283112,8.0,,,,,,,,-8.59375,-13.28125,3.125,4.6875
117.863404065,347,2642,99600,42.2811661111,-83.7388963889,48.0,0.5,0.0,21.5686283112,8.0,,,,,,,,-8.59375,-13.28125,3.125,4.6875
117.863404065,347,2642,100300,42.2811661111,-83.7388963889,43.0,0.5,0.0,0.0,8.0,,,,,,,,-8.59375,-13.28125,3.125,4.6875
117.863404065,347,2642,101300,42.2811661111,-83.7388963889,39.0,0.5,0.0,0.0,8.0,,,,,,,,0.0,0.0,3.125,4.6875
117.863404065,347,2642,102400,42.2811661111,-83.7388963889,34.0,0.5,0.0,0.0,8.0,,,,,,,,0.0,0.0,3.125,4.6875
117.863404065,347,2642,102700,42.2811319444,-83.7392763889,34.0,0.5,0.0,0.0,8.0,,,,,,,,0.0,0.0,3.125,4.6875
117.863404065,347,2642,103400,42.2811319444,-83.7392763889,31.0,0.479999989271,0.0,0.0,8.0,,,,,,,,0.0,0.0,3.125,4.6875
117.863404065,347,2642,104400,42.2811319444,-83.7392763889,27.0,0.479999989271,0.0,0.0,8.0,,,,,,,,0.0,0.0,3.125,4.6875
117.863404065,347,2642,105500,42.2811458333,-83.739515,24.0,0.479999989271,0.0,0.0,8.0,,,,,,,,0.0,0.0,3.125,4.6875
117.863404065,347,2642,106500,42.2811458333,-83.739515,18.0,0.479999989271,0.0,0.0,8.0,,,,,,,,0.0,0.0,3.125,4.6875
117.863404065,347,2642,107600,42.2811458333,-83.739515,16.0,0.460000008345,0.0,0.0,8.0,,,,,,,,0.0,0.0,3.125,4.6875
117.863404065,347,2642,108600,42.2811458333,-83.739515,15.0,0.460000008345,0.0,0.0,8.0,,,,,,,,0.0,0.0,3.125,4.6875
117.863404065,347,2642,109500,42.2811675,-83.7396872222,15.0,0.460000008345,0.0,0.0,8.0,,,,,,,,0.0,0.0,3.125,4.6875
117.863404065,347,2642,109600,42.2811675,-83.7396872222,17.0,0.449999988079,0.0,0.0,8.0,,,,,,,,0.0,0.0,3.125,4.6875
117.863404065,347,2642,110700,42.2811675,-83.7396872222,18.0,0.449999988079,0.0,0.0,8.0,,,,,,,,0.0,0.0,3.125,4.6875
117.863404065,347,2642,111700,42.2811675,-83.7396872222,20.0,0.449999988079,0.0,0.0,8.0,,,,,,,,0.0,0.0,3.125,4.6875
117.863404065,347,2642,112600,42.2811727778,-83.7398977778,20.0,0.449999988079,0.0,0.0,8.0,,,,,,,,0.0,0.0,3.125,4.6875
117.863404065,347,2642,112800,42.2811727778,-83.7398977778,21.0,0.449999988079,0.0,0.0,8.0,,,,,,,,0.0,0.0,3.125,4.6875
117.863404065,347,2642,113800,42.2811727778,-83.7398977778,22.0,0.449999988079,0.0,0.0,8.0,,,,,,,,0.0,0.0,3.125,4.6875
117.863404065,347,2642,115600,42.28117,-83.7401175,22.0,0.449999988079,0.0,0.0,8.0,,,,,,,,0.0,0.0,3.125,4.6875
117.863404065,347,2642,115900,42.28117,-83.7401175,19.0,0.430000007153,0.0,0.0,8.0,,,,,,,,0.0,0.0,3.125,4.6875
117.863404065,347,2642,116900,42.28117,-83.7401175,16.0,0.430000007153,0.0,0.0,8.0,,,,,,,,0.0,0.0,3.125,4.6875
117.863404065,347,2642,118000,42.28117,-83.7401175,9.0,0.430000007153,0.0,0.0,8.0,,,,,,,,0.0,0.0,3.125,4.6875
117.863404065,347,2642,118700,42.2811638889,-83.7402261111,9.0,0.430000007153,0.0,0.0,8.0,,,,,,,,0.0,0.0,3.125,4.6875
117.863404065,347,2642,119000,42.2811638889,-83.7402261111,6.0,0.430000007153,0.0,0.0,8.0,,,,,,,,0.0,0.0,3.125,4.6875
117.863404065,347,2642,120200,42.2811638889,-83.7402261111,6.0,0.430000007153,0.0,0.0,8.0,,,,,,,,0.0,0.0,-3.90625,4.6875
117.863404065,347,2642,120300,42.2811638889,-83.7402261111,6.0,0.430000007153,0.0,0.0,8.0,,,,,,,,0.0,0.0,-3.90625,-4.6875
117.863404065,347,2642,121500,42.281135,-83.7402952778,4.0,0.430000007153,0.0,0.0,8.0,,,,,,,,0.0,0.0,-3.90625,-4.6875
117.863404065,347,2642,125100,42.281135,-83.7402952778,0.0,0.430000007153,0.0,0.0,8.0,,,,,,,,0.0,0.0,-3.90625,-4.6875
117.863404065,347,2642,134900,42.281135,-83.7402952778,0.0,0.430000007153,0.0,0.0,8.0,,,,,,,,0.0,0.0,-3.90625,-4.6875
117.863404065,347,2642,150500,42.2812502778,-83.7404119444,0.0,0.430000007153,0.0,0.0,8.0,,,,,,,,0.0,0.0,-3.90625,-4.6875
117.863404065,347,2642,150900,42.2812502778,-83.7404119444,0.0,0.430000007153,1078.0,0.0,8.0,,,,,,,,0.0,0.0,-3.90625,-4.6875
117.863404065,347,2642,151000,42.2812502778,-83.7404119444,0.0,23.5599994659,1078.0,0.0,8.0,,,,,,,,0.0,0.0,-3.90625,-4.6875
117.863404065,347,2642,151100,42.2812502778,-83.7404119444,0.0,23.5599994659,1078.0,52.9411773682,8.0,,,,,,,,0.0,0.0,-3.90625,-4.6875
117.863404065,347,2642,151900,42.2812502778,-83.7404119444,0.0,23.5599994659,1078.0,52.9411773682,8.0,,,,,,,,0.0,0.0,-0.78125,-4.6875
117.863404065,347,2642,152000,42.2812502778,-83.7404119444,0.0,23.5599994659,1078.0,52.9411773682,8.0,,,,,,,,0.0,0.0,-0.78125,0.0
117.863404065,347,2642,152100,42.2812502778,-83.7404119444,22.0,23.5599994659,1078.0,52.9411773682,8.0,,,,,,,,0.0,0.0,-0.78125,0.0
117.863404065,347,2642,152900,42.2812502778,-83.7404119444,22.0,23.5599994659,1817.0,52.9411773682,8.0,,,,,,,,0.0,0.0,-0.78125,0.0
117.863404065,347,2642,153000,42.2812502778,-83.7404119444,22.0,4.63999986649,1817.0,52.9411773682,8.0,,,,,,,,0.0,0.0,-0.78125,0.0
117.863404065,347,2642,153600,42.2812627778,-83.7406041667,22.0,4.63999986649,1817.0,52.9411773682,8.0,,,,,,,,0.0,0.0,-0.78125,0.0
117.863404065,347,2642,154100,42.2812627778,-83.7406041667,26.0,4.63999986649,1817.0,52.9411773682,8.0,,,,,,,,0.0,0.0,-0.78125,0.0
117.863404065,347,2642,155000,42.2812627778,-83.7406041667,26.0,4.03999996185,1536.0,52.9411773682,8.0,,,,,,,,0.0,0.0,-0.78125,0.0
117.863404065,347,2642,155200,42.2812627778,-83.7406041667,27.0,4.03999996185,1536.0,52.9411773682,8.0,,,,,,,,0.0,0.0,-0.78125,0.0
117.863404065,347,2642,156100,42.2812627778,-83.7406041667,27.0,4.03999996185,1536.0,0.0,8.0,,,,,,,,0.0,0.0,-0.78125,0.0
117.863404065,347,2642,156200,42.2812627778,-83.7406041667,28.0,4.03999996185,1536.0,0.0,8.0,,,,,,,,0.0,0.0,-0.78125,0.0
117.863404065,347,2642,156600,42.2812525,-83.7409127778,28.0,4.03999996185,1536.0,0.0,8.0,,,,,,,,0.0,0.0,-0.78125,0.0
117.863404065,347,2642,157000,42.2812525,-83.7409127778,28.0,3.52999997139,0.0,0.0,8.0,,,,,,,,0.0,0.0,-0.78125,0.0
117.863404065,347,2642,158300,42.2812525,-83.7409127778,26.0,3.52999997139,0.0,0.0,8.0,,,,,,,,0.0,0.0,-0.78125,0.0
117.863404065,347,2642,159200,42.2812525,-83.7409127778,26.0,0.509999990463,0.0,0.0,8.0,,,,,,,,0.0,0.0,-0.78125,0.0
117.863404065,347,2642,159300,42.2812525,-83.7409127778,22.0,0.509999990463,0.0,0.0,8.0,,,,,,,,0.0,0.0,-0.78125,0.0
117.863404065,347,2642,159700,42.2812461111,-83.7411558333,22.0,0.509999990463,0.0,0.0,8.0,,,,,,,,0.0,0.0,-0.78125,0.0
117.863404065,347,2642,160400,42.2812461111,-83.7411558333,18.0,0.509999990463,0.0,0.0,8.0,,,,,,,,0.0,0.0,-0.78125,0.0
117.863404065,347,2642,161400,42.2812461111,-83.7411558333,18.0,0.479999989271,0.0,0.0,8.0,,,,,,,,0.0,0.0,-0.78125,0.0
117.863404065,347,2642,161500,42.2812461111,-83.7411558333,10.0,0.479999989271,0.0,0.0,8.0,,,,,,,,0.0,0.0,-0.78125,0.0
117.863404065,347,2642,163500,42.2812552778,-83.74126,10.0,0.479999989271,0.0,0.0,8.0,,,,,,,,0.0,0.0,-0.78125,0.0
117.863404065,347,2642,163600,42.2812552778,-83.74126,8.0,0.460000008345,0.0,0.0,8.0,,,,,,,,0.0,0.0,-0.78125,0.0
117.863404065,347,2642,164600,42.2812552778,-83.74126,7.0,0.460000008345,0.0,0.0,8.0,,,,,,,,0.0,0.0,-0.78125,0.0
117.863404065,347,2642,165600,42.2812552778,-83.74126,4.0,0.449999988079,0.0,0.0,8.0,,,,,,,,0.0,0.0,-0.78125,0.0
117.863404065,347,2642,166600,42.2812591667,-83.7412577778,4.0,0.449999988079,0.0,0.0,8.0,,,,,,,,0.0,0.0,-0.78125,0.0
117.863404065,347,2642,168800,42.2812591667,-83.7412577778,8.0,0.449999988079,0.0,0.0,8.0,,,,,,,,0.0,0.0,-0.78125,0.0
117.863404065,347,2642,169600,42.2812719444,-83.7413680556,8.0,0.449999988079,0.0,0.0,8.0,,,,,,,,0.0,0.0,-0.78125,0.0
117.863404065,347,2642,169800,42.2812719444,-83.7413680556,17.0,8.92000007629,1280.0,0.0,8.0,,,,,,,,0.0,0.0,-0.78125,0.0
117.863404065,347,2642,170800,42.2812719444,-83.7413680556,19.0,8.92000007629,1280.0,0.0,8.0,,,,,,,,0.0,0.0,-0.78125,0.0
117.863404065,347,2642,171900,42.2812719444,-83.7413680556,20.0,4.88999986649,960.0,16.0784320831,8.0,,,,,,,,0.0,0.0,-0.78125,0.0
117.863404065,347,2642,172700,42.2812727778,-83.7415419444,20.0,4.88999986649,960.0,16.0784320831,8.0,,,,,,,,0.0,0.0,-0.78125,0.0
117.863404065,347,2642,174000,42.2812727778,-83.7415419444,20.0,0.810000002384,256.0,16.0784320831,8.0,,,,,,,,0.0,0.0,-0.78125,0.0
117.863404065,347,2642,175000,42.2812727778,-83.7415419444,19.0,0.810000002384,256.0,16.0784320831,8.0,,,,,,,,0.0,0.0,-0.78125,0.0
117.863404065,347,2642,175500,42.2812677778,-83.7416772222,19.0,0.810000002384,256.0,16.0784320831,8.0,,,,,,,,0.0,0.0,-0.78125,0.0
117.863404065,347,2642,176000,42.2812677778,-83.7416772222,15.0,0.850000023842,0.0,16.0784320831,8.0,,,,,,,,0.0,0.0,-0.78125,0.0
117.863404065,347,2642,177100,42.2812677778,-83.7416772222,14.0,0.850000023842,0.0,0.0,8.0,,,,,,,,0.0,0.0,-0.78125,0.0
117.863404065,347,2642,178100,42.2812677778,-83.7416772222,12.0,0.479999989271,0.0,0.0,8.0,,,,,,,,0.0,0.0,-0.78125,0.0
117.863404065,347,2642,178600,42.2812622222,-83.7417808333,12.0,0.479999989271,0.0,0.0,8.0,,,,,,,,0.0,0.0,-0.78125,0.0
117.863404065,347,2642,179200,42.2812622222,-83.7417808333,11.0,0.479999989271,0.0,0.0,8.0,,,,,,,,0.0,0.0,-0.78125,0.0
117.863404065,347,2642,180200,42.2812622222,-83.7417808333,9.0,0.479999989271,0.0,0.0,8.0,,,,,,,,0.0,0.0,-0.78125,0.0
117.863404065,347,2642,181200,42.2812622222,-83.7417808333,7.0,0.479999989271,0.0,0.0,8.0,,,,,,,,0.0,0.0,-0.78125,0.0
117.863404065,347,2642,181600,42.2812719444,-83.7418497222,7.0,0.479999989271,0.0,0.0,8.0,,,,,,,,0.0,0.0,-0.78125,0.0
117.863404065,347,2642,182300,42.2812719444,-83.7418497222,5.0,0.449999988079,0.0,0.0,8.0,,,,,,,,0.0,0.0,-0.78125,0.0
117.863404065,347,2642,184400,42.2812719444,-83.7418497222,6.0,6.65000009537,848.0,0.0,8.0,,,,,,,,0.0,0.0,-0.78125,0.0
117.863404065,347,2642,184700,42.2812902778,-83.7419419444,6.0,6.65000009537,848.0,0.0,8.0,,,,,,,,0.0,0.0,-0.78125,0.0
117.863404065,347,2642,185400,42.2812902778,-83.7419419444,16.0,6.65000009537,848.0,0.0,8.0,,,,,,,,0.0,0.0,-0.78125,0.0
117.863404065,347,2642,186400,42.2812902778,-83.7419419444,23.0,23.9500007629,1024.0,0.0,8.0,,,,,,,,0.0,0.0,-0.78125,0.0
117.863404065,347,2642,187500,42.2812525,-83.7421222222,26.0,23.9500007629,1024.0,29.8039226532,8.0,,,,,,,,0.0,0.0,-0.78125,0.0
117.863404065,347,2642,188500,42.2812525,-83.7421222222,29.0,14.6199998856,1395.0,29.8039226532,8.0,,,,,,,,0.0,0.0,-0.78125,0.0
117.863404065,347,2642,189600,42.2812525,-83.7421222222,32.0,14.6199998856,1395.0,29.8039226532,8.0,,,,,,,,0.0,0.0,-0.78125,0.0
117.863404065,347,2642,190600,42.2812525,-83.7421222222,35.0,25.8199996948,1415.0,29.8039226532,8.0,,,,,,,,0.0,0.0,-0.78125,0.0
117.863404065,347,2642,191500,42.2812994444,-83.7425166667,35.0,25.8199996948,1415.0,29.8039226532,8.0,,,,,,,,0.0,0.0,-0.78125,0.0
117.863404065,347,2642,191600,42.2812994444,-83.7425166667,37.0,25.8199996948,1415.0,29.8039226532,8.0,,,,,,,,0.0,0.0,-0.78125,0.0
117.863404065,347,2642,192700,42.2812994444,-83.7425166667,38.0,3.93000006676,192.0,0.0,8.0,,,,,,,,0.0,0.0,-0.78125,0.0
117.863404065,347,2642,193800,42.2812994444,-83.7425166667,37.0,3.93000006676,192.0,0.0,8.0,,,,,,,,-4.6875,-3.90625,-0.78125,0.0
117.863404065,347,2642,194500,42.281265,-83.7429458333,37.0,3.93000006676,192.0,0.0,8.0,,,,,,,,-4.6875,-3.90625,-0.78125,0.0
117.863404065,347,2642,195000,42.281265,-83.7429458333,28.0,0.540000021458,0.0,0.0,8.0,,,,,,,,-4.6875,-3.90625,-0.78125,0.0
117.863404065,347,2642,196000,42.281265,-83.7429458333,24.0,0.540000021458,0.0,0.0,8.0,,,,,,,,-4.6875,-3.90625,-0.78125,0.0
117.863404065,347,2642,197100,42.281265,-83.7429458333,18.0,0.5,0.0,0.0,8.0,,,,,,,,-4.6875,-3.90625,-0.78125,0.0
117.863404065,347,2642,197600,42.2812619444,-83.7432536111,18.0,0.5,0.0,0.0,8.0,,,,,,,,-4.6875,-3.90625,-0.78125,0.0
117.863404065,347,2642,198200,42.2812619444,-83.7432536111,10.0,0.5,0.0,0.0,8.0,,,,,,,,-4.6875,-3.90625,-0.78125,0.0
117.863404065,347,2642,199100,42.2812619444,-83.7432536111,10.0,0.5,0.0,0.0,8.0,,,,,,,,0.0,0.0,-0.78125,0.0
117.863404065,347,2642,199200,42.2812619444,-83.7432536111,5.0,0.5,0.0,0.0,8.0,,,,,,,,0.0,0.0,-0.78125,0.0
117.863404065,347,2642,200200,42.2812619444,-83.7432536111,4.0,0.5,0.0,0.0,8.0,,,,,,,,0.0,0.0,-0.78125,0.0
117.863404065,347,2642,200600,42.2812952778,-83.7434066667,4.0,0.5,0.0,0.0,8.0,,,,,,,,0.0,0.0,-0.78125,0.0
117.863404065,347,2642,201100,42.2812952778,-83.7434066667,4.0,0.460000008345,0.0,0.0,8.0,,,,,,,,0.0,0.0,-0.78125,0.0
117.863404065,347,2642,204100,42.2812952778,-83.7434066667,4.0,0.460000008345,0.0,0.0,8.0,,,,,,,,0.0,0.0,-3.90625,0.0
117.863404065,347,2642,204200,42.2812952778,-83.7434066667,4.0,0.460000008345,0.0,0.0,8.0,,,,,,,,0.0,0.0,-3.90625,-4.6875
117.863404065,347,2642,204300,42.2812952778,-83.7434066667,0.0,0.460000008345,0.0,0.0,8.0,,,,,,,,0.0,0.0,-3.90625,-4.6875
117.863404065,347,2642,208300,42.2812952778,-83.7434066667,0.0,0.430000007153,0.0,0.0,8.0,,,,,,,,0.0,0.0,-3.90625,-4.6875
117.863404065,347,2642,230700,42.2812994444,-83.7435702778,0.0,0.430000007153,0.0,0.0,8.0,,,,,,,,0.0,0.0,-3.90625,-4.6875
117.863404065,347,2642,246600,42.2813180556,-83.7436713889,0.0,0.430000007153,0.0,0.0,8.0,,,,,,,,0.0,0.0,-3.90625,-4.6875
117.863404065,347,2642,247200,42.2813180556,-83.7436713889,0.0,0.430000007153,1108.0,0.0,8.0,,,,,,,,0.0,0.0,-3.90625,-4.6875
117.863404065,347,2642,247300,42.2813180556,-83.7436713889,0.0,19.0400009155,1108.0,0.0,8.0,,,,,,,,0.0,0.0,-3.90625,-4.6875
117.863404065,347,2642,247400,42.2813180556,-83.7436713889,0.0,19.0400009155,1108.0,44.7058830261,8.0,,,,,,,,0.0,0.0,-3.90625,-4.6875
117.863404065,347,2642,248200,42.2813180556,-83.7436713889,0.0,19.0400009155,1108.0,44.7058830261,8.0,,,,,,,,0.0,0.0,-1.5625,-4.6875
117.863404065,347,2642,248300,42.2813180556,-83.7436713889,19.0,19.0400009155,1108.0,44.7058830261,8.0,,,,,,,,0.0,0.0,-1.5625,-0.78125
117.863404065,347,2642,249200,42.2813180556,-83.7436713889,19.0,19.0400009155,1493.0,44.7058830261,8.0,,,,,,,,0.0,0.0,-1.5625,-0.78125
117.863404065,347,2642,249300,42.2813180556,-83.7436713889,19.0,28.1700000763,1493.0,44.7058830261,8.0,,,,,,,,0.0,0.0,-1.5625,-0.78125
117.863404065,347,2642,249600,42.2813333333,-83.7438188889,19.0,28.1700000763,1493.0,44.7058830261,8.0,,,,,,,,0.0,0.0,-1.5625,-0.78125
117.863404065,347,2642,250400,42.2813333333,-83.7438188889,22.0,28.1700000763,1493.0,44.7058830261,8.0,,,,,,,,0.0,0.0,-1.5625,-0.78125
117.863404065,347,2642,251200,42.2813333333,-83.7438188889,22.0,28.1700000763,1216.0,44.7058830261,8.0,,,,,,,,0.0,0.0,-1.5625,-0.78125
117.863404065,347,2642,251300,42.2813333333,-83.7438188889,22.0,13.7299995422,1216.0,44.7058830261,8.0,,,,,,,,0.0,0.0,-1.5625,-0.78125
117.863404065,347,2642,251500,42.2813333333,-83.7438188889,30.0,13.7299995422,1216.0,44.7058830261,8.0,,,,,,,,0.0,0.0,-1.5625,-0.78125
117.863404065,347,2642,252400,42.2813333333,-83.7438188889,30.0,13.7299995422,1216.0,32.1568641663,8.0,,,,,,,,0.0,0.0,-1.5625,-0.78125
117.863404065,347,2642,252500,42.2813333333,-83.7438188889,35.0,13.7299995422,1216.0,32.1568641663,8.0,,,,,,,,0.0,0.0,-1.5625,-0.78125
117.863404065,347,2642,252600,42.2813627778,-83.7441594444,35.0,13.7299995422,1216.0,32.1568641663,8.0,,,,,,,,0.0,0.0,-1.5625,-0.78125
117.863404065,347,2642,253300,42.2813627778,-83.7441594444,35.0,12.9600000381,1184.0,32.1568641663,8.0,,,,,,,,0.0,0.0,-1.5625,-0.78125
117.863404065,347,2642,254600,42.2813627778,-83.7441594444,37.0,12.9600000381,1184.0,32.1568641663,8.0,,,,,,,,0.0,0.0,-1.5625,-0.78125
117.863404065,347,2642,255400,42.2813627778,-83.7441594444,37.0,4.76000022888,1056.0,32.1568641663,8.0,,,,,,,,0.0,0.0,-1.5625,-0.78125
117.863404065,347,2642,255600,42.2813738889,-83.7445608333,40.0,4.76000022888,1056.0,32.1568641663,8.0,,,,,,,,0.0,0.0,-1.5625,-0.78125
117.863404065,347,2642,256700,42.2813738889,-83.7445608333,38.0,4.76000022888,1056.0,32.1568641663,8.0,,,,,,,,0.0,0.0,-1.5625,-0.78125
117.863404065,347,2642,257500,42.2813738889,-83.7445608333,38.0,4.34000015259,862.0,14.509803772,8.0,,,,,,,,0.0,0.0,-1.5625,-0.78125
117.863404065,347,2642,258500,42.2813738889,-83.7445608333,38.0,4.34000015259,862.0,14.509803772,8.0,,,,,,,,1.5625,3.125,-1.5625,-0.78125
117.863404065,347,2642,258700,42.2813738889,-83.7445608333,34.0,4.34000015259,862.0,14.509803772,8.0,,,,,,,,1.5625,3.125,-1.5625,-0.78125
117.863404065,347,2642,259600,42.2813861111,-83.7450641667,34.0,4.34000015259,862.0,14.509803772,8.0,,,,,,,,1.5625,3.125,-1.5625,-0.78125
117.863404065,347,2642,260300,42.2813861111,-83.7450641667,31.0,4.32000017166,884.0,14.509803772,8.0,,,,,,,,1.5625,3.125,-1.5625,-0.78125
117.863404065,347,2642,261300,42.2813861111,-83.7450641667,28.0,4.32000017166,884.0,14.509803772,8.0,,,,,,,,1.5625,3.125,-1.5625,-0.78125
117.863404065,347,2642,262300,42.2813861111,-83.7450641667,28.0,4.21000003815,864.0,14.509803772,8.0,,,,,,,,1.5625,3.125,-1.5625,-0.78125
117.863404065,347,2642,262400,42.2813861111,-83.7450641667,22.0,4.21000003815,864.0,14.509803772,8.0,,,,,,,,1.5625,3.125,-1.5625,-0.78125
117.863404065,347,2642,262600,42.2813947222,-83.7453266667,22.0,4.21000003815,864.0,14.509803772,8.0,,,,,,,,1.5625,3.125,-1.5625,-0.78125
117.863404065,347,2642,263600,42.2813947222,-83.7453266667,22.0,4.21000003815,864.0,14.509803772,8.0,,,,,,,,6.25,8.59375,-1.5625,-0.78125
117.863404065,347,2642,264400,42.2813947222,-83.7453266667,22.0,3.53999996185,0.0,14.509803772,8.0,,,,,,,,6.25,8.59375,-1.5625,-0.78125
117.863404065,347,2642,264500,42.2813947222,-83.7453266667,20.0,3.53999996185,0.0,14.509803772,8.0,,,,,,,,6.25,8.59375,-1.5625,-0.78125
117.863404065,347,2642,265600,42.2813947222,-83.7453266667,16.0,3.53999996185,0.0,14.509803772,8.0,,,,,,,,6.25,8.59375,-1.5625,-0.78125
117.863404065,347,2642,266500,42.2813830556,-83.7456133333,16.0,3.53999996185,0.0,14.509803772,8.0,,,,,,,,6.25,8.59375,-1.5625,-0.78125
117.863404065,347,2642,266700,42.2813830556,-83.7456133333,13.0,0.5,0.0,14.509803772,8.0,,,,,,,,6.25,8.59375,-1.5625,-0.78125
117.863404065,347,2642,267800,42.2813830556,-83.7456133333,10.0,0.5,0.0,0.0,8.0,,,,,,,,6.25,8.59375,-1.5625,-0.78125
117.863404065,347,2642,268800,42.2813830556,-83.7456133333,6.0,0.479999989271,0.0,0.0,8.0,,,,,,,,0.0,0.0,-1.5625,-0.78125
117.863404065,347,2642,269600,42.2813827778,-83.7456711111,6.0,0.479999989271,0.0,0.0,8.0,,,,,,,,0.0,0.0,-1.5625,-0.78125
117.863404065,347,2642,269800,42.2813827778,-83.7456711111,4.0,0.479999989271,0.0,0.0,8.0,,,,,,,,0.0,0.0,-1.5625,-0.78125
117.863404065,347,2642,270900,42.2813827778,-83.7456711111,4.0,0.460000008345,0.0,0.0,8.0,,,,,,,,0.0,0.0,-1.5625,-0.78125
117.863404065,347,2642,273100,42.2813827778,-83.7456711111,4.0,0.460000008345,0.0,0.0,8.0,,,,,,,,0.0,0.0,-3.90625,-0.78125
117.863404065,347,2642,273200,42.2813827778,-83.7456711111,4.0,0.460000008345,0.0,0.0,8.0,,,,,,,,0.0,0.0,-3.90625,-4.6875
117.863404065,347,2642,273300,42.2813827778,-83.7456711111,0.0,0.460000008345,0.0,0.0,8.0,,,,,,,,0.0,0.0,-3.90625,-4.6875
117.863404065,347,2642,277300,42.2813827778,-83.7456711111,0.0,0.430000007153,0.0,0.0,8.0,,,,,,,,0.0,0.0,-3.90625,-4.6875
117.863404065,347,2642,287600,42.2814072222,-83.7457291667,0.0,0.430000007153,0.0,0.0,8.0,,,,,,,,0.0,0.0,-3.90625,-4.6875
117.863404065,347,2642,289000,42.2814072222,-83.7457291667,11.0,0.430000007153,0.0,0.0,8.0,,,,,,,,0.0,0.0,-3.90625,-4.6875
117.863404065,347,2642,290600,42.2814263889,-83.7458475,11.0,0.430000007153,0.0,0.0,8.0,,,,,,,,0.0,0.0,-3.90625,-4.6875
117.863404065,347,2642,291100,42.2814263889,-83.7458475,16.0,0.430000007153,0.0,0.0,8.0,,,,,,,,0.0,0.0,-3.90625,-4.6875
117.863404065,347,2642,291900,42.2814263889,-83.7458475,16.0,0.430000007153,1468.0,0.0,8.0,,,,,,,,0.0,0.0,-3.90625,-4.6875
117.863404065,347,2642,292000,42.2814263889,-83.7458475,16.0,3.00999999046,1468.0,0.0,8.0,,,,,,,,0.0,0.0,-3.90625,-4.6875
117.863404065,347,2642,292100,42.2814263889,-83.7458475,20.0,3.00999999046,1468.0,0.0,8.0,,,,,,,,0.0,0.0,-3.90625,-4.6875
117.863404065,347,2642,293100,42.2814263889,-83.7458475,20.0,3.00999999046,1468.0,15.6862745285,8.0,,,,,,,,0.0,0.0,-3.90625,-4.6875
117.863404065,347,2642,293200,42.2814263889,-83.7458475,5.0,3.00999999046,1468.0,15.6862745285,8.0,,,,,,,,0.0,0.0,-3.90625,-4.6875
117.863404065,347,2642,293700,42.2814586111,-83.7459452778,5.0,3.00999999046,1468.0,15.6862745285,8.0,,,,,,,,0.0,0.0,-3.90625,-4.6875
117.863404065,347,2642,294000,42.2814586111,-83.7459452778,5.0,4.34999990463,832.0,15.6862745285,8.0,,,,,,,,0.0,0.0,-3.90625,-4.6875
117.863404065,347,2642,295300,42.2814586111,-83.7459452778,6.0,4.34999990463,832.0,15.6862745285,8.0,,,,,,,,0.0,0.0,-3.90625,-4.6875
117.863404065,347,2642,296100,42.2814586111,-83.7459452778,6.0,8.0,985.0,15.6862745285,8.0,,,,,,,,0.0,0.0,-3.90625,-4.6875
117.863404065,347,2642,296300,42.2814586111,-83.7459452778,10.0,8.0,985.0,15.6862745285,8.0,,,,,,,,0.0,0.0,-3.90625,-4.6875
117.863404065,347,2642,296600,42.2814702778,-83.7459444444,10.0,8.0,985.0,15.6862745285,8.0,,,,,,,,0.0,0.0,-3.90625,-4.6875
117.863404065,347,2642,297300,42.2814702778,-83.7459444444,17.0,8.0,985.0,15.6862745285,8.0,,,,,,,,0.0,0.0,-3.90625,-4.6875
117.863404065,347,2642,298300,42.2814702778,-83.7459444444,17.0,22.5100002289,1331.0,52.9411773682,8.0,,,,,,,,0.0,0.0,-3.90625,-4.6875
117.863404065,347,2642,299400,42.2814702778,-83.7459444444,17.0,22.5100002289,1331.0,52.9411773682,8.0,,,,,,,,7.8125,9.375,-3.90625,-4.6875
117.863404065,347,2642,299500,42.2814702778,-83.7459444444,21.0,22.5100002289,1331.0,52.9411773682,8.0,,,,,,,,7.8125,9.375,-3.90625,-4.6875
117.863404065,347,2642,299700,42.2814566667,-83.746075,21.0,22.5100002289,1331.0,52.9411773682,8.0,,,,,,,,7.8125,9.375,-3.90625,-4.6875
117.863404065,347,2642,300600,42.2814566667,-83.746075,27.0,10.6000003815,1039.0,52.9411773682,8.0,,,,,,,,7.8125,9.375,-3.90625,-4.6875
117.863404065,347,2642,301600,42.2814566667,-83.746075,29.0,10.6000003815,1039.0,52.9411773682,8.0,,,,,,,,7.8125,9.375,-3.90625,-4.6875
117.863404065,347,2642,302500,42.2814358333,-83.7462702778,29.0,10.6000003815,1039.0,52.9411773682,8.0,,,,,,,,7.8125,9.375,-3.90625,-4.6875
117.863404065,347,2642,302600,42.2814358333,-83.7462702778,31.0,1.03999996185,1052.0,52.9411773682,8.0,,,,,,,,7.8125,9.375,-3.90625,-4.6875
117.863404065,347,2642,303600,42.2814358333,-83.7462702778,31.0,1.03999996185,1052.0,0.0,8.0,,,,,,,,7.8125,9.375,-3.90625,-4.6875
117.863404065,347,2642,304700,42.2814358333,-83.7462702778,32.0,2.45000004768,0.0,0.0,8.0,,,,,,,,0.78125,0.0,-3.90625,-4.6875
117.863404065,347,2642,305700,42.2814358333,-83.7462702778,30.0,2.45000004768,0.0,0.0,8.0,,,,,,,,0.78125,0.0,-3.90625,-4.6875
117.863404065,347,2642,306500,42.2814322222,-83.7467047222,30.0,2.45000004768,0.0,0.0,8.0,,,,,,,,0.78125,0.0,-3.90625,-4.6875
117.863404065,347,2642,306800,42.2814322222,-83.7467047222,27.0,0.509999990463,0.0,0.0,8.0,,,,,,,,0.78125,0.0,-3.90625,-4.6875
117.863404065,347,2642,307800,42.2814322222,-83.7467047222,26.0,0.509999990463,0.0,0.0,8.0,,,,,,,,0.78125,0.0,-3.90625,-4.6875
117.863404065,347,2642,308800,42.2814322222,-83.7467047222,28.0,21.7099990845,1346.0,49.0196075439,8.0,,,,,,,,0.78125,0.0,-3.90625,-4.6875
117.863404065,347,2642,309600,42.2814316667,-83.7470202778,28.0,21.7099990845,1346.0,49.0196075439,8.0,,,,,,,,0.78125,0.0,-3.90625,-4.6875
117.863404065,347,2642,309900,42.2814316667,-83.7470202778,34.0,21.7099990845,1346.0,49.0196075439,8.0,,,,,,,,0.0,0.0,-3.90625,-4.6875
117.863404065,347,2642,310900,42.2814316667,-83.7470202778,41.0,46.6500015259,2087.0,49.0196075439,8.0,,,,,,,,0.0,0.0,-3.90625,-4.6875
117.863404065,347,2642,312000,42.2814316667,-83.7470202778,46.0,46.6500015259,2087.0,49.0196075439,8.0,,,,,,,,0.0,0.0,-3.90625,-4.6875
117.863404065,347,2642,312600,42.2814613889,-83.7474452778,46.0,46.6500015259,2087.0,49.0196075439,8.0,,,,,,,,0.0,0.0,-3.90625,-4.6875
117.863404065,347,2642,313000,42.2814613889,-83.7474452778,48.0,10.4499998093,1152.0,49.0196075439,8.0,,,,,,,,0.0,0.0,-3.90625,-4.6875
117.863404065,347,2642,314000,42.2814613889,-83.7474452778,49.0,10.4499998093,1152.0,20.7843132019,8.0,,,,,,,,0.0,0.0,-3.90625,-4.6875
117.863404065,347,2642,315100,42.2814613889,-83.7474452778,50.0,10.5900001526,1183.0,20.7843132019,8.0,,,,,,,,0.78125,0.0,-3.90625,-4.6875
117.863404065,347,2642,315400,42.2814613889,-83.7474452778,50.0,10.5900001526,1183.0,20.7843132019,8.0,,,,,,,,0.78125,0.0,-3.90625,-4.6875
117.863404065,347,2642,315700,42.2814836111,-83.7479286111,50.0,10.5900001526,1183.0,20.7843132019,8.0,,,,,,,,0.78125,0.0,-3.90625,-4.6875
117.863404065,347,2642,317200,42.2814836111,-83.7479286111,51.0,16.1399993896,1280.0,20.7843132019,8.0,,,,,,,,0.78125,0.0,-3.90625,-4.6875
117.863404065,347,2642,318200,42.2814836111,-83.7479286111,52.0,16.1399993896,1280.0,20.7843132019,8.0,,,,,,,,0.78125,0.0,-3.90625,-4.6875
117.863404065,347,2642,318500,42.2814963889,-83.7483825,52.0,16.1399993896,1280.0,20.7843132019,8.0,,,,,,,,0.78125,0.0,-3.90625,-4.6875
117.863404065,347,2642,319200,42.2814963889,-83.7483825,53.0,19.8999996185,1391.0,43.5294113159,8.0,,,,,,,,0.78125,0.0,-3.90625,-4.6875
117.863404065,347,2642,321000,42.2814963889,-83.7483825,54.0,19.8999996185,1391.0,43.5294113159,8.0,,,,,,,,1.5625,-1.5625,-3.90625,-4.6875
117.863404065,347,2642,321200,42.2814963889,-83.7483825,54.0,1.41999995708,0.0,43.5294113159,8.0,,,,,,,,1.5625,-1.5625,-3.90625,-4.6875
117.863404065,347,2642,321600,42.281465,-83.7489658333,54.0,1.41999995708,0.0,43.5294113159,8.0,,,,,,,,1.5625,-1.5625,-3.90625,-4.6875
117.863404065,347,2642,323100,42.281465,-83.7489658333,55.0,1.41999995708,0.0,43.5294113159,8.0,,,,,,,,1.5625,-1.5625,-3.90625,-4.6875
117.863404065,347,2642,323200,42.281465,-83.7489658333,55.0,0.77999997139,0.0,43.5294113159,8.0,,,,,,,,1.5625,-1.5625,-3.90625,-4.6875
117.863404065,347,2642,324300,42.281465,-83.7489658333,55.0,0.77999997139,0.0,0.0,8.0,,,,,,,,1.5625,-1.5625,-3.90625,-4.6875
117.863404065,347,2642,324600,42.2814586111,-83.7494994444,55.0,0.77999997139,0.0,0.0,8.0,,,,,,,,1.5625,-1.5625,-3.90625,-4.6875
117.863404065,347,2642,325200,42.2814586111,-83.7494994444,55.0,0.52999997139,0.0,0.0,8.0,,,,,,,,1.5625,-1.5625,-3.90625,-4.6875
117.863404065,347,2642,326100,42.2814586111,-83.7494994444,55.0,0.52999997139,0.0,0.0,8.0,,,,,,,,0.0,0.0,-3.90625,-4.6875
117.863404065,347,2642,326200,42.2814586111,-83.7494994444,56.0,0.52999997139,0.0,0.0,8.0,,,,,,,,0.0,0.0,-3.90625,-4.6875
117.863404065,347,2642,327200,42.2814586111,-83.7494994444,55.0,0.479999989271,0.0,0.0,8.0,,,,,,,,0.0,0.0,-3.90625,-4.6875
117.863404065,347,2642,327700,42.2814375,-83.7500941667,55.0,0.479999989271,0.0,0.0,8.0,,,,,,,,0.0,0.0,-3.90625,-4.6875
117.863404065,347,2642,328300,42.2814375,-83.7500941667,52.0,0.479999989271,0.0,0.0,8.0,,,,,,,,0.0,0.0,-3.90625,-4.6875
117.863404065,347,2642,329200,42.2814375,-83.7500941667,52.0,0.5,0.0,0.0,8.0,,,,,,,,0.0,0.0,-3.90625,-4.6875
117.863404065,347,2642,329300,42.2814375,-83.7500941667,45.0,0.5,0.0,0.0,8.0,,,,,,,,0.0,0.0,-3.90625,-4.6875
117.863404065,347,2642,330300,42.2814375,-83.7500941667,41.0,0.5,0.0,0.0,8.0,,,,,,,,0.0,0.0,-3.90625,-4.6875
117.863404065,347,2642,330500,42.2814286111,-83.7505977778,41.0,0.5,0.0,0.0,8.0,,,,,,,,0.0,0.0,-3.90625,-4.6875
117.863404065,347,2642,331400,42.2814286111,-83.7505977778,40.0,0.460000008345,0.0,0.0,8.0,,,,,,,,0.0,0.0,-3.90625,-4.6875
117.863404065,347,2642,333700,42.2814286111,-83.7505977778,41.0,0.449999988079,0.0,0.0,8.0,,,,,,,,0.0,0.0,-3.90625,-4.6875
117.863404065,347,2642,334700,42.2814769444,-83.7513094444,41.0,0.449999988079,0.0,0.0,8.0,,,,,,,,0.0,0.0,-3.90625,-4.6875
117.863404065,347,2642,334800,42.2814769444,-83.7513094444,45.0,0.449999988079,0.0,0.0,8.0,,,,,,,,0.0,0.0,-3.90625,-4.6875
117.863404065,347,2642,335800,42.2814769444,-83.7513094444,47.0,0.449999988079,0.0,0.0,8.0,,,,,,,,0.0,0.0,-3.90625,-4.6875
117.863404065,347,2642,336800,42.2814769444,-83.7513094444,49.0,0.449999988079,0.0,0.0,8.0,,,,,,,,0.0,0.0,-3.90625,-4.6875
117.863404065,347,2642,337600,42.2815175,-83.7518705556,49.0,0.449999988079,0.0,0.0,8.0,,,,,,,,0.0,0.0,-3.90625,-4.6875
117.863404065,347,2642,337800,42.2815175,-83.7518705556,50.0,0.460000008345,0.0,0.0,8.0,,,,,,,,0.0,0.0,-3.90625,-4.6875
117.863404065,347,2642,339900,42.2815175,-83.7518705556,49.0,0.460000008345,0.0,0.0,8.0,,,,,,,,0.0,0.0,-3.90625,-4.6875
117.863404065,347,2642,340700,42.2815736111,-83.7523894444,49.0,0.460000008345,0.0,0.0,8.0,,,,,,,,0.0,0.0,-3.90625,-4.6875
117.863404065,347,2642,341000,42.2815736111,-83.7523894444,46.0,0.460000008345,0.0,0.0,8.0,,,,,,,,0.0,0.0,-3.90625,-4.6875
117.863404065,347,2642,342000,42.2815736111,-83.7523894444,42.0,0.449999988079,0.0,0.0,8.0,,,,,,,,0.0,0.0,-3.90625,-4.6875
117.863404065,347,2642,343000,42.2815736111,-83.7523894444,39.0,0.449999988079,0.0,0.0,8.0,,,,,,,,0.0,0.0,-3.90625,-4.6875
117.863404065,347,2642,343500,42.2816375,-83.7528372222,39.0,0.449999988079,0.0,0.0,8.0,,,,,,,,0.0,0.0,-3.90625,-4.6875
117.863404065,347,2642,344100,42.2816375,-83.7528372222,37.0,0.449999988079,0.0,0.0,8.0,,,,,,,,0.0,0.0,-3.90625,-4.6875
117.863404065,347,2642,345100,42.2816375,-83.7528372222,32.0,0.449999988079,0.0,0.0,8.0,,,,,,,,0.0,0.0,-3.90625,-4.6875
117.863404065,347,2642,346200,42.2816375,-83.7528372222,28.0,0.449999988079,0.0,0.0,8.0,,,,,,,,0.0,0.0,-3.90625,-4.6875
117.863404065,347,2642,346600,42.2816583333,-83.7531766667,28.0,0.449999988079,0.0,0.0,8.0,,,,,,,,0.0,0.0,-3.90625,-4.6875
117.863404065,347,2642,347200,42.2816583333,-83.7531766667,25.0,0.449999988079,0.0,0.0,8.0,,,,,,,,0.0,0.0,-3.90625,-4.6875
117.863404065,347,2642,348200,42.2816583333,-83.7531766667,22.0,0.449999988079,0.0,0.0,8.0,,,,,,,,0.0,0.0,-3.90625,-4.6875
117.863404065,347,2642,349300,42.2816583333,-83.7531766667,14.0,0.449999988079,0.0,0.0,8.0,,,,,,,,0.0,0.0,-3.90625,-5.46875
117.863404065,347,2642,349600,42.2816875,-83.7533816667,14.0,0.449999988079,0.0,0.0,8.0,,,,,,,,0.0,0.0,-3.90625,-5.46875
117.863404065,347,2642,350300,42.2816875,-83.7533816667,9.0,0.449999988079,0.0,0.0,8.0,,,,,,,,0.0,0.0,-3.90625,-5.46875
117.863404065,347,2642,351400,42.2816875,-83.7533816667,5.0,0.449999988079,0.0,0.0,8.0,,,,,,,,0.0,0.0,-3.90625,-5.46875
117.863404065,347,2642,352400,42.2816875,-83.7533816667,4.0,0.449999988079,0.0,0.0,8.0,,,,,,,,0.0,0.0,-3.90625,-5.46875
117.863404065,347,2642,352700,42.2816961111,-83.7534733333,4.0,0.449999988079,0.0,0.0,8.0,,,,,,,,0.0,0.0,-3.90625,-5.46875
117.863404065,347,2642,353400,42.2816961111,-83.7534733333,8.0,0.449999988079,0.0,0.0,8.0,,,,,,,,0.0,0.0,-3.90625,-5.46875
117.863404065,347,2642,354500,42.2816961111,-83.7534733333,12.0,0.430000007153,0.0,0.0,8.0,,,,,,,,0.0,0.0,-3.90625,-5.46875
117.863404065,347,2642,355500,42.2817063889,-83.7536102778,15.0,0.430000007153,0.0,0.0,8.0,,,,,,,,0.0,0.0,-3.90625,-5.46875
117.863404065,347,2642,356600,42.2817063889,-83.7536102778,14.0,0.430000007153,0.0,0.0,8.0,,,,,,,,0.0,0.0,-3.90625,-5.46875
117.863404065,347,2642,357600,42.2817063889,-83.7536102778,9.0,0.430000007153,0.0,0.0,8.0,,,,,,,,0.0,0.0,-3.90625,-5.46875
117.863404065,347,2642,358600,42.2817063889,-83.7536102778,13.0,22.3999996185,1371.0,0.0,8.0,,,,,,,,0.0,0.0,-3.90625,-5.46875
117.863404065,347,2642,359500,42.2817225,-83.7538177778,13.0,22.3999996185,1371.0,0.0,8.0,,,,,,,,0.0,0.0,-3.90625,-5.46875
117.863404065,347,2642,359700,42.2817225,-83.7538177778,20.0,22.3999996185,1371.0,0.0,8.0,,,,,,,,0.0,0.0,-3.90625,-5.46875
117.863404065,347,2642,360700,42.2817225,-83.7538177778,27.0,45.6800003052,2069.0,67.0588226318,8.0,,,,,,,,0.0,0.0,-3.90625,-5.46875
117.863404065,347,2642,361800,42.2817225,-83.7538177778,31.0,45.6800003052,2069.0,67.0588226318,8.0,,,,,,,,0.0,0.0,-3.90625,-5.46875
117.863404065,347,2642,362600,42.2817144444,-83.7541444444,31.0,45.6800003052,2069.0,67.0588226318,8.0,,,,,,,,0.0,0.0,-3.90625,-5.46875
117.863404065,347,2642,362800,42.2817144444,-83.7541444444,38.0,47.8499984741,2142.0,67.0588226318,8.0,,,,,,,,0.0,0.0,-3.90625,-5.46875
117.863404065,347,2642,363800,42.2817144444,-83.7541444444,42.0,47.8499984741,2142.0,67.0588226318,8.0,,,,,,,,0.0,0.0,-3.90625,-5.46875
117.863404065,347,2642,364900,42.2817144444,-83.7541444444,46.0,43.2599983215,1943.0,67.0588226318,8.0,,,,,,,,0.0,0.0,-3.90625,-5.46875
117.863404065,347,2642,365700,42.2817275,-83.7545861111,46.0,43.2599983215,1943.0,67.0588226318,8.0,,,,,,,,0.0,0.0,-3.90625,-5.46875
117.863404065,347,2642,366000,42.2817275,-83.7545861111,48.0,43.2599983215,1943.0,68.6274490356,8.0,,,,,,,,0.0,0.0,-3.90625,-5.46875
117.863404065,347,2642,367200,42.2817275,-83.7545861111,49.0,38.5600013733,1760.0,68.6274490356,8.0,,,,,,,,0.0,0.0,-3.90625,-5.46875
117.863404065,347,2642,368200,42.2817275,-83.7545861111,52.0,38.5600013733,1760.0,68.6274490356,8.0,,,,,,,,0.0,-0.78125,-3.90625,-5.46875
117.863404065,347,2642,368700,42.2817586111,-83.7551383333,52.0,38.5600013733,1760.0,68.6274490356,8.0,,,,,,,,0.0,-0.78125,-3.90625,-5.46875
117.863404065,347,2642,369400,42.2817586111,-83.7551383333,53.0,32.5400009155,1532.0,68.6274490356,8.0,,,,,,,,0.0,-0.78125,-3.90625,-5.46875
117.863404065,347,2642,370400,42.2817586111,-83.7551383333,55.0,32.5400009155,1532.0,68.6274490356,8.0,,,,,,,,0.0,-0.78125,-3.90625,-5.46875
117.863404065,347,2642,371500,42.2817586111,-83.7551383333,56.0,32.8899993896,1536.0,65.0980377197,8.0,,,,,,,,0.0,-0.78125,-3.90625,-5.46875
117.863404065,347,2642,371600,42.2817841667,-83.75573,56.0,32.8899993896,1536.0,65.0980377197,8.0,,,,,,,,0.0,-0.78125,-3.90625,-5.46875
117.863404065,347,2642,372500,42.2817841667,-83.75573,57.0,32.8899993896,1536.0,65.0980377197,8.0,,,,,,,,0.0,-0.78125,-3.90625,-5.46875
117.863404065,347,2642,373600,42.2817841667,-83.75573,59.0,23.0100002289,1536.0,65.0980377197,8.0,,,,,,,,0.78125,-0.78125,-3.90625,-5.46875
117.863404065,347,2642,375600,42.2817894444,-83.7565694444,58.0,4.94999980927,1389.0,65.0980377197,8.0,,,,,,,,0.78125,-0.78125,-3.90625,-5.46875
117.863404065,347,2642,376700,42.2817894444,-83.7565694444,55.0,4.94999980927,1389.0,27.0588245392,8.0,,,,,,,,0.78125,-0.78125,-3.90625,-5.46875
117.863404065,347,2642,377700,42.2817894444,-83.7565694444,50.0,3.77999997139,0.0,27.0588245392,8.0,,,,,,,,0.78125,-0.78125,-3.90625,-5.46875
117.863404065,347,2642,378600,42.2818108333,-83.7571036111,50.0,3.77999997139,0.0,27.0588245392,8.0,,,,,,,,0.78125,-0.78125,-3.90625,-5.46875
117.863404065,347,2642,378800,42.2818108333,-83.7571036111,46.0,3.77999997139,0.0,27.0588245392,8.0,,,,,,,,-6.25,-4.6875,-3.90625,-5.46875
117.863404065,347,2642,379300,42.2818108333,-83.7571036111,46.0,3.77999997139,0.0,27.0588245392,8.0,,,,,,,,-6.25,-4.6875,-3.90625,-4.6875
117.863404065,347,2642,379800,42.2818108333,-83.7571036111,44.0,0.540000021458,0.0,27.0588245392,8.0,,,,,,,,-6.25,-4.6875,-3.90625,-4.6875
117.863404065,347,2642,380800,42.2818108333,-83.7571036111,39.0,0.540000021458,0.0,27.0588245392,8.0,,,,,,,,-6.25,-4.6875,-3.90625,-4.6875
117.863404065,347,2642,381700,42.2818536111,-83.7575219444,39.0,0.540000021458,0.0,0.0,8.0,,,,,,,,-6.25,-4.6875,-3.90625,-4.6875
117.863404065,347,2642,381800,42.2818536111,-83.7575219444,39.0,0.52999997139,0.0,0.0,8.0,,,,,,,,-6.25,-4.6875,-3.90625,-4.6875
117.863404065,347,2642,381900,42.2818536111,-83.7575219444,34.0,0.52999997139,0.0,0.0,8.0,,,,,,,,-6.25,-4.6875,-3.90625,-4.6875
117.863404065,347,2642,382900,42.2818536111,-83.7575219444,28.0,0.52999997139,0.0,0.0,8.0,,,,,,,,-6.25,-4.6875,-3.90625,-4.6875
117.863404065,347,2642,383800,42.2818536111,-83.7575219444,28.0,0.5,0.0,0.0,8.0,,,,,,,,0.0,0.0,-3.90625,-4.6875
117.863404065,347,2642,384500,42.2819408333,-83.7577955556,28.0,0.5,0.0,0.0,8.0,,,,,,,,0.0,0.0,-3.90625,-4.6875
117.863404065,347,2642,385000,42.2819408333,-83.7577955556,23.0,0.5,0.0,0.0,8.0,,,,,,,,0.0,0.0,-3.90625,-4.6875
117.863404065,347,2642,385800,42.2819408333,-83.7577955556,23.0,0.479999989271,0.0,0.0,8.0,,,,,,,,0.0,0.0,-3.90625,-4.6875
117.863404065,347,2642,387100,42.2819408333,-83.7577955556,17.0,0.479999989271,0.0,0.0,8.0,,,,,,,,0.0,0.0,-3.90625,-4.6875
117.863404065,347,2642,387600,42.2819663889,-83.7579880556,17.0,0.479999989271,0.0,0.0,8.0,,,,,,,,0.0,0.0,-3.90625,-4.6875
117.863404065,347,2642,387900,42.2819663889,-83.7579880556,17.0,0.460000008345,0.0,0.0,8.0,,,,,,,,0.0,0.0,-3.90625,-4.6875
117.863404065,347,2642,389100,42.2819663889,-83.7579880556,15.0,0.460000008345,0.0,0.0,8.0,,,,,,,,0.0,0.0,-3.90625,-4.6875
117.863404065,347,2642,390200,42.2819663889,-83.7579880556,11.0,0.460000008345,0.0,0.0,8.0,,,,,,,,0.0,0.0,-3.90625,-4.6875
117.863404065,347,2642,390600,42.2819780556,-83.7581127778,11.0,0.460000008345,0.0,0.0,8.0,,,,,,,,0.0,0.0,-3.90625,-4.6875
117.863404065,347,2642,391200,42.2819780556,-83.7581127778,8.0,0.460000008345,0.0,0.0,8.0,,,,,,,,0.0,0.0,-3.90625,-4.6875
117.863404065,347,2642,392300,42.2819780556,-83.7581127778,6.0,0.460000008345,0.0,0.0,8.0,,,,,,,,0.0,0.0,-3.90625,-4.6875
117.863404065,347,2642,393300,42.2819780556,-83.7581127778,5.0,0.460000008345,0.0,0.0,8.0,,,,,,,,0.0,0.0,-3.90625,-4.6875
117.863404065,347,2642,393700,42.2819666667,-83.7581511111,5.0,0.460000008345,0.0,0.0,8.0,,,,,,,,0.0,0.0,-3.90625,-4.6875
117.863404065,347,2642,394300,42.2819666667,-83.7581511111,4.0,0.460000008345,0.0,0.0,8.0,,,,,,,,0.0,0.0,-3.90625,-4.6875
117.863404065,347,2642,396200,42.2819666667,-83.7581511111,4.0,0.449999988079,0.0,0.0,8.0,,,,,,,,0.0,0.0,-3.90625,-4.6875
117.863404065,347,2642,397600,42.2819666667,-83.7581511111,0.0,0.449999988079,0.0,0.0,8.0,,,,,,,,0.0,0.0,-3.90625,-4.6875
117.863404065,347,2642,412300,42.2819666667,-83.7581511111,0.0,0.460000008345,0.0,0.0,8.0,,,,,,,,0.0,0.0,-3.90625,-4.6875
117.863404065,347,2642,417500,42.2819666667,-83.7581511111,0.0,0.449999988079,0.0,0.0,8.0,,,,,,,,0.0,0.0,-3.90625,-4.6875
117.863404065,347,2642,423700,42.2819716667,-83.7580869444,0.0,0.449999988079,0.0,0.0,8.0,,,,,,,,0.0,0.0,-3.90625,-4.6875
117.863404065,347,2642,425100,42.2819716667,-83.7580869444,12.0,0.449999988079,0.0,0.0,8.0,,,,,,,,0.0,0.0,-3.90625,-4.6875
117.863404065,347,2642,426500,42.2819702778,-83.7582208333,12.0,0.449999988079,0.0,0.0,8.0,,,,,,,,0.0,0.0,-3.90625,-4.6875
117.863404065,347,2642,427200,42.2819702778,-83.7582208333,16.0,0.449999988079,0.0,0.0,8.0,,,,,,,,0.0,0.0,-3.90625,-4.6875
117.863404065,347,2642,428000,42.2819702778,-83.7582208333,16.0,0.449999988079,1317.0,0.0,8.0,,,,,,,,0.0,0.0,-3.90625,-4.6875
117.863404065,347,2642,428100,42.2819702778,-83.7582208333,16.0,20.9799995422,1317.0,0.0,8.0,,,,,,,,0.0,0.0,-3.90625,-4.6875
117.863404065,347,2642,428200,42.2819702778,-83.7582208333,20.0,20.9799995422,1317.0,0.0,8.0,,,,,,,,0.0,0.0,-3.90625,-4.6875
117.863404065,347,2642,429200,42.2819702778,-83.7582208333,20.0,20.9799995422,1317.0,64.7058868408,8.0,,,,,,,,0.0,0.0,-3.90625,-4.6875
117.863404065,347,2642,429300,42.2819702778,-83.7582208333,24.0,20.9799995422,1317.0,64.7058868408,8.0,,,,,,,,0.0,0.0,-3.90625,-4.6875
117.863404065,347,2642,429600,42.2819958333,-83.7584869444,24.0,20.9799995422,1317.0,64.7058868408,8.0,,,,,,,,0.0,0.0,-3.90625,-4.6875
117.863404065,347,2642,430100,42.2819958333,-83.7584869444,24.0,31.5699996948,1492.0,64.7058868408,8.0,,,,,,,,0.0,0.0,-3.90625,-4.6875
117.863404065,347,2642,430300,42.2819958333,-83.7584869444,35.0,31.5699996948,1492.0,64.7058868408,8.0,,,,,,,,0.0,0.0,-3.90625,-4.6875
117.863404065,347,2642,432200,42.2819958333,-83.7584869444,35.0,22.8899993896,1371.0,64.7058868408,8.0,,,,,,,,0.0,0.0,-3.90625,-4.6875
117.863404065,347,2642,432400,42.2819958333,-83.7584869444,39.0,22.8899993896,1371.0,64.7058868408,8.0,,,,,,,,0.0,0.0,-3.90625,-4.6875
117.863404065,347,2642,432600,42.2820277778,-83.7588544444,39.0,22.8899993896,1371.0,64.7058868408,8.0,,,,,,,,0.0,0.0,-3.90625,-4.6875
117.863404065,347,2642,433400,42.2820277778,-83.7588544444,41.0,22.8899993896,1371.0,64.7058868408,8.0,,,,,,,,0.0,0.0,-3.90625,-4.6875
117.863404065,347,2642,434200,42.2820277778,-83.7588544444,41.0,28.3099994659,1418.0,61.5686302185,8.0,,,,,,,,0.0,0.0,-3.90625,-4.6875
117.863404065,347,2642,434500,42.2820277778,-83.7588544444,44.0,28.3099994659,1418.0,61.5686302185,8.0,,,,,,,,0.0,0.0,-3.90625,-4.6875
117.863404065,347,2642,435400,42.2820277778,-83.7588544444,44.0,28.3099994659,1418.0,61.5686302185,8.0,,,,,,,,3.90625,7.8125,-3.90625,-4.6875
117.863404065,347,2642,435500,42.2820277778,-83.7588544444,47.0,28.3099994659,1418.0,61.5686302185,8.0,,,,,,,,3.90625,7.8125,-3.90625,-4.6875
117.863404065,347,2642,435700,42.2820277778,-83.7588544444,47.0,28.3099994659,1418.0,61.5686302185,8.0,,,,,,,,3.90625,7.8125,-3.90625,-4.6875
117.863404065,347,2642,436500,42.2820433333,-83.7595163889,47.0,28.3099994659,1418.0,61.5686302185,8.0,,,,,,,,3.90625,7.8125,-3.90625,-4.6875
117.863404065,347,2642,436600,42.2820433333,-83.7595163889,49.0,27.6499996185,1408.0,61.5686302185,8.0,,,,,,,,3.90625,7.8125,-3.90625,-4.6875
117.863404065,347,2642,437700,42.2820433333,-83.7595163889,52.0,27.6499996185,1408.0,61.5686302185,8.0,,,,,,,,3.90625,7.8125,-3.90625,-4.6875
117.863404065,347,2642,438800,42.2820433333,-83.7595163889,54.0,28.6399993896,1502.0,61.5686302185,8.0,,,,,,,,3.90625,7.8125,-3.90625,-4.6875
117.863404065,347,2642,439200,42.2820433333,-83.7595163889,54.0,28.6399993896,1502.0,58.4313735962,8.0,,,,,,,,3.90625,7.8125,-3.90625,-4.6875
117.863404065,347,2642,439600,42.282045,-83.7600627778,54.0,28.6399993896,1502.0,58.4313735962,8.0,,,,,,,,3.90625,7.8125,-3.90625,-4.6875
117.863404065,347,2642,439900,42.282045,-83.7600627778,55.0,28.6399993896,1502.0,58.4313735962,8.0,,,,,,,,3.90625,7.8125,-3.90625,-4.6875
117.863404065,347,2642,440800,42.282045,-83.7600627778,55.0,7.21000003815,914.0,58.4313735962,8.0,,,,,,,,1.5625,0.78125,-3.90625,-4.6875
117.863404065,347,2642,442700,42.2820372222,-83.7606419444,55.0,7.21000003815,914.0,58.4313735962,8.0,,,,,,,,1.5625,0.78125,-3.90625,-4.6875
117.863404065,347,2642,442800,42.2820372222,-83.7606419444,55.0,2.58999991417,0.0,58.4313735962,8.0,,,,,,,,1.5625,0.78125,-3.90625,-4.6875
117.863404065,347,2642,443600,42.2820372222,-83.7606419444,54.0,2.58999991417,0.0,58.4313735962,8.0,,,,,,,,1.5625,0.78125,-3.90625,-4.6875
117.863404065,347,2642,444400,42.2820372222,-83.7606419444,54.0,2.58999991417,0.0,0.0,8.0,,,,,,,,1.5625,0.78125,-3.90625,-4.6875
117.863404065,347,2642,444800,42.2820372222,-83.7606419444,54.0,15.1400003433,1280.0,0.0,8.0,,,,,,,,1.5625,0.78125,-3.90625,-4.6875
117.863404065,347,2642,445600,42.2820175,-83.7612405556,54.0,15.1400003433,1280.0,0.0,8.0,,,,,,,,1.5625,0.78125,-3.90625,-4.6875
117.863404065,347,2642,445900,42.2820175,-83.7612405556,54.0,15.1400003433,1280.0,0.0,8.0,,,,,,,,0.0,0.0,-3.90625,-4.6875
117.863404065,347,2642,446800,42.2820175,-83.7612405556,54.0,17.4500007629,1376.0,0.0,8.0,,,,,,,,0.0,0.0,-3.90625,-4.6875
117.863404065,347,2642,448600,42.2820272222,-83.7618136111,54.0,17.4500007629,1376.0,0.0,8.0,,,,,,,,0.0,0.0,-3.90625,-4.6875
117.863404065,347,2642,448800,42.2820272222,-83.7618136111,54.0,20.0100002289,1344.0,0.0,8.0,,,,,,,,0.0,0.0,-3.90625,-4.6875
117.863404065,347,2642,449600,42.2820272222,-83.7618136111,54.0,20.0100002289,1344.0,42.745098114,8.0,,,,,,,,0.0,0.0,-3.90625,-4.6875
117.863404065,347,2642,450800,42.2820272222,-83.7618136111,54.0,18.3899993896,1332.0,42.745098114,8.0,,,,,,,,0.0,0.0,-3.90625,-4.6875
117.863404065,347,2642,450900,42.2820272222,-83.7618136111,55.0,18.3899993896,1332.0,42.745098114,8.0,,,,,,,,-2.34375,0.78125,-3.90625,-4.6875
117.863404065,347,2642,451600,42.2820497222,-83.7623458333,55.0,18.3899993896,1332.0,42.745098114,8.0,,,,,,,,-2.34375,0.78125,-3.90625,-4.6875
117.863404065,347,2642,451900,42.2820497222,-83.7623458333,54.0,18.3899993896,1332.0,42.745098114,8.0,,,,,,,,-2.34375,0.78125,-3.90625,-4.6875
117.863404065,347,2642,452800,42.2820497222,-83.7623458333,54.0,1.12000000477,198.0,42.745098114,8.0,,,,,,,,-2.34375,0.78125,-3.90625,-4.6875
117.863404065,347,2642,453000,42.2820497222,-83.7623458333,52.0,1.12000000477,198.0,42.745098114,8.0,,,,,,,,-2.34375,0.78125,-3.90625,-4.6875
117.863404065,347,2642,454000,42.2820497222,-83.7623458333,51.0,1.12000000477,198.0,42.745098114,8.0,,,,,,,,-2.34375,0.78125,-3.90625,-4.6875
117.863404065,347,2642,454700,42.2820577778,-83.7628877778,51.0,1.12000000477,198.0,42.745098114,8.0,,,,,,,,-2.34375,0.78125,-3.90625,-4.6875
117.863404065,347,2642,454800,42.2820577778,-83.7628877778,51.0,0.560000002384,0.0,0.0,8.0,,,,,,,,-2.34375,0.78125,-3.90625,-4.6875
117.863404065,347,2642,455100,42.2820577778,-83.7628877778,49.0,0.560000002384,0.0,0.0,8.0,,,,,,,,-2.34375,0.78125,-3.90625,-4.6875
117.863404065,347,2642,456000,42.2820577778,-83.7628877778,49.0,0.560000002384,0.0,0.0,8.0,,,,,,,,0.0,0.0,-3.90625,-4.6875
117.863404065,347,2642,456100,42.2820577778,-83.7628877778,46.0,0.560000002384,0.0,0.0,8.0,,,,,,,,0.0,0.0,-3.90625,-4.6875
117.863404065,347,2642,457000,42.2820577778,-83.7628877778,46.0,17.1399993896,1296.0,0.0,8.0,,,,,,,,0.0,0.0,-3.90625,-4.6875
117.863404065,347,2642,457100,42.2820577778,-83.7628877778,47.0,17.1399993896,1296.0,0.0,8.0,,,,,,,,0.0,0.0,-3.90625,-4.6875
117.863404065,347,2642,457500,42.2820716667,-83.7633875,47.0,17.1399993896,1296.0,0.0,8.0,,,,,,,,0.0,0.0,-3.90625,-4.6875
117.863404065,347,2642,458200,42.2820716667,-83.7633875,48.0,17.1399993896,1296.0,0.0,8.0,,,,,,,,0.0,0.0,-3.90625,-4.6875
117.863404065,347,2642,459100,42.2820716667,-83.7633875,48.0,27.7000007629,1441.0,0.0,8.0,,,,,,,,0.0,0.0,-3.90625,-4.6875
117.863404065,347,2642,459200,42.2820716667,-83.7633875,50.0,27.7000007629,1441.0,0.0,8.0,,,,,,,,0.0,0.0,-3.90625,-4.6875
117.863404065,347,2642,460100,42.2820716667,-83.7633875,50.0,27.7000007629,1441.0,48.235294342,8.0,,,,,,,,0.0,0.0,-3.90625,-4.6875
117.863404065,347,2642,460300,42.2820716667,-83.7633875,52.0,27.7000007629,1441.0,48.235294342,8.0,,,,,,,,0.0,0.0,-3.90625,-4.6875
117.863404065,347,2642,460600,42.2820777778,-83.7638986111,52.0,27.7000007629,1441.0,48.235294342,8.0,,,,,,,,0.0,0.0,-3.90625,-4.6875
117.863404065,347,2642,461200,42.2820777778,-83.7638986111,52.0,12.5600004196,1209.0,48.235294342,8.0,,,,,,,,1.5625,0.78125,-3.90625,-4.6875
117.863404065,347,2642,463200,42.2820777778,-83.7638986111,52.0,0.980000019073,171.0,48.235294342,8.0,,,,,,,,1.5625,0.78125,-3.90625,-4.6875
117.863404065,347,2642,463400,42.2820777778,-83.7638986111,51.0,0.980000019073,171.0,48.235294342,8.0,,,,,,,,1.5625,0.78125,-3.90625,-4.6875
117.863404065,347,2642,463500,42.2820927778,-83.7644338889,51.0,0.980000019073,171.0,48.235294342,8.0,,,,,,,,1.5625,0.78125,-3.90625,-4.6875
117.863404065,347,2642,465300,42.2820927778,-83.7644338889,51.0,0.600000023842,0.0,0.0,8.0,,,,,,,,1.5625,0.78125,-3.90625,-4.6875
117.863404065,347,2642,465500,42.2820927778,-83.7644338889,50.0,0.600000023842,0.0,0.0,8.0,,,,,,,,1.5625,0.78125,-3.90625,-4.6875
117.863404065,347,2642,466400,42.2820927778,-83.7644338889,50.0,0.600000023842,0.0,0.0,8.0,,,,,,,,0.0,0.0,-3.90625,-4.6875
117.863404065,347,2642,466500,42.2820927778,-83.7644338889,49.0,0.600000023842,0.0,0.0,8.0,,,,,,,,0.0,0.0,-3.90625,-4.6875
117.863404065,347,2642,466600,42.2821008333,-83.764955,49.0,0.600000023842,0.0,0.0,8.0,,,,,,,,0.0,0.0,-3.90625,-4.6875
117.863404065,347,2642,467400,42.2821008333,-83.764955,49.0,0.5,0.0,0.0,8.0,,,,,,,,0.0,0.0,-3.90625,-4.6875
117.863404065,347,2642,467500,42.2821008333,-83.764955,48.0,0.5,0.0,0.0,8.0,,,,,,,,0.0,0.0,-3.90625,-4.6875
117.863404065,347,2642,468600,42.2821008333,-83.764955,47.0,0.5,0.0,0.0,8.0,,,,,,,,0.0,0.0,-3.90625,-4.6875
117.863404065,347,2642,469600,42.2821008333,-83.764955,47.0,5.92999982834,928.0,0.0,8.0,,,,,,,,0.0,0.0,-3.90625,-4.6875
117.863404065,347,2642,470700,42.2822058333,-83.7656536111,47.0,5.92999982834,928.0,50.1960792542,8.0,,,,,,,,0.0,0.0,-3.90625,-4.6875
117.863404065,347,2642,471800,42.2822058333,-83.7656536111,48.0,5.44999980927,1216.0,50.1960792542,8.0,,,,,,,,0.0,0.0,-3.90625,-4.6875
117.863404065,347,2642,473700,42.28233,-83.7661311111,48.0,5.44999980927,1216.0,50.1960792542,8.0,,,,,,,,0.0,0.0,-3.90625,-4.6875
117.863404065,347,2642,473900,42.28233,-83.7661311111,48.0,11.1700000763,896.0,50.1960792542,8.0,,,,,,,,0.0,0.0,-3.90625,-4.6875
117.863404065,347,2642,475000,42.28233,-83.7661311111,49.0,11.1700000763,896.0,50.1960792542,8.0,,,,,,,,0.0,0.0,-3.90625,-4.6875
117.863404065,347,2642,476000,42.28233,-83.7661311111,50.0,15.1000003815,1177.0,36.4705886841,8.0,,,,,,,,0.0,0.0,-3.90625,-4.6875
117.863404065,347,2642,476500,42.2824977778,-83.7666222222,50.0,15.1000003815,1177.0,36.4705886841,8.0,,,,,,,,0.0,0.0,-3.90625,-4.6875
117.863404065,347,2642,477000,42.2824977778,-83.7666222222,49.0,15.1000003815,1177.0,36.4705886841,8.0,,,,,,,,0.0,0.0,-3.90625,-4.6875
117.863404065,347,2642,478100,42.2824977778,-83.7666222222,48.0,10.529999733,1240.0,36.4705886841,8.0,,,,,,,,0.0,0.0,-3.90625,-4.6875
117.863404065,347,2642,479100,42.2824977778,-83.7666222222,47.0,10.529999733,1240.0,36.4705886841,8.0,,,,,,,,0.0,0.0,-3.90625,-4.6875
117.863404065,347,2642,479700,42.2826691667,-83.7671030556,47.0,10.529999733,1240.0,36.4705886841,8.0,,,,,,,,0.0,0.0,-3.90625,-4.6875
117.863404065,347,2642,480200,42.2826691667,-83.7671030556,45.0,2.34999990463,617.0,36.4705886841,8.0,,,,,,,,0.0,0.0,-3.90625,-4.6875
117.863404065,347,2642,481200,42.2826691667,-83.7671030556,46.0,2.34999990463,617.0,56.4705886841,8.0,,,,,,,,0.0,0.0,-3.90625,-4.6875
117.863404065,347,2642,482200,42.2826691667,-83.7671030556,46.0,26.0699996948,1408.0,56.4705886841,8.0,,,,,,,,6.25,1.5625,-3.90625,-4.6875
117.863404065,347,2642,482500,42.2827783333,-83.7675805556,46.0,26.0699996948,1408.0,56.4705886841,8.0,,,,,,,,6.25,1.5625,-3.90625,-4.6875
117.863404065,347,2642,483300,42.2827783333,-83.7675805556,48.0,26.0699996948,1408.0,56.4705886841,8.0,,,,,,,,6.25,1.5625,-3.90625,-4.6875
117.863404065,347,2642,484300,42.2827783333,-83.7675805556,49.0,28.4599990845,1376.0,56.4705886841,8.0,,,,,,,,6.25,1.5625,-3.90625,-4.6875
117.863404065,347,2642,485400,42.2827783333,-83.7675805556,50.0,28.4599990845,1376.0,56.4705886841,8.0,,,,,,,,6.25,1.5625,-3.90625,-4.6875
117.863404065,347,2642,485600,42.2829616667,-83.7680055556,50.0,28.4599990845,1376.0,56.4705886841,8.0,,,,,,,,6.25,1.5625,-3.90625,-4.6875
117.863404065,347,2642,486400,42.2829616667,-83.7680055556,52.0,30.6399993896,1472.0,63.1372566223,8.0,,,,,,,,6.25,1.5625,-3.90625,-4.6875
117.863404065,347,2642,487400,42.2829616667,-83.7680055556,53.0,30.6399993896,1472.0,63.1372566223,8.0,,,,,,,,2.34375,2.34375,-3.90625,-4.6875
117.863404065,347,2642,488500,42.2829616667,-83.7680055556,54.0,23.5100002289,1461.0,63.1372566223,8.0,,,,,,,,2.34375,2.34375,-3.90625,-4.6875
117.863404065,347,2642,488600,42.2832125,-83.7683902778,54.0,23.5100002289,1461.0,63.1372566223,8.0,,,,,,,,2.34375,2.34375,-3.90625,-4.6875
117.863404065,347,2642,489500,42.2832125,-83.7683902778,55.0,23.5100002289,1461.0,63.1372566223,8.0,,,,,,,,2.34375,2.34375,-3.90625,-4.6875
117.863404065,347,2642,490600,42.2832125,-83.7683902778,56.0,32.4199981689,1536.0,63.1372566223,8.0,,,,,,,,2.34375,2.34375,-3.90625,-4.6875
117.863404065,347,2642,491600,42.2832125,-83.7683902778,57.0,32.4199981689,1536.0,61.5686302185,8.0,,,,,,,,2.34375,2.34375,-3.90625,-4.6875
117.863404065,347,2642,492600,42.2833313889,-83.7691930556,57.0,20.5699996948,1408.0,61.5686302185,8.0,,,,,,,,1.5625,0.0,-3.90625,-4.6875
117.863404065,347,2642,493700,42.2833313889,-83.7691930556,56.0,20.5699996948,1408.0,61.5686302185,8.0,,,,,,,,1.5625,0.0,-3.90625,-4.6875
117.863404065,347,2642,494700,42.2833313889,-83.7691930556,56.0,1.17999994755,274.0,61.5686302185,8.0,,,,,,,,1.5625,0.0,-3.90625,-4.6875
117.863404065,347,2642,495700,42.28332,-83.7698586111,56.0,1.17999994755,274.0,61.5686302185,8.0,,,,,,,,1.5625,0.0,-3.90625,-4.6875
117.863404065,347,2642,496800,42.28332,-83.7698586111,57.0,1.13999998569,0.0,0.0,8.0,,,,,,,,1.5625,0.0,-3.90625,-4.6875
117.863404065,347,2642,497800,42.28332,-83.7698586111,59.0,1.13999998569,0.0,0.0,8.0,,,,,,,,0.0,0.0,-3.90625,-4.6875
117.863404065,347,2642,498500,42.2832786111,-83.7706069444,59.0,1.13999998569,0.0,0.0,8.0,,,,,,,,0.0,0.0,-3.90625,-4.6875
117.863404065,347,2642,498900,42.2832786111,-83.7706069444,59.0,0.509999990463,0.0,0.0,8.0,,,,,,,,0.0,0.0,-3.90625,-4.6875
117.863404065,347,2642,501000,42.2832786111,-83.7706069444,57.0,0.509999990463,0.0,0.0,8.0,,,,,,,,0.0,0.0,-3.90625,-4.6875
117.863404065,347,2642,501600,42.2833480556,-83.7712794444,57.0,0.509999990463,0.0,0.0,8.0,,,,,,,,0.0,0.0,-3.90625,-4.6875
117.863404065,347,2642,502000,42.2833480556,-83.7712794444,56.0,0.509999990463,0.0,0.0,8.0,,,,,,,,0.0,0.0,-3.90625,-4.6875
117.863404065,347,2642,503800,42.2833480556,-83.7712794444,55.0,0.5,0.0,0.0,8.0,,,,,,,,0.0,0.0,-3.90625,-4.6875
117.863404065,347,2642,504600,42.2834427778,-83.7718661111,55.0,0.5,0.0,0.0,8.0,,,,,,,,0.0,0.0,-3.90625,-4.6875
117.863404065,347,2642,504900,42.2834427778,-83.7718661111,53.0,0.5,0.0,0.0,8.0,,,,,,,,0.0,0.0,-3.90625,-4.6875
117.863404065,347,2642,506000,42.2834427778,-83.7718661111,52.0,2.3900001049,894.0,0.0,8.0,,,,,,,,0.0,0.0,-3.90625,-4.6875
117.863404065,347,2642,507100,42.2834427778,-83.7718661111,53.0,2.3900001049,894.0,47.8431396484,8.0,,,,,,,,0.0,0.0,-3.90625,-4.6875
117.863404065,347,2642,507500,42.2835422222,-83.7724222222,53.0,2.3900001049,894.0,47.8431396484,8.0,,,,,,,,0.0,0.0,-3.90625,-4.6875
117.863404065,347,2642,508100,42.2835422222,-83.7724222222,54.0,21.8999996185,1450.0,47.8431396484,8.0,,,,,,,,0.0,0.0,-3.90625,-4.6875
117.863404065,347,2642,509200,42.2835422222,-83.7724222222,53.0,21.8999996185,1450.0,47.8431396484,8.0,,,,,,,,0.0,0.0,-3.90625,-4.6875
117.863404065,347,2642,510200,42.2835422222,-83.7724222222,52.0,4.0,0.0,47.8431396484,8.0,,,,,,,,0.0,0.0,-3.90625,-4.6875
117.863404065,347,2642,510700,42.2836447222,-83.77299,52.0,4.0,0.0,47.8431396484,8.0,,,,,,,,0.0,0.0,-3.90625,-4.6875
117.863404065,347,2642,512300,42.2836447222,-83.77299,52.0,20.3400001526,1382.0,47.0588226318,8.0,,,,,,,,0.0,0.0,-3.90625,-4.6875
117.863404065,347,2642,513300,42.2836447222,-83.77299,53.0,20.3400001526,1382.0,47.0588226318,8.0,,,,,,,,0.0,0.0,-3.90625,-4.6875
117.863404065,347,2642,513500,42.2837575,-83.7735086111,53.0,20.3400001526,1382.0,47.0588226318,8.0,,,,,,,,0.0,0.0,-3.90625,-4.6875
117.863404065,347,2642,514400,42.2837575,-83.7735086111,53.0,23.75,1420.0,47.0588226318,8.0,,,,,,,,0.0,0.0,-3.90625,-4.6875
117.863404065,347,2642,515400,42.2837575,-83.7735086111,53.0,23.75,1420.0,47.0588226318,8.0,,,,,,,,0.0,0.0,0.78125,1.5625
117.863404065,347,2642,516500,42.2837575,-83.7735086111,52.0,10.8900003433,1064.0,47.0588226318,8.0,,,,,,,,0.0,0.0,0.78125,1.5625
117.863404065,347,2642,517500,42.2839130556,-83.7742161111,52.0,10.8900003433,1064.0,47.0588226318,8.0,,,,,,,,0.0,0.0,0.78125,1.5625
117.863404065,347,2642,517600,42.2839130556,-83.7742161111,51.0,10.8900003433,1064.0,45.490196228,8.0,,,,,,,,0.0,0.0,0.78125,1.5625
117.863404065,347,2642,518600,42.2839130556,-83.7742161111,51.0,23.8999996185,1428.0,45.490196228,8.0,,,,,,,,0.0,0.0,0.78125,1.5625
117.863404065,347,2642,519600,42.2839130556,-83.7742161111,52.0,23.8999996185,1428.0,45.490196228,8.0,,,,,,,,0.78125,1.5625,0.78125,1.5625
117.863404065,347,2642,520600,42.2840277778,-83.7747502778,52.0,23.8999996185,1428.0,45.490196228,8.0,,,,,,,,0.78125,1.5625,0.78125,1.5625
117.863404065,347,2642,520700,42.2840277778,-83.7747502778,53.0,4.09000015259,1088.0,45.490196228,8.0,,,,,,,,0.78125,1.5625,0.78125,1.5625
117.863404065,347,2642,521700,42.2840277778,-83.7747502778,52.0,4.09000015259,1088.0,45.490196228,8.0,,,,,,,,0.78125,1.5625,0.78125,1.5625
117.863404065,347,2642,522800,42.2840277778,-83.7747502778,51.0,2.34999990463,0.0,0.0,8.0,,,,,,,,0.78125,1.5625,0.78125,1.5625
117.863404065,347,2642,523600,42.2841258333,-83.7752677778,51.0,2.34999990463,0.0,0.0,8.0,,,,,,,,0.78125,1.5625,0.78125,1.5625
117.863404065,347,2642,523800,42.2841258333,-83.7752677778,50.0,2.34999990463,0.0,0.0,8.0,,,,,,,,0.78125,1.5625,0.78125,1.5625
117.863404065,347,2642,524800,42.2841258333,-83.7752677778,50.0,0.52999997139,0.0,0.0,8.0,,,,,,,,0.0,0.0,0.78125,1.5625
117.863404065,347,2642,525900,42.2841258333,-83.7752677778,52.0,0.52999997139,0.0,0.0,8.0,,,,,,,,0.0,0.0,0.78125,1.5625
117.863404065,347,2642,526700,42.2842475,-83.7757855556,52.0,0.52999997139,0.0,0.0,8.0,,,,,,,,0.0,0.0,0.78125,1.5625
117.863404065,347,2642,526900,42.2842475,-83.7757855556,54.0,0.5,0.0,0.0,8.0,,,,,,,,0.0,0.0,0.78125,1.5625
117.863404065,347,2642,528000,42.2842475,-83.7757855556,55.0,0.5,0.0,36.4705886841,8.0,,,,,,,,0.0,0.0,0.78125,1.5625
117.863404065,347,2642,529000,42.2842475,-83.7757855556,56.0,1.5,1280.0,36.4705886841,8.0,,,,,,,,0.0,0.0,0.78125,1.5625
117.863404065,347,2642,529500,42.2843930556,-83.7763444444,56.0,1.5,1280.0,36.4705886841,8.0,,,,,,,,0.0,0.0,0.78125,1.5625
117.863404065,347,2642,530000,42.2843930556,-83.7763444444,57.0,1.5,1280.0,36.4705886841,8.0,,,,,,,,0.0,0.0,0.78125,1.5625
117.863404065,347,2642,531100,42.2843930556,-83.7763444444,56.0,2.0,0.0,36.4705886841,8.0,,,,,,,,0.0,0.0,0.78125,1.5625
117.863404065,347,2642,532600,42.2845344444,-83.77691,56.0,2.0,0.0,36.4705886841,8.0,,,,,,,,0.0,0.0,0.78125,1.5625
117.863404065,347,2642,533200,42.2845344444,-83.77691,55.0,0.5,0.0,0.0,8.0,,,,,,,,0.0,0.0,0.78125,1.5625
117.863404065,347,2642,534200,42.2845344444,-83.77691,51.0,0.5,0.0,0.0,8.0,,,,,,,,0.0,0.0,0.78125,1.5625
117.863404065,347,2642,535200,42.2845344444,-83.77691,47.0,0.5,0.0,0.0,8.0,,,,,,,,0.0,0.0,0.78125,1.5625
117.863404065,347,2642,535500,42.2846561111,-83.7774044444,47.0,0.5,0.0,0.0,8.0,,,,,,,,0.0,0.0,0.78125,1.5625
117.863404065,347,2642,536300,42.2846561111,-83.7774044444,42.0,0.5,0.0,0.0,8.0,,,,,,,,0.0,0.0,0.78125,1.5625
117.863404065,347,2642,537300,42.2846561111,-83.7774044444,40.0,0.479999989271,0.0,0.0,8.0,,,,,,,,0.0,0.0,0.78125,1.5625
117.863404065,347,2642,538500,42.2846561111,-83.7774044444,39.0,0.479999989271,0.0,58.8235321045,8.0,,,,,,,,0.0,0.0,0.78125,1.5625
117.863404065,347,2642,539500,42.284795,-83.7779427778,39.0,0.479999989271,0.0,58.8235321045,8.0,,,,,,,,0.0,0.0,0.78125,1.5625
117.863404065,347,2642,539600,42.284795,-83.7779427778,40.0,21.8700008392,1432.0,58.8235321045,8.0,,,,,,,,0.0,0.0,0.78125,1.5625
117.863404065,347,2642,541800,42.284795,-83.7779427778,40.0,15.8900003433,1248.0,58.8235321045,8.0,,,,,,,,0.0,0.0,0.78125,1.5625
117.863404065,347,2642,542500,42.2848977778,-83.7783508333,40.0,15.8900003433,1248.0,58.8235321045,8.0,,,,,,,,0.0,0.0,0.78125,1.5625
117.863404065,347,2642,543800,42.2848977778,-83.7783508333,40.0,7.38999986649,1031.0,20.7843132019,8.0,,,,,,,,0.0,0.0,0.78125,1.5625
117.863404065,347,2642,544900,42.2848977778,-83.7783508333,39.0,7.38999986649,1031.0,20.7843132019,8.0,,,,,,,,0.0,0.0,0.78125,1.5625
117.863404065,347,2642,545400,42.2848977778,-83.7783508333,39.0,7.38999986649,1031.0,20.7843132019,8.0,,,,,,,,0.0,0.0,-3.90625,-5.46875
117.863404065,347,2642,545600,42.2849997222,-83.7787533333,39.0,7.38999986649,1031.0,20.7843132019,8.0,,,,,,,,0.0,0.0,-3.90625,-5.46875
117.863404065,347,2642,545900,42.2849997222,-83.7787533333,40.0,8.52999973297,928.0,20.7843132019,8.0,,,,,,,,3.125,0.0,-3.90625,-5.46875
117.863404065,347,2642,547000,42.2849997222,-83.7787533333,41.0,8.52999973297,928.0,20.7843132019,8.0,,,,,,,,3.125,0.0,-3.90625,-5.46875
117.863404065,347,2642,548000,42.2849997222,-83.7787533333,44.0,16.9599990845,1248.0,20.7843132019,8.0,,,,,,,,3.125,0.0,-3.90625,-5.46875
117.863404065,347,2642,548600,42.2851047222,-83.779185,44.0,16.9599990845,1248.0,20.7843132019,8.0,,,,,,,,3.125,0.0,-3.90625,-5.46875
117.863404065,347,2642,549000,42.2851047222,-83.779185,44.0,16.9599990845,1248.0,9.80392169952,8.0,,,,,,,,3.125,0.0,-3.90625,-5.46875
117.863404065,347,2642,550100,42.2851047222,-83.779185,44.0,4.42999982834,0.0,9.80392169952,8.0,,,,,,,,3.125,0.0,-3.90625,-5.46875
117.863404065,347,2642,551100,42.2851047222,-83.779185,43.0,4.42999982834,0.0,9.80392169952,8.0,,,,,,,,2.34375,1.5625,-3.90625,-5.46875
117.863404065,347,2642,551600,42.2852158333,-83.7796086111,43.0,4.42999982834,0.0,9.80392169952,8.0,,,,,,,,2.34375,1.5625,-3.90625,-5.46875
117.863404065,347,2642,552200,42.2852158333,-83.7796086111,40.0,0.540000021458,0.0,9.80392169952,8.0,,,,,,,,2.34375,1.5625,-3.90625,-5.46875
117.863404065,347,2642,553200,42.2852158333,-83.7796086111,34.0,0.540000021458,0.0,9.80392169952,8.0,,,,,,,,2.34375,1.5625,-3.90625,-5.46875
117.863404065,347,2642,554200,42.2852158333,-83.7796086111,29.0,0.509999990463,0.0,0.0,8.0,,,,,,,,2.34375,1.5625,-3.90625,-5.46875
117.863404065,347,2642,554600,42.2852891667,-83.7799083333,29.0,0.509999990463,0.0,0.0,8.0,,,,,,,,2.34375,1.5625,-3.90625,-5.46875
117.863404065,347,2642,555300,42.2852891667,-83.7799083333,25.0,0.509999990463,0.0,0.0,8.0,,,,,,,,2.34375,1.5625,-3.90625,-5.46875
117.863404065,347,2642,555800,42.2852891667,-83.7799083333,25.0,0.509999990463,0.0,0.0,8.0,,,,,,,,2.34375,1.5625,-3.90625,-5.46875
117.863404065,347,2642,556300,42.2852891667,-83.7799083333,20.0,0.5,0.0,0.0,8.0,,,,,,,,0.0,0.0,-3.90625,-5.46875
117.863404065,347,2642,557400,42.2852891667,-83.7799083333,13.0,0.5,0.0,0.0,8.0,,,,,,,,0.0,0.0,-3.90625,-5.46875
117.863404065,347,2642,557600,42.2853316667,-83.7800644444,13.0,0.5,0.0,0.0,8.0,,,,,,,,0.0,0.0,-3.90625,-5.46875
117.863404065,347,2642,558400,42.2853316667,-83.7800644444,8.0,0.479999989271,0.0,0.0,8.0,,,,,,,,0.0,0.0,-3.90625,-5.46875
117.863404065,347,2642,559400,42.2853316667,-83.7800644444,4.0,0.479999989271,0.0,0.0,8.0,,,,,,,,0.0,0.0,-3.90625,-5.46875
117.863404065,347,2642,560500,42.2853419444,-83.7800983333,4.0,0.460000008345,0.0,0.0,8.0,,,,,,,,0.0,0.0,-3.90625,-5.46875
117.863404065,347,2642,562900,42.2853419444,-83.7800983333,4.0,0.449999988079,0.0,0.0,8.0,,,,,,,,0.0,0.0,-3.90625,-5.46875
117.863404065,347,2642,563500,42.2853419444,-83.7800983333,4.0,0.449999988079,0.0,0.0,7.0,,,,,,,,0.0,0.0,-3.90625,-5.46875
117.863404065,347,2642,564500,42.2853419444,-83.7800983333,0.0,0.449999988079,0.0,0.0,7.0,,,,,,,,0.0,0.0,-3.90625,-6.25
117.863404065,347,2642,591500,42.2853377778,-83.780075,0.0,0.449999988079,0.0,0.0,7.0,,,,,,,,0.0,0.0,-3.90625,-6.25
117.863404065,347,2642,599100,42.2853377778,-83.780075,0.0,0.460000008345,0.0,0.0,7.0,,,,,,,,0.0,0.0,-3.90625,-6.25
117.863404065,347,2642,604300,42.2853377778,-83.780075,0.0,0.449999988079,0.0,0.0,7.0,,,,,,,,0.0,0.0,-3.90625,-6.25
117.863404065,347,2642,620500,42.2853458333,-83.7800841667,0.0,0.449999988079,0.0,0.0,7.0,,,,,,,,0.0,0.0,-3.90625,-6.25
117.863404065,347,2642,622200,42.2853458333,-83.7800841667,0.0,0.449999988079,0.0,0.0,8.0,,,,,,,,0.0,0.0,-3.90625,-6.25
117.863404065,347,2642,622400,42.2853458333,-83.7800841667,0.0,0.449999988079,0.0,0.0,8.0,,,,,,,,0.0,0.0,-2.34375,-6.25
117.863404065,347,2642,622500,42.2853458333,-83.7800841667,11.0,0.449999988079,0.0,0.0,8.0,,,,,,,,0.0,0.0,-2.34375,-3.125
117.863404065,347,2642,623400,42.2853458333,-83.7800841667,11.0,0.449999988079,1298.0,0.0,8.0,,,,,,,,0.0,0.0,-2.34375,-3.125
117.863404065,347,2642,623500,42.2853458333,-83.7800841667,11.0,19.1499996185,1298.0,0.0,8.0,,,,,,,,0.0,0.0,-2.34375,-3.125
117.863404065,347,2642,623600,42.28536,-83.7801327778,11.0,19.1499996185,1298.0,0.0,8.0,,,,,,,,0.0,0.0,-2.34375,-3.125
117.863404065,347,2642,625300,42.28536,-83.7801327778,17.0,19.1499996185,1298.0,0.0,8.0,,,,,,,,0.0,0.0,-2.34375,-3.125
117.863404065,347,2642,625800,42.28536,-83.7801327778,17.0,28.0599994659,1472.0,0.0,8.0,,,,,,,,0.0,0.0,-2.34375,-3.125
117.863404065,347,2642,626300,42.28536,-83.7801327778,26.0,28.0599994659,1472.0,0.0,8.0,,,,,,,,0.0,0.0,-2.34375,-3.125
117.863404065,347,2642,626600,42.2854258333,-83.7803388889,26.0,28.0599994659,1472.0,0.0,8.0,,,,,,,,0.0,0.0,-2.34375,-3.125
117.863404065,347,2642,626800,42.2854258333,-83.7803388889,26.0,28.0599994659,1472.0,64.7058868408,8.0,,,,,,,,0.0,0.0,-2.34375,-3.125
117.863404065,347,2642,627300,42.2854258333,-83.7803388889,30.0,28.0599994659,1472.0,64.7058868408,8.0,,,,,,,,0.0,0.0,-2.34375,-3.125
117.863404065,347,2642,627900,42.2854258333,-83.7803388889,30.0,32.6800003052,1598.0,64.7058868408,8.0,,,,,,,,0.0,0.0,-2.34375,-3.125
117.863404065,347,2642,628400,42.2854258333,-83.7803388889,33.0,32.6800003052,1598.0,64.7058868408,8.0,,,,,,,,0.0,0.0,-2.34375,-3.125
117.863404065,347,2642,629400,42.2854258333,-83.7803388889,37.0,32.6800003052,1598.0,64.7058868408,8.0,,,,,,,,0.0,0.0,-2.34375,-3.125
117.863404065,347,2642,629700,42.2855511111,-83.7806669444,37.0,32.6800003052,1598.0,64.7058868408,8.0,,,,,,,,0.0,0.0,-2.34375,-3.125
117.863404065,347,2642,630000,42.2855511111,-83.7806669444,37.0,31.2299995422,1457.0,64.7058868408,8.0,,,,,,,,0.0,0.0,-2.34375,-3.125
117.863404065,347,2642,630500,42.2855511111,-83.7806669444,39.0,31.2299995422,1457.0,64.7058868408,8.0,,,,,,,,0.0,0.0,-2.34375,-3.125
117.863404065,347,2642,631500,42.2855511111,-83.7806669444,41.0,31.2299995422,1457.0,64.7058868408,8.0,,,,,,,,0.0,0.0,-2.34375,-3.125
117.863404065,347,2642,632100,42.2855511111,-83.7806669444,41.0,30.5900001526,1440.0,63.5294113159,8.0,,,,,,,,0.0,0.0,-2.34375,-3.125
117.863404065,347,2642,632300,42.2855511111,-83.7806669444,41.0,30.5900001526,1440.0,63.5294113159,8.0,,,,,,,,2.34375,0.0,-2.34375,-3.125
117.863404065,347,2642,632400,42.2855511111,-83.7806669444,41.0,30.5900001526,1440.0,63.5294113159,8.0,,,,,,,,2.34375,3.125,-2.34375,-3.125
117.863404065,347,2642,632500,42.2856919444,-83.7810602778,44.0,30.5900001526,1440.0,63.5294113159,8.0,,,,,,,,2.34375,3.125,-2.34375,-3.125
117.863404065,347,2642,633600,42.2856919444,-83.7810602778,45.0,30.5900001526,1440.0,63.5294113159,8.0,,,,,,,,2.34375,3.125,-2.34375,-3.125
117.863404065,347,2642,634200,42.2856919444,-83.7810602778,45.0,31.4200000763,1482.0,63.5294113159,8.0,,,,,,,,2.34375,3.125,-2.34375,-3.125
117.863404065,347,2642,634600,42.2856919444,-83.7810602778,49.0,31.4200000763,1482.0,63.5294113159,8.0,,,,,,,,2.34375,3.125,-2.34375,-3.125
117.863404065,347,2642,635600,42.2858438889,-83.7815127778,49.0,31.4200000763,1482.0,63.5294113159,8.0,,,,,,,,2.34375,3.125,-2.34375,-3.125
117.863404065,347,2642,635700,42.2858438889,-83.7815127778,50.0,31.4200000763,1482.0,63.5294113159,8.0,,,,,,,,2.34375,3.125,-2.34375,-3.125
117.863404065,347,2642,636200,42.2858438889,-83.7815127778,50.0,29.5900001526,1440.0,63.5294113159,8.0,,,,,,,,2.34375,3.125,-2.34375,-3.125
117.863404065,347,2642,636700,42.2858438889,-83.7815127778,53.0,29.5900001526,1440.0,63.5294113159,8.0,,,,,,,,2.34375,3.125,-2.34375,-3.125
117.863404065,347,2642,637300,42.2858438889,-83.7815127778,53.0,29.5900001526,1440.0,52.1568641663,8.0,,,,,,,,0.78125,3.125,-2.34375,-3.125
117.863404065,347,2642,637400,42.2858438889,-83.7815127778,53.0,29.5900001526,1440.0,52.1568641663,8.0,,,,,,,,0.78125,1.5625,-2.34375,-3.125
117.863404065,347,2642,638300,42.2858438889,-83.7815127778,53.0,25.1700000763,1440.0,52.1568641663,8.0,,,,,,,,0.78125,1.5625,-2.34375,-3.125
117.863404065,347,2642,638500,42.2860144444,-83.7820227778,53.0,25.1700000763,1440.0,52.1568641663,8.0,,,,,,,,0.78125,1.5625,-2.34375,-3.125
117.863404065,347,2642,638800,42.2860144444,-83.7820227778,55.0,25.1700000763,1440.0,52.1568641663,8.0,,,,,,,,0.78125,1.5625,-2.34375,-3.125
117.863404065,347,2642,639800,42.2860144444,-83.7820227778,56.0,25.1700000763,1440.0,52.1568641663,8.0,,,,,,,,0.78125,1.5625,-2.34375,-3.125
117.863404065,347,2642,640400,42.2860144444,-83.7820227778,56.0,20.2900009155,1353.0,52.1568641663,8.0,,,,,,,,0.78125,1.5625,-2.34375,-3.125
117.863404065,347,2642,640900,42.2860144444,-83.7820227778,57.0,20.2900009155,1353.0,52.1568641663,8.0,,,,,,,,0.78125,1.5625,-2.34375,-3.125
117.863404065,347,2642,641600,42.2861911111,-83.7825747222,57.0,20.2900009155,1353.0,52.1568641663,8.0,,,,,,,,0.78125,1.5625,-2.34375,-3.125
117.863404065,347,2642,641900,42.2861911111,-83.7825747222,58.0,20.2900009155,1353.0,52.1568641663,8.0,,,,,,,,0.78125,1.5625,-2.34375,-3.125
117.863404065,347,2642,642600,42.2861911111,-83.7825747222,58.0,21.3700008392,1426.0,45.8823547363,8.0,,,,,,,,1.5625,-1.5625,-2.34375,-3.125
117.863404065,347,2642,644800,42.2861911111,-83.7825747222,58.0,7.59000015259,1115.0,45.8823547363,8.0,,,,,,,,1.5625,-1.5625,-2.34375,-3.125
117.863404065,347,2642,645200,42.2861911111,-83.7825747222,57.0,7.59000015259,1115.0,45.8823547363,8.0,,,,,,,,1.5625,-1.5625,-2.34375,-3.125
117.863404065,347,2642,645600,42.2864408333,-83.7833283333,57.0,7.59000015259,1115.0,45.8823547363,8.0,,,,,,,,1.5625,-1.5625,-2.34375,-3.125
117.863404065,347,2642,646200,42.2864408333,-83.7833283333,56.0,7.59000015259,1115.0,45.8823547363,8.0,,,,,,,,1.5625,-1.5625,-2.34375,-3.125
117.863404065,347,2642,646900,42.2864408333,-83.7833283333,56.0,1.09000003338,96.0,45.8823547363,8.0,,,,,,,,1.5625,-1.5625,-2.34375,-3.125
117.863404065,347,2642,648000,42.2864408333,-83.7833283333,56.0,1.09000003338,96.0,0.0,8.0,,,,,,,,-0.78125,-8.59375,-2.34375,-3.125
117.863404065,347,2642,648300,42.2864408333,-83.7833283333,55.0,1.09000003338,96.0,0.0,8.0,,,,,,,,-0.78125,-8.59375,-2.34375,-3.125
117.863404065,347,2642,648700,42.2866263889,-83.7838669444,55.0,1.09000003338,96.0,0.0,8.0,,,,,,,,-0.78125,-8.59375,-2.34375,-3.125
117.863404065,347,2642,649000,42.2866263889,-83.7838669444,55.0,2.31999993324,0.0,0.0,8.0,,,,,,,,-0.78125,-8.59375,-2.34375,-3.125
117.863404065,347,2642,649300,42.2866263889,-83.7838669444,56.0,2.31999993324,0.0,0.0,8.0,,,,,,,,-0.78125,-8.59375,-2.34375,-3.125
117.863404065,347,2642,650300,42.2866263889,-83.7838669444,57.0,2.31999993324,0.0,0.0,8.0,,,,,,,,-0.78125,-8.59375,-2.34375,-3.125
117.863404065,347,2642,651100,42.2866263889,-83.7838669444,57.0,23.1200008392,1504.0,0.0,8.0,,,,,,,,-0.78125,-8.59375,-2.34375,-3.125
117.863404065,347,2642,651400,42.2866263889,-83.7838669444,58.0,23.1200008392,1504.0,0.0,8.0,,,,,,,,-0.78125,-8.59375,-2.34375,-3.125
117.863404065,347,2642,651500,42.2868205556,-83.7844052778,58.0,23.1200008392,1504.0,0.0,8.0,,,,,,,,-0.78125,-8.59375,-2.34375,-3.125
117.863404065,347,2642,652400,42.2868205556,-83.7844052778,57.0,23.1200008392,1504.0,0.0,8.0,,,,,,,,-0.78125,-8.59375,-2.34375,-3.125
117.863404065,347,2642,653200,42.2868205556,-83.7844052778,57.0,1.13999998569,832.0,25.882352829,8.0,,,,,,,,0.0,0.0,-2.34375,-3.125
117.863404065,347,2642,654600,42.2870294444,-83.784945,57.0,1.13999998569,832.0,25.882352829,8.0,,,,,,,,0.0,0.0,-2.34375,-3.125
117.863404065,347,2642,655300,42.2870294444,-83.784945,57.0,1.34000003338,0.0,25.882352829,8.0,,,,,,,,0.0,0.0,-2.34375,-3.125
117.863404065,347,2642,657400,42.2870294444,-83.784945,57.0,0.5,0.0,25.882352829,8.0,,,,,,,,0.0,0.0,-2.34375,-3.125
117.863404065,347,2642,657500,42.2872397222,-83.7854866667,57.0,0.5,0.0,25.882352829,8.0,,,,,,,,0.0,0.0,-2.34375,-3.125
117.863404065,347,2642,658400,42.2872397222,-83.7854866667,57.0,0.5,0.0,0.0,8.0,,,,,,,,0.0,0.0,-2.34375,-3.125
117.863404065,347,2642,659500,42.2872397222,-83.7854866667,57.0,0.460000008345,0.0,0.0,8.0,,,,,,,,0.0,0.0,-2.34375,-3.125
117.863404065,347,2642,659700,42.2872397222,-83.7854866667,58.0,0.460000008345,0.0,0.0,8.0,,,,,,,,0.0,0.0,-2.34375,-3.125
117.863404065,347,2642,660700,42.2872397222,-83.7854866667,59.0,0.460000008345,0.0,0.0,8.0,,,,,,,,0.0,0.0,-2.34375,-3.125
117.863404065,347,2642,661500,42.2875211111,-83.7862172222,59.0,0.460000008345,0.0,0.0,8.0,,,,,,,,0.0,0.0,-2.34375,-3.125
117.863404065,347,2642,661600,42.2875211111,-83.7862172222,59.0,0.449999988079,0.0,0.0,8.0,,,,,,,,0.0,0.0,-2.34375,-3.125
117.863404065,347,2642,662800,42.2875211111,-83.7862172222,60.0,0.449999988079,0.0,0.0,8.0,,,,,,,,0.0,0.0,-2.34375,-3.125
117.863404065,347,2642,664600,42.2877394444,-83.7867836111,60.0,0.449999988079,0.0,0.0,8.0,,,,,,,,0.0,0.0,-2.34375,-3.125
117.863404065,347,2642,667600,42.2879636111,-83.7873458333,60.0,0.449999988079,0.0,0.0,8.0,,,,,,,,0.0,0.0,-2.34375,-3.125
117.863404065,347,2642,667800,42.2879636111,-83.7873458333,60.0,15.6700000763,1280.0,0.0,8.0,,,,,,,,0.0,0.0,-2.34375,-3.125
117.863404065,347,2642,668000,42.2879636111,-83.7873458333,61.0,15.6700000763,1280.0,0.0,8.0,,,,,,,,0.0,0.0,-2.34375,-3.125
117.863404065,347,2642,668800,42.2879636111,-83.7873458333,61.0,15.6700000763,1280.0,54.1176490784,8.0,,,,,,,,0.0,0.0,-2.34375,-3.125
117.863404065,347,2642,669100,42.2879636111,-83.7873458333,63.0,15.6700000763,1280.0,54.1176490784,8.0,,,,,,,,0.0,0.0,-2.34375,-3.125
117.863404065,347,2642,669900,42.2879636111,-83.7873458333,63.0,9.67000007629,1040.0,54.1176490784,8.0,,,,,,,,0.0,0.0,-2.34375,-3.125
117.863404065,347,2642,670700,42.28818,-83.7879411111,63.0,9.67000007629,1040.0,54.1176490784,8.0,,,,,,,,0.0,0.0,-2.34375,-3.125
117.863404065,347,2642,671100,42.28818,-83.7879411111,64.0,9.67000007629,1040.0,54.1176490784,8.0,,,,,,,,0.0,0.0,-2.34375,-3.125
117.863404065,347,2642,672000,42.28818,-83.7879411111,64.0,17.8999996185,1350.0,54.1176490784,8.0,,,,,,,,0.0,0.0,-2.34375,-3.125
117.863404065,347,2642,672200,42.28818,-83.7879411111,63.0,17.8999996185,1350.0,54.1176490784,8.0,,,,,,,,0.0,0.0,-2.34375,-3.125
117.863404065,347,2642,673500,42.2883825,-83.7885794444,63.0,17.8999996185,1350.0,54.1176490784,8.0,,,,,,,,0.0,0.0,-2.34375,-3.125
117.863404065,347,2642,674000,42.2883825,-83.7885794444,63.0,18.5,1376.0,41.1764717102,8.0,,,,,,,,0.0,1.5625,-2.34375,-3.125
117.863404065,347,2642,675300,42.2883825,-83.7885794444,62.0,18.5,1376.0,41.1764717102,8.0,,,,,,,,0.0,1.5625,-2.34375,-3.125
117.863404065,347,2642,676200,42.2883825,-83.7885794444,62.0,18.8500003815,1376.0,41.1764717102,8.0,,,,,,,,0.0,1.5625,-2.34375,-3.125
117.863404065,347,2642,676700,42.2885716667,-83.7892352778,62.0,18.8500003815,1376.0,41.1764717102,8.0,,,,,,,,0.0,1.5625,-2.34375,-3.125
117.863404065,347,2642,677500,42.2885716667,-83.7892352778,63.0,18.8500003815,1376.0,41.1764717102,8.0,,,,,,,,0.0,1.5625,-2.34375,-3.125
117.863404065,347,2642,678300,42.2885716667,-83.7892352778,63.0,18.5300006866,1376.0,41.1764717102,8.0,,,,,,,,0.0,1.5625,-2.34375,-3.125
117.863404065,347,2642,678500,42.2885716667,-83.7892352778,64.0,18.5300006866,1376.0,41.1764717102,8.0,,,,,,,,0.0,1.5625,-2.34375,-3.125
117.863404065,347,2642,679400,42.2885716667,-83.7892352778,64.0,18.5300006866,1376.0,40.3921585083,8.0,,,,,,,,0.78125,3.125,-2.34375,-3.125
117.863404065,347,2642,679700,42.2887961111,-83.7898366667,64.0,18.5300006866,1376.0,40.3921585083,8.0,,,,,,,,0.78125,3.125,-2.34375,-3.125
117.863404065,347,2642,680400,42.2887961111,-83.7898366667,64.0,12.1800003052,1239.0,40.3921585083,8.0,,,,,,,,0.78125,3.125,-2.34375,-3.125
117.863404065,347,2642,682500,42.2887961111,-83.7898366667,64.0,11.5100002289,1213.0,40.3921585083,8.0,,,,,,,,0.78125,3.125,-3.90625,-6.25
117.863404065,347,2642,682700,42.2887961111,-83.7898366667,63.0,11.5100002289,1213.0,40.3921585083,8.0,,,,,,,,0.78125,3.125,-3.90625,-6.25
117.863404065,347,2642,683600,42.2890777778,-83.7906366667,63.0,11.5100002289,1213.0,40.3921585083,8.0,,,,,,,,0.78125,3.125,-3.90625,-6.25
117.863404065,347,2642,683700,42.2890777778,-83.7906366667,62.0,11.5100002289,1213.0,40.3921585083,8.0,,,,,,,,0.78125,3.125,-3.90625,-6.25
117.863404065,347,2642,684600,42.2890777778,-83.7906366667,62.0,12.0100002289,1203.0,30.1960792542,8.0,,,,,,,,0.78125,1.5625,-3.90625,-6.25
117.863404065,347,2642,684800,42.2890777778,-83.7906366667,63.0,12.0100002289,1203.0,30.1960792542,8.0,,,,,,,,0.78125,1.5625,-3.90625,-6.25
117.863404065,347,2642,686600,42.2892813889,-83.79124,63.0,18.6800003052,1438.0,30.1960792542,8.0,,,,,,,,0.78125,1.5625,-3.90625,-6.25
117.863404065,347,2642,687400,42.2892813889,-83.79124,62.0,18.6800003052,1438.0,30.1960792542,8.0,,,,,,,,0.78125,1.5625,-3.90625,-6.25
117.863404065,347,2642,688500,42.2892813889,-83.79124,63.0,18.6800003052,1438.0,30.1960792542,8.0,,,,,,,,0.78125,1.5625,-3.90625,-6.25
117.863404065,347,2642,688600,42.2892813889,-83.79124,63.0,18.8899993896,1376.0,30.1960792542,8.0,,,,,,,,0.78125,1.5625,-3.90625,-6.25
117.863404065,347,2642,689700,42.2894852778,-83.7918305556,63.0,18.8899993896,1376.0,41.5686264038,8.0,,,,,,,,1.5625,-1.5625,-3.90625,-6.25
117.863404065,347,2642,690600,42.2894852778,-83.7918305556,63.0,18.3999996185,1408.0,41.5686264038,8.0,,,,,,,,1.5625,-1.5625,-3.90625,-6.25
117.863404065,347,2642,691600,42.2894852778,-83.7918305556,61.0,18.3999996185,1408.0,41.5686264038,8.0,,,,,,,,1.5625,-1.5625,-3.90625,-6.25
117.863404065,347,2642,692500,42.2896866667,-83.7924216667,61.0,18.3999996185,1408.0,41.5686264038,8.0,,,,,,,,1.5625,-1.5625,-3.90625,-6.25
117.863404065,347,2642,692600,42.2896866667,-83.7924216667,61.0,18.1499996185,1344.0,41.5686264038,8.0,,,,,,,,1.5625,-1.5625,-3.90625,-6.25
117.863404065,347,2642,693700,42.2896866667,-83.7924216667,60.0,18.1499996185,1344.0,41.5686264038,8.0,,,,,,,,1.5625,-1.5625,-3.90625,-6.25
117.863404065,347,2642,694600,42.2896866667,-83.7924216667,60.0,17.0400009155,1312.0,41.5686264038,8.0,,,,,,,,1.5625,-1.5625,-3.90625,-6.25
117.863404065,347,2642,694700,42.2896866667,-83.7924216667,60.0,17.0400009155,1312.0,38.4313735962,8.0,,,,,,,,1.5625,-0.78125,-3.90625,-6.25
117.863404065,347,2642,695600,42.2898736111,-83.7929980556,60.0,17.0400009155,1312.0,38.4313735962,8.0,,,,,,,,1.5625,-0.78125,-3.90625,-6.25
117.863404065,347,2642,695700,42.2898736111,-83.7929980556,59.0,17.0400009155,1312.0,38.4313735962,8.0,,,,,,,,1.5625,-0.78125,-3.90625,-6.25
117.863404065,347,2642,696600,42.2898736111,-83.7929980556,59.0,4.13999986649,0.0,38.4313735962,8.0,,,,,,,,1.5625,-0.78125,-3.90625,-6.25
117.863404065,347,2642,696800,42.2898736111,-83.7929980556,58.0,4.13999986649,0.0,38.4313735962,8.0,,,,,,,,1.5625,-0.78125,-3.90625,-6.25
117.863404065,347,2642,697800,42.2898736111,-83.7929980556,55.0,4.13999986649,0.0,38.4313735962,8.0,,,,,,,,1.5625,-0.78125,-3.90625,-6.25
117.863404065,347,2642,698600,42.290045,-83.7935377778,55.0,0.589999973774,0.0,38.4313735962,8.0,,,,,,,,1.5625,-0.78125,-3.90625,-6.25
117.863404065,347,2642,698900,42.290045,-83.7935377778,53.0,0.589999973774,0.0,38.4313735962,8.0,,,,,,,,1.5625,-0.78125,-3.90625,-6.25
117.863404065,347,2642,699700,42.290045,-83.7935377778,53.0,0.589999973774,0.0,0.0,8.0,,,,,,,,0.0,0.0,-3.90625,-6.25
117.863404065,347,2642,699900,42.290045,-83.7935377778,52.0,0.589999973774,0.0,0.0,8.0,,,,,,,,0.0,0.0,-3.90625,-6.25
117.863404065,347,2642,700700,42.290045,-83.7935377778,52.0,0.5,0.0,0.0,8.0,,,,,,,,0.0,0.0,-3.90625,-6.25
117.863404065,347,2642,700900,42.290045,-83.7935377778,51.0,0.5,0.0,0.0,8.0,,,,,,,,0.0,0.0,-3.90625,-6.25
117.863404065,347,2642,701700,42.2901966667,-83.7940613889,51.0,0.5,0.0,0.0,8.0,,,,,,,,0.0,0.0,-3.90625,-6.25
117.863404065,347,2642,702800,42.2901966667,-83.7940613889,51.0,20.5599994659,1344.0,0.0,8.0,,,,,,,,0.0,0.0,-3.90625,-6.25
117.863404065,347,2642,703000,42.2901966667,-83.7940613889,53.0,20.5599994659,1344.0,0.0,8.0,,,,,,,,0.0,0.0,-3.90625,-6.25
117.863404065,347,2642,704100,42.2901966667,-83.7940613889,55.0,20.5599994659,1344.0,0.0,8.0,,,,,,,,0.0,0.0,-3.90625,-6.25
117.863404065,347,2642,704500,42.29033,-83.7946211111,55.0,20.5599994659,1344.0,0.0,8.0,,,,,,,,0.0,0.0,-3.90625,-6.25
117.863404065,347,2642,704900,42.29033,-83.7946211111,55.0,31.5900001526,1504.0,61.5686302185,8.0,,,,,,,,0.0,0.0,-3.90625,-6.25
117.863404065,347,2642,705100,42.29033,-83.7946211111,57.0,31.5900001526,1504.0,61.5686302185,8.0,,,,,,,,0.0,0.0,-3.90625,-6.25
117.863404065,347,2642,706100,42.29033,-83.7946211111,59.0,31.5900001526,1504.0,61.5686302185,8.0,,,,,,,,0.0,0.0,-3.90625,-6.25
117.863404065,347,2642,707000,42.29033,-83.7946211111,59.0,30.6200008392,1578.0,61.5686302185,8.0,,,,,,,,0.0,0.0,-3.90625,-6.25
117.863404065,347,2642,707200,42.29033,-83.7946211111,60.0,30.6200008392,1578.0,61.5686302185,8.0,,,,,,,,0.0,0.0,-3.90625,-6.25
117.863404065,347,2642,707600,42.2904683333,-83.7952377778,60.0,30.6200008392,1578.0,61.5686302185,8.0,,,,,,,,0.0,0.0,-3.90625,-6.25
117.863404065,347,2642,708200,42.2904683333,-83.7952377778,63.0,30.6200008392,1578.0,61.5686302185,8.0,,,,,,,,0.0,0.0,-3.90625,-6.25
117.863404065,347,2642,709000,42.2904683333,-83.7952377778,63.0,34.5,1684.0,61.5686302185,8.0,,,,,,,,0.0,0.0,-3.90625,-6.25
117.863404065,347,2642,709300,42.2904683333,-83.7952377778,65.0,34.5,1684.0,61.5686302185,8.0,,,,,,,,0.0,0.0,-3.90625,-6.25
117.863404065,347,2642,710100,42.2904683333,-83.7952377778,65.0,34.5,1684.0,62.3529434204,8.0,,,,,,,,1.5625,0.78125,-3.90625,-6.25
117.863404065,347,2642,710300,42.2904683333,-83.7952377778,66.0,34.5,1684.0,62.3529434204,8.0,,,,,,,,1.5625,0.78125,-3.90625,-6.25
117.863404065,347,2642,710700,42.2906088889,-83.7958983333,66.0,34.5,1684.0,62.3529434204,8.0,,,,,,,,1.5625,0.78125,-3.90625,-6.25
117.863404065,347,2642,711200,42.2906088889,-83.7958983333,66.0,19.2299995422,1326.0,62.3529434204,8.0,,,,,,,,1.5625,0.78125,-3.90625,-6.25
117.863404065,347,2642,712500,42.2906088889,-83.7958983333,65.0,19.2299995422,1326.0,62.3529434204,8.0,,,,,,,,1.5625,0.78125,-3.90625,-6.25
117.863404065,347,2642,712600,42.2906088889,-83.7958983333,65.0,19.2299995422,1326.0,62.3529434204,8.0,,,,,,,,1.5625,0.78125,-3.90625,-5.46875
117.863404065,347,2642,713500,42.2906088889,-83.7958983333,65.0,14.3199996948,1266.0,62.3529434204,8.0,,,,,,,,1.5625,0.78125,-3.90625,-5.46875
117.863404065,347,2642,713600,42.2907427778,-83.79657,65.0,14.3199996948,1266.0,62.3529434204,8.0,,,,,,,,1.5625,0.78125,-3.90625,-5.46875
117.863404065,347,2642,714600,42.2907427778,-83.79657,63.0,14.3199996948,1266.0,62.3529434204,8.0,,,,,,,,1.5625,0.78125,-3.90625,-5.46875
117.863404065,347,2642,715600,42.2907427778,-83.79657,62.0,16.3899993896,1376.0,37.6470603943,8.0,,,,,,,,-3.125,-3.125,-3.90625,-5.46875
117.863404065,347,2642,716700,42.2907427778,-83.79657,60.0,16.3899993896,1376.0,37.6470603943,8.0,,,,,,,,-3.125,-3.125,-3.90625,-5.46875
117.863404065,347,2642,717500,42.2909011111,-83.7974127778,60.0,16.3899993896,1376.0,37.6470603943,8.0,,,,,,,,-3.125,-3.125,-3.90625,-5.46875
117.863404065,347,2642,717700,42.2909011111,-83.7974127778,59.0,3.77999997139,1280.0,37.6470603943,8.0,,,,,,,,-3.125,-3.125,-3.90625,-5.46875
117.863404065,347,2642,718800,42.2909011111,-83.7974127778,57.0,3.77999997139,1280.0,37.6470603943,8.0,,,,,,,,-3.125,-3.125,-3.90625,-5.46875
117.863404065,347,2642,719800,42.2909011111,-83.7974127778,54.0,2.55999994278,0.0,37.6470603943,8.0,,,,,,,,-3.125,-3.125,-3.90625,-5.46875
117.863404065,347,2642,720600,42.2909955556,-83.7979852778,54.0,2.55999994278,0.0,37.6470603943,8.0,,,,,,,,-3.125,-3.125,-3.90625,-5.46875
117.863404065,347,2642,720800,42.2909955556,-83.7979852778,53.0,2.55999994278,0.0,17.254901886,8.0,,,,,,,,3.125,0.0,-3.90625,-5.46875
117.863404065,347,2642,721900,42.2909955556,-83.7979852778,54.0,27.2900009155,1432.0,17.254901886,8.0,,,,,,,,3.125,0.0,-3.90625,-5.46875
117.863404065,347,2642,722900,42.2909955556,-83.7979852778,53.0,27.2900009155,1432.0,17.254901886,8.0,,,,,,,,3.125,0.0,-3.90625,-5.46875
117.863404065,347,2642,723600,42.2911019444,-83.7985205556,53.0,27.2900009155,1432.0,17.254901886,8.0,,,,,,,,3.125,0.0,-3.90625,-5.46875
117.863404065,347,2642,724000,42.2911019444,-83.7985205556,53.0,1.09000003338,96.0,17.254901886,8.0,,,,,,,,3.125,0.0,-3.90625,-5.46875
117.863404065,347,2642,725000,42.2911019444,-83.7985205556,52.0,1.09000003338,96.0,17.254901886,8.0,,,,,,,,3.125,0.0,-3.90625,-5.46875
117.863404065,347,2642,726000,42.2911019444,-83.7985205556,52.0,0.620000004768,0.0,0.0,8.0,,,,,,,,0.78125,0.78125,-3.90625,-5.46875
117.863404065,347,2642,726700,42.2912144444,-83.7990558333,52.0,0.620000004768,0.0,0.0,8.0,,,,,,,,0.78125,0.78125,-3.90625,-5.46875
117.863404065,347,2642,727100,42.2912144444,-83.7990558333,51.0,0.620000004768,0.0,0.0,8.0,,,,,,,,0.78125,0.78125,-3.90625,-5.46875
117.863404065,347,2642,728100,42.2912144444,-83.7990558333,51.0,0.509999990463,0.0,0.0,8.0,,,,,,,,0.78125,0.78125,-3.90625,-5.46875
117.863404065,347,2642,729200,42.2912144444,-83.7990558333,50.0,0.509999990463,0.0,0.0,8.0,,,,,,,,0.78125,0.78125,-3.90625,-5.46875
