DayNum,VehId,Trip,Timestamp(ms),Latitude[deg],Longitude[deg],Vehicle Speed[km/h],MAF[g/sec],Engine RPM[RPM],Absolute Load[%],OAT[DegC],Fuel Rate[L/hr],Air Conditioning Power[kW],Air Conditioning Power[Watts],Heater Power[Watts],HV Battery Current[A],HV Battery SOC[%],HV Battery Voltage[V],Short Term Fuel Trim Bank 1[%],Short Term Fuel Trim Bank 2[%],Long Term Fuel Trim Bank 1[%],Long Term Fuel Trim Bank 2[%]
328.607540639,504,581,0,42.2913347222,-83.7998052778,21.0,23.5499992371,1879.0,62.3529434204,11.0,,,,,,,,3.90625,4.6875,,
328.607540639,504,581,100,42.2913347222,-83.7998052778,21.0,23.5499992371,2111.0,62.3529434204,11.0,,,,,,,,3.90625,4.6875,,
328.607540639,504,581,300,42.2913347222,-83.7998052778,21.0,30.1599998474,2111.0,62.3529434204,11.0,,,,,,,,3.90625,4.6875,,
328.607540639,504,581,500,42.2913347222,-83.7998052778,29.0,30.1599998474,2111.0,62.3529434204,11.0,,,,,,,,3.90625,4.6875,,
328.607540639,504,581,1600,42.2913347222,-83.7998052778,33.0,30.1599998474,2111.0,62.3529434204,11.0,,,,,,,,3.90625,4.6875,,
328.607540639,504,581,2100,42.2913347222,-83.7998052778,33.0,30.1599998474,2509.0,62.3529434204,11.0,,,,,,,,3.90625,4.6875,,
328.607540639,504,581,2300,42.2913347222,-83.7998052778,33.0,35.5699996948,2509.0,62.3529434204,11.0,,,,,,,,3.90625,4.6875,,
328.607540639,504,581,2600,42.2913347222,-83.7998052778,37.0,35.5699996948,2509.0,62.3529434204,11.0,,,,,,,,3.90625,4.6875,,
328.607540639,504,581,3700,42.2913347222,-83.7998052778,43.0,35.5699996948,2509.0,62.3529434204,11.0,,,,,,,,3.90625,4.6875,,
328.607540639,504,581,4000,42.2912569444,-83.7993025,43.0,35.5699996948,2509.0,62.3529434204,11.0,,,,,,,,3.90625,4.6875,,
328.607540639,504,581,4100,42.2912569444,-83.7993025,43.0,35.5699996948,3019.0,62.3529434204,11.0,,,,,,,,3.90625,4.6875,,
328.607540639,504,581,4300,42.2912569444,-83.7993025,43.0,36.3899993896,3019.0,62.3529434204,11.0,,,,,,,,3.90625,4.6875,,
328.607540639,504,581,4500,42.2912569444,-83.7993025,43.0,36.3899993896,3019.0,50.1960792542,11.0,,,,,,,,3.90625,4.6875,,
328.607540639,504,581,4700,42.2912569444,-83.7993025,46.0,36.3899993896,3019.0,50.1960792542,11.0,,,,,,,,3.90625,4.6875,,
328.607540639,504,581,4900,42.2912569444,-83.7993025,46.0,36.3899993896,3019.0,50.1960792542,11.0,,,,,,,,-0.78125,4.6875,,
328.607540639,504,581,5700,42.2912569444,-83.7993025,50.0,36.3899993896,3019.0,50.1960792542,11.0,,,,,,,,-0.78125,4.6875,,
328.607540639,504,581,6100,42.2911905556,-83.7989777778,50.0,36.3899993896,3019.0,50.1960792542,11.0,,,,,,,,-0.78125,4.6875,,
328.607540639,504,581,6200,42.2911905556,-83.7989777778,50.0,36.3899993896,2467.0,50.1960792542,11.0,,,,,,,,-0.78125,4.6875,,
328.607540639,504,581,6300,42.2911905556,-83.7989777778,50.0,32.6300010681,2467.0,50.1960792542,11.0,,,,,,,,-0.78125,4.6875,,
328.607540639,504,581,6800,42.2911905556,-83.7989777778,52.0,32.6300010681,2467.0,50.1960792542,11.0,,,,,,,,-0.78125,4.6875,,
328.607540639,504,581,7900,42.2911905556,-83.7989777778,54.0,32.6300010681,2467.0,50.1960792542,11.0,,,,,,,,-0.78125,4.6875,,
328.607540639,504,581,8200,42.2911905556,-83.7989777778,54.0,32.6300010681,1685.0,50.1960792542,11.0,,,,,,,,-0.78125,4.6875,,
328.607540639,504,581,8300,42.2911905556,-83.7989777778,54.0,5.88999986649,1685.0,50.1960792542,11.0,,,,,,,,-0.78125,4.6875,,
328.607540639,504,581,8900,42.2911905556,-83.7989777778,55.0,5.88999986649,1685.0,50.1960792542,11.0,,,,,,,,-0.78125,4.6875,,
328.607540639,504,581,9500,42.2911905556,-83.7989777778,55.0,5.88999986649,1685.0,53.7254905701,11.0,,,,,,,,-0.78125,4.6875,,
328.607540639,504,581,9900,42.2911905556,-83.7989777778,59.0,5.88999986649,1685.0,53.7254905701,11.0,,,,,,,,-0.78125,4.6875,,
328.607540639,504,581,10100,42.2910966667,-83.7982175,59.0,5.88999986649,1685.0,53.7254905701,11.0,,,,,,,,-0.78125,4.6875,,
328.607540639,504,581,10300,42.2910966667,-83.7982175,59.0,19.0,2097.0,53.7254905701,11.0,,,,,,,,-0.78125,4.6875,,
328.607540639,504,581,12000,42.2910966667,-83.7982175,61.0,19.0,2097.0,53.7254905701,11.0,,,,,,,,-0.78125,4.6875,,
328.607540639,504,581,12300,42.2910966667,-83.7982175,61.0,11.2899999619,1601.0,53.7254905701,11.0,,,,,,,,-0.78125,4.6875,,
328.607540639,504,581,13000,42.2909833333,-83.7976063889,61.0,11.2899999619,1601.0,53.7254905701,11.0,,,,,,,,-0.78125,4.6875,,
328.607540639,504,581,13100,42.2909833333,-83.7976063889,63.0,11.2899999619,1601.0,53.7254905701,11.0,,,,,,,,-0.78125,4.6875,,
328.607540639,504,581,14100,42.2909833333,-83.7976063889,62.0,11.2899999619,1601.0,53.7254905701,11.0,,,,,,,,-0.78125,4.6875,,
328.607540639,504,581,14300,42.2909833333,-83.7976063889,62.0,8.01999950409,1502.0,53.7254905701,11.0,,,,,,,,-0.78125,4.6875,,
328.607540639,504,581,14500,42.2909833333,-83.7976063889,62.0,8.01999950409,1502.0,22.745098114,11.0,,,,,,,,-0.78125,4.6875,,
328.607540639,504,581,15100,42.2909833333,-83.7976063889,64.0,8.01999950409,1502.0,22.745098114,11.0,,,,,,,,-0.78125,4.6875,,
328.607540639,504,581,16100,42.2908636111,-83.7969722222,64.0,8.01999950409,1502.0,22.745098114,11.0,,,,,,,,-0.78125,4.6875,,
328.607540639,504,581,16200,42.2908636111,-83.7969722222,63.0,8.01999950409,1502.0,22.745098114,11.0,,,,,,,,-0.78125,4.6875,,
328.607540639,504,581,16300,42.2908636111,-83.7969722222,63.0,8.27999973297,1499.0,22.745098114,11.0,,,,,,,,-0.78125,4.6875,,
328.607540639,504,581,17900,42.2908636111,-83.7969722222,63.0,8.27999973297,1499.0,22.745098114,11.0,,,,,,,,-0.78125,4.6875,,
328.607540639,504,581,18300,42.2908636111,-83.7969722222,65.0,8.63999938965,1517.0,22.745098114,11.0,,,,,,,,-0.78125,4.6875,,
328.607540639,504,581,18900,42.2908636111,-83.7969722222,65.0,8.63999938965,1517.0,22.745098114,11.0,,,,,,,,-0.78125,-0.78125,,
328.607540639,504,581,19000,42.2907597222,-83.7963152778,65.0,8.63999938965,1517.0,22.745098114,11.0,,,,,,,,-0.78125,-0.78125,,
328.607540639,504,581,19300,42.2907597222,-83.7963152778,64.0,8.63999938965,1517.0,22.745098114,11.0,,,,,,,,-0.78125,-0.78125,,
328.607540639,504,581,19500,42.2907597222,-83.7963152778,64.0,8.63999938965,1517.0,24.7058830261,11.0,,,,,,,,-0.78125,-0.78125,,
328.607540639,504,581,20000,42.2907597222,-83.7963152778,64.0,8.63999938965,1517.0,24.7058830261,11.0,,,,,,,,0.78125,-0.78125,,
328.607540639,504,581,20300,42.2907597222,-83.7963152778,65.0,8.78999996185,1534.0,24.7058830261,11.0,,,,,,,,0.78125,-0.78125,,
328.607540639,504,581,22100,42.2906416667,-83.7956511111,65.0,8.78999996185,1534.0,24.7058830261,11.0,,,,,,,,0.78125,-0.78125,,
328.607540639,504,581,22300,42.2906416667,-83.7956511111,65.0,7.75999975204,1545.0,24.7058830261,11.0,,,,,,,,0.78125,-0.78125,,
328.607540639,504,581,22400,42.2906416667,-83.7956511111,66.0,7.75999975204,1545.0,24.7058830261,11.0,,,,,,,,0.78125,-0.78125,,
328.607540639,504,581,24300,42.2906416667,-83.7956511111,66.0,7.27999973297,1535.0,24.7058830261,11.0,,,,,,,,0.78125,-0.78125,,
328.607540639,504,581,24600,42.2906416667,-83.7956511111,66.0,7.27999973297,1535.0,20.7843132019,11.0,,,,,,,,0.78125,-0.78125,,
328.607540639,504,581,25000,42.2904933333,-83.7949927778,66.0,7.27999973297,1535.0,20.7843132019,11.0,,,,,,,,0.78125,-0.78125,,
328.607540639,504,581,25100,42.2904933333,-83.7949927778,66.0,7.27999973297,1535.0,20.7843132019,11.0,,,,,,,,1.5625,-0.78125,,
328.607540639,504,581,25500,42.2904933333,-83.7949927778,65.0,7.27999973297,1535.0,20.7843132019,11.0,,,,,,,,1.5625,-0.78125,,
328.607540639,504,581,26300,42.2904933333,-83.7949927778,65.0,7.69999980927,1533.0,20.7843132019,11.0,,,,,,,,1.5625,-0.78125,,
328.607540639,504,581,28100,42.2903197222,-83.7943461111,65.0,7.69999980927,1533.0,20.7843132019,11.0,,,,,,,,1.5625,-0.78125,,
328.607540639,504,581,28300,42.2903197222,-83.7943461111,65.0,12.1399993896,1547.0,20.7843132019,11.0,,,,,,,,1.5625,-0.78125,,
328.607540639,504,581,28700,42.2903197222,-83.7943461111,66.0,12.1399993896,1547.0,20.7843132019,11.0,,,,,,,,1.5625,-0.78125,,
328.607540639,504,581,29600,42.2903197222,-83.7943461111,66.0,12.1399993896,1547.0,19.607843399,11.0,,,,,,,,1.5625,-0.78125,,
328.607540639,504,581,29700,42.2903197222,-83.7943461111,64.0,12.1399993896,1547.0,19.607843399,11.0,,,,,,,,1.5625,-0.78125,,
328.607540639,504,581,30100,42.2903197222,-83.7943461111,64.0,12.1399993896,1547.0,19.607843399,11.0,,,,,,,,2.34375,-0.78125,,
328.607540639,504,581,30300,42.2903197222,-83.7943461111,64.0,4.21000003815,1475.0,19.607843399,11.0,,,,,,,,2.34375,-0.78125,,
328.607540639,504,581,30700,42.2903197222,-83.7943461111,63.0,4.21000003815,1475.0,19.607843399,11.0,,,,,,,,2.34375,-0.78125,,
328.607540639,504,581,31000,42.2901533333,-83.7937161111,63.0,4.21000003815,1475.0,19.607843399,11.0,,,,,,,,2.34375,-0.78125,,
328.607540639,504,581,32300,42.2901533333,-83.7937161111,63.0,6.19999980927,1486.0,19.607843399,11.0,,,,,,,,2.34375,-0.78125,,
328.607540639,504,581,32800,42.2901533333,-83.7937161111,61.0,6.19999980927,1486.0,19.607843399,11.0,,,,,,,,2.34375,-0.78125,,
328.607540639,504,581,34000,42.289965,-83.7931236111,61.0,6.19999980927,1486.0,19.607843399,11.0,,,,,,,,2.34375,-0.78125,,
328.607540639,504,581,34300,42.289965,-83.7931236111,61.0,7.90999984741,1516.0,19.607843399,11.0,,,,,,,,2.34375,-0.78125,,
328.607540639,504,581,34700,42.289965,-83.7931236111,61.0,7.90999984741,1516.0,22.745098114,11.0,,,,,,,,2.34375,-0.78125,,
328.607540639,504,581,34900,42.289965,-83.7931236111,60.0,7.90999984741,1516.0,22.745098114,11.0,,,,,,,,2.34375,-0.78125,,
328.607540639,504,581,35100,42.289965,-83.7931236111,60.0,7.90999984741,1516.0,22.745098114,11.0,,,,,,,,4.6875,-0.78125,,
328.607540639,504,581,36300,42.289965,-83.7931236111,60.0,5.48000001907,1442.0,22.745098114,11.0,,,,,,,,4.6875,-0.78125,,
328.607540639,504,581,37100,42.2897697222,-83.79254,60.0,5.48000001907,1442.0,22.745098114,11.0,,,,,,,,4.6875,-0.78125,,
328.607540639,504,581,38300,42.2897697222,-83.79254,60.0,4.03999996185,1366.0,22.745098114,11.0,,,,,,,,4.6875,-0.78125,,
328.607540639,504,581,39700,42.2897697222,-83.79254,60.0,4.03999996185,1366.0,12.5490198135,11.0,,,,,,,,4.6875,-0.78125,,
328.607540639,504,581,40000,42.2895758333,-83.7919569444,60.0,4.03999996185,1366.0,12.5490198135,11.0,,,,,,,,4.6875,-0.78125,,
328.607540639,504,581,40100,42.2895758333,-83.7919569444,60.0,4.03999996185,1366.0,12.5490198135,11.0,,,,,,,,-2.34375,-0.78125,,
328.607540639,504,581,40300,42.2895758333,-83.7919569444,60.0,4.03999996185,1296.0,12.5490198135,11.0,,,,,,,,-2.34375,-0.78125,,
328.607540639,504,581,40400,42.2895758333,-83.7919569444,60.0,3.83999991417,1296.0,12.5490198135,11.0,,,,,,,,-2.34375,-0.78125,,
328.607540639,504,581,42300,42.2895758333,-83.7919569444,59.0,3.83999991417,1243.0,12.5490198135,11.0,,,,,,,,-2.34375,-0.78125,,
328.607540639,504,581,42400,42.2895758333,-83.7919569444,59.0,3.61999988556,1243.0,12.5490198135,11.0,,,,,,,,-2.34375,-0.78125,,
328.607540639,504,581,43100,42.2893886111,-83.7913686111,59.0,3.61999988556,1243.0,12.5490198135,11.0,,,,,,,,-2.34375,-0.78125,,
328.607540639,504,581,44300,42.2893886111,-83.7913686111,59.0,3.61999988556,1538.0,12.5490198135,11.0,,,,,,,,-2.34375,-0.78125,,
328.607540639,504,581,44400,42.2893886111,-83.7913686111,58.0,3.61999988556,1538.0,12.5490198135,11.0,,,,,,,,-2.34375,-0.78125,,
328.607540639,504,581,44500,42.2893886111,-83.7913686111,58.0,12.779999733,1538.0,12.5490198135,11.0,,,,,,,,-2.34375,-0.78125,,
328.607540639,504,581,44700,42.2893886111,-83.7913686111,58.0,12.779999733,1538.0,34.9019622803,11.0,,,,,,,,-2.34375,-0.78125,,
328.607540639,504,581,45200,42.2893886111,-83.7913686111,58.0,12.779999733,1538.0,34.9019622803,11.0,,,,,,,,3.90625,-0.78125,,
328.607540639,504,581,46100,42.2891911111,-83.7908172222,58.0,12.779999733,1538.0,34.9019622803,11.0,,,,,,,,3.90625,-0.78125,,
328.607540639,504,581,46300,42.2891911111,-83.7908172222,58.0,12.779999733,1473.0,34.9019622803,11.0,,,,,,,,3.90625,-0.78125,,
328.607540639,504,581,46500,42.2891911111,-83.7908172222,58.0,12.1499996185,1473.0,34.9019622803,11.0,,,,,,,,3.90625,-0.78125,,
328.607540639,504,581,47500,42.2891911111,-83.7908172222,57.0,12.1499996185,1473.0,34.9019622803,11.0,,,,,,,,3.90625,-0.78125,,
328.607540639,504,581,48000,42.2891911111,-83.7908172222,57.0,12.1499996185,1473.0,34.9019622803,11.0,,,,,,,,3.90625,-0.78125,,
328.607540639,504,581,48300,42.2891911111,-83.7908172222,57.0,12.1499996185,1406.0,34.9019622803,11.0,,,,,,,,3.90625,-0.78125,,
328.607540639,504,581,48500,42.2891911111,-83.7908172222,57.0,11.0599994659,1406.0,34.9019622803,11.0,,,,,,,,3.90625,-0.78125,,
328.607540639,504,581,48900,42.2891911111,-83.7908172222,57.0,11.0599994659,1406.0,34.9019622803,11.0,,,,,,,,3.90625,-1.5625,,
328.607540639,504,581,49100,42.2890066667,-83.7902644444,57.0,11.0599994659,1406.0,34.9019622803,11.0,,,,,,,,3.90625,-1.5625,,
328.607540639,504,581,49600,42.2890066667,-83.7902644444,59.0,11.0599994659,1406.0,34.9019622803,11.0,,,,,,,,3.90625,-1.5625,,
328.607540639,504,581,49700,42.2890066667,-83.7902644444,59.0,11.0599994659,1406.0,30.5882358551,11.0,,,,,,,,3.90625,-1.5625,,
328.607540639,504,581,50300,42.2890066667,-83.7902644444,59.0,11.0599994659,1400.0,30.5882358551,11.0,,,,,,,,3.90625,-1.5625,,
328.607540639,504,581,50500,42.2890066667,-83.7902644444,59.0,10.1300001144,1400.0,30.5882358551,11.0,,,,,,,,3.90625,-1.5625,,
328.607540639,504,581,51700,42.2890066667,-83.7902644444,57.0,10.1300001144,1400.0,30.5882358551,11.0,,,,,,,,3.90625,-1.5625,,
328.607540639,504,581,52100,42.288795,-83.7897325,57.0,10.1300001144,1400.0,30.5882358551,11.0,,,,,,,,3.90625,-1.5625,,
328.607540639,504,581,52300,42.288795,-83.7897325,57.0,10.1300001144,1420.0,30.5882358551,11.0,,,,,,,,3.90625,-1.5625,,
328.607540639,504,581,52500,42.288795,-83.7897325,57.0,14.1199998856,1420.0,30.5882358551,11.0,,,,,,,,3.90625,-1.5625,,
328.607540639,504,581,53700,42.288795,-83.7897325,58.0,14.1199998856,1420.0,30.5882358551,11.0,,,,,,,,3.90625,-1.5625,,
328.607540639,504,581,54300,42.288795,-83.7897325,58.0,14.1199998856,1308.0,30.5882358551,11.0,,,,,,,,3.90625,-1.5625,,
328.607540639,504,581,54500,42.288795,-83.7897325,58.0,6.01999998093,1308.0,30.5882358551,11.0,,,,,,,,3.90625,-1.5625,,
328.607540639,504,581,54800,42.288795,-83.7897325,56.0,6.01999998093,1308.0,20.7843132019,11.0,,,,,,,,3.90625,-1.5625,,
328.607540639,504,581,55100,42.2885855556,-83.7892030556,56.0,6.01999998093,1308.0,20.7843132019,11.0,,,,,,,,3.90625,-1.5625,,
328.607540639,504,581,55300,42.2885855556,-83.7892030556,56.0,6.01999998093,1308.0,20.7843132019,11.0,,,,,,,,-2.34375,-1.5625,,
328.607540639,504,581,55800,42.2885855556,-83.7892030556,57.0,6.01999998093,1308.0,20.7843132019,11.0,,,,,,,,-2.34375,-1.5625,,
328.607540639,504,581,56300,42.2885855556,-83.7892030556,57.0,6.01999998093,1305.0,20.7843132019,11.0,,,,,,,,-2.34375,-1.5625,,
328.607540639,504,581,56500,42.2885855556,-83.7892030556,57.0,7.05999994278,1305.0,20.7843132019,11.0,,,,,,,,-2.34375,-1.5625,,
328.607540639,504,581,57900,42.2885855556,-83.7892030556,56.0,7.05999994278,1305.0,20.7843132019,11.0,,,,,,,,-2.34375,-1.5625,,
328.607540639,504,581,58000,42.2884005556,-83.7886727778,56.0,7.05999994278,1305.0,20.7843132019,11.0,,,,,,,,-2.34375,-1.5625,,
328.607540639,504,581,58300,42.2884005556,-83.7886727778,56.0,7.05999994278,1342.0,20.7843132019,11.0,,,,,,,,-2.34375,-1.5625,,
328.607540639,504,581,58500,42.2884005556,-83.7886727778,56.0,11.0399999619,1342.0,20.7843132019,11.0,,,,,,,,-2.34375,-1.5625,,
328.607540639,504,581,58900,42.2884005556,-83.7886727778,58.0,11.0399999619,1342.0,20.7843132019,11.0,,,,,,,,-2.34375,-1.5625,,
328.607540639,504,581,59800,42.2884005556,-83.7886727778,58.0,11.0399999619,1342.0,27.0588245392,11.0,,,,,,,,-2.34375,-1.5625,,
328.607540639,504,581,60000,42.2884005556,-83.7886727778,57.0,11.0399999619,1342.0,27.0588245392,11.0,,,,,,,,-2.34375,-1.5625,,
328.607540639,504,581,60300,42.2884005556,-83.7886727778,57.0,11.0399999619,1338.0,27.0588245392,11.0,,,,,,,,-2.34375,-1.5625,,
328.607540639,504,581,60500,42.2884005556,-83.7886727778,57.0,6.44999980927,1338.0,27.0588245392,11.0,,,,,,,,-2.34375,-1.5625,,
328.607540639,504,581,61000,42.2882105556,-83.7881313889,57.0,6.44999980927,1338.0,27.0588245392,11.0,,,,,,,,-2.34375,-1.5625,,
328.607540639,504,581,62100,42.2882105556,-83.7881313889,58.0,6.44999980927,1338.0,27.0588245392,11.0,,,,,,,,-2.34375,-1.5625,,
328.607540639,504,581,62300,42.2882105556,-83.7881313889,58.0,6.44999980927,1352.0,27.0588245392,11.0,,,,,,,,-2.34375,-1.5625,,
328.607540639,504,581,62500,42.2882105556,-83.7881313889,58.0,6.82999992371,1352.0,27.0588245392,11.0,,,,,,,,-2.34375,-1.5625,,
328.607540639,504,581,63100,42.2882105556,-83.7881313889,57.0,6.82999992371,1352.0,27.0588245392,11.0,,,,,,,,-2.34375,-1.5625,,
328.607540639,504,581,64100,42.2880002778,-83.7876058333,57.0,6.82999992371,1352.0,27.0588245392,11.0,,,,,,,,-2.34375,-1.5625,,
328.607540639,504,581,64300,42.2880002778,-83.7876058333,57.0,6.82999992371,1393.0,27.0588245392,11.0,,,,,,,,-2.34375,-1.5625,,
328.607540639,504,581,64500,42.2880002778,-83.7876058333,57.0,13.5999994278,1393.0,27.0588245392,11.0,,,,,,,,-2.34375,-1.5625,,
328.607540639,504,581,64900,42.2880002778,-83.7876058333,57.0,13.5999994278,1393.0,42.745098114,11.0,,,,,,,,-2.34375,-1.5625,,
328.607540639,504,581,65200,42.2880002778,-83.7876058333,58.0,13.5999994278,1393.0,42.745098114,11.0,,,,,,,,-2.34375,-1.5625,,
328.607540639,504,581,65300,42.2880002778,-83.7876058333,58.0,13.5999994278,1393.0,42.745098114,11.0,,,,,,,,0.78125,-1.5625,,
328.607540639,504,581,66300,42.2880002778,-83.7876058333,58.0,13.5999994278,1455.0,42.745098114,11.0,,,,,,,,0.78125,-1.5625,,
328.607540639,504,581,66500,42.2880002778,-83.7876058333,58.0,15.5999994278,1455.0,42.745098114,11.0,,,,,,,,0.78125,-1.5625,,
328.607540639,504,581,67100,42.2878063889,-83.7870527778,58.0,15.5999994278,1455.0,42.745098114,11.0,,,,,,,,0.78125,-1.5625,,
328.607540639,504,581,67300,42.2878063889,-83.7870527778,59.0,15.5999994278,1455.0,42.745098114,11.0,,,,,,,,0.78125,-1.5625,,
328.607540639,504,581,68300,42.2878063889,-83.7870527778,59.0,15.5999994278,1395.0,42.745098114,11.0,,,,,,,,0.78125,-1.5625,,
328.607540639,504,581,68500,42.2878063889,-83.7870527778,59.0,13.6300001144,1395.0,42.745098114,11.0,,,,,,,,0.78125,-1.5625,,
328.607540639,504,581,70000,42.2875727778,-83.7865094444,59.0,13.6300001144,1395.0,42.745098114,11.0,,,,,,,,0.78125,-1.5625,,
328.607540639,504,581,70300,42.2875727778,-83.7865094444,59.0,13.6300001144,1390.0,42.745098114,11.0,,,,,,,,0.78125,-1.5625,,
328.607540639,504,581,70400,42.2875727778,-83.7865094444,60.0,13.6300001144,1390.0,42.745098114,11.0,,,,,,,,3.90625,-1.5625,,
328.607540639,504,581,70500,42.2875727778,-83.7865094444,60.0,11.1300001144,1390.0,42.745098114,11.0,,,,,,,,3.90625,-1.5625,,
328.607540639,504,581,71400,42.2875727778,-83.7865094444,58.0,11.1300001144,1390.0,42.745098114,11.0,,,,,,,,3.90625,-1.5625,,
328.607540639,504,581,72300,42.2875727778,-83.7865094444,58.0,11.1300001144,1444.0,42.745098114,11.0,,,,,,,,3.90625,-1.5625,,
328.607540639,504,581,72500,42.2875727778,-83.7865094444,58.0,14.1199998856,1444.0,42.745098114,11.0,,,,,,,,3.90625,-1.5625,,
328.607540639,504,581,73100,42.2873230556,-83.7859727778,58.0,14.1199998856,1444.0,42.745098114,11.0,,,,,,,,3.90625,-1.5625,,
328.607540639,504,581,74300,42.2873230556,-83.7859727778,58.0,14.1199998856,1407.0,42.745098114,11.0,,,,,,,,3.90625,-1.5625,,
328.607540639,504,581,74500,42.2873230556,-83.7859727778,58.0,12.7699995041,1407.0,42.745098114,11.0,,,,,,,,3.90625,-1.5625,,
328.607540639,504,581,74900,42.2873230556,-83.7859727778,58.0,12.7699995041,1407.0,26.2745094299,11.0,,,,,,,,3.90625,-1.5625,,
328.607540639,504,581,75400,42.2873230556,-83.7859727778,58.0,12.7699995041,1407.0,26.2745094299,11.0,,,,,,,,2.34375,-1.5625,,
328.607540639,504,581,76300,42.2873230556,-83.7859727778,58.0,12.7699995041,1369.0,26.2745094299,11.0,,,,,,,,2.34375,-1.5625,,
328.607540639,504,581,76500,42.2873230556,-83.7859727778,58.0,7.15999984741,1369.0,26.2745094299,11.0,,,,,,,,2.34375,-1.5625,,
328.607540639,504,581,76700,42.2873230556,-83.7859727778,57.0,7.15999984741,1369.0,26.2745094299,11.0,,,,,,,,2.34375,-1.5625,,
328.607540639,504,581,77100,42.2870408333,-83.7852694444,57.0,7.15999984741,1369.0,26.2745094299,11.0,,,,,,,,2.34375,-1.5625,,
328.607540639,504,581,77700,42.2870408333,-83.7852694444,58.0,7.15999984741,1369.0,26.2745094299,11.0,,,,,,,,2.34375,-1.5625,,
328.607540639,504,581,78000,42.2870408333,-83.7852694444,58.0,7.15999984741,1369.0,26.2745094299,11.0,,,,,,,,2.34375,-1.5625,,
328.607540639,504,581,78300,42.2870408333,-83.7852694444,58.0,7.15999984741,1372.0,26.2745094299,11.0,,,,,,,,2.34375,-1.5625,,
328.607540639,504,581,78500,42.2870408333,-83.7852694444,58.0,7.96000003815,1372.0,26.2745094299,11.0,,,,,,,,2.34375,-1.5625,,
328.607540639,504,581,79800,42.2870408333,-83.7852694444,57.0,7.96000003815,1372.0,26.2745094299,11.0,,,,,,,,2.34375,-1.5625,,
328.607540639,504,581,79900,42.2870408333,-83.7852694444,57.0,7.96000003815,1372.0,12.5490198135,11.0,,,,,,,,2.34375,-1.5625,,
328.607540639,504,581,80100,42.2868444444,-83.7847375,57.0,7.96000003815,1372.0,12.5490198135,11.0,,,,,,,,2.34375,-1.5625,,
328.607540639,504,581,80300,42.2868444444,-83.7847375,57.0,7.96000003815,1267.0,12.5490198135,11.0,,,,,,,,2.34375,-1.5625,,
328.607540639,504,581,80400,42.2868444444,-83.7847375,57.0,7.96000003815,1267.0,12.5490198135,11.0,,,,,,,,-1.5625,-1.5625,,
328.607540639,504,581,80500,42.2868444444,-83.7847375,57.0,3.67999982834,1267.0,12.5490198135,11.0,,,,,,,,-1.5625,-1.5625,,
328.607540639,504,581,80800,42.2868444444,-83.7847375,56.0,3.67999982834,1267.0,12.5490198135,11.0,,,,,,,,-1.5625,-1.5625,,
328.607540639,504,581,81900,42.2868444444,-83.7847375,57.0,3.67999982834,1267.0,12.5490198135,11.0,,,,,,,,-1.5625,-1.5625,,
328.607540639,504,581,82300,42.2868444444,-83.7847375,57.0,3.67999982834,1108.0,12.5490198135,11.0,,,,,,,,-1.5625,-1.5625,,
328.607540639,504,581,82500,42.2868444444,-83.7847375,57.0,3.3599998951,1108.0,12.5490198135,11.0,,,,,,,,-1.5625,-1.5625,,
328.607540639,504,581,82900,42.2868444444,-83.7847375,54.0,3.3599998951,1108.0,12.5490198135,11.0,,,,,,,,-1.5625,-1.5625,,
328.607540639,504,581,83000,42.2866644444,-83.7842019444,54.0,3.3599998951,1108.0,12.5490198135,11.0,,,,,,,,-1.5625,-1.5625,,
328.607540639,504,581,84300,42.2866644444,-83.7842019444,54.0,3.3599998951,1110.0,12.5490198135,11.0,,,,,,,,-1.5625,-1.5625,,
328.607540639,504,581,84500,42.2866644444,-83.7842019444,54.0,3.36999988556,1110.0,12.5490198135,11.0,,,,,,,,-1.5625,-1.5625,,
328.607540639,504,581,85000,42.2866644444,-83.7842019444,55.0,3.36999988556,1110.0,12.9411764145,11.0,,,,,,,,-1.5625,-1.5625,,
328.607540639,504,581,86000,42.2866644444,-83.7842019444,54.0,3.36999988556,1110.0,12.9411764145,11.0,,,,,,,,-1.5625,-1.5625,,
328.607540639,504,581,86100,42.2864841667,-83.7836813889,54.0,3.36999988556,1110.0,12.9411764145,11.0,,,,,,,,-1.5625,-1.5625,,
328.607540639,504,581,86300,42.2864841667,-83.7836813889,54.0,3.36999988556,1529.0,12.9411764145,11.0,,,,,,,,-1.5625,-1.5625,,
328.607540639,504,581,86500,42.2864841667,-83.7836813889,54.0,13.0399999619,1529.0,12.9411764145,11.0,,,,,,,,-1.5625,-1.5625,,
328.607540639,504,581,88100,42.2864841667,-83.7836813889,56.0,13.0399999619,1529.0,12.9411764145,11.0,,,,,,,,-1.5625,-1.5625,,
328.607540639,504,581,88300,42.2864841667,-83.7836813889,56.0,13.0399999619,1437.0,12.9411764145,11.0,,,,,,,,-1.5625,-1.5625,,
328.607540639,504,581,88500,42.2864841667,-83.7836813889,56.0,10.8699998856,1437.0,12.9411764145,11.0,,,,,,,,-1.5625,-1.5625,,
328.607540639,504,581,89100,42.2863072222,-83.7831411111,55.0,10.8699998856,1437.0,12.9411764145,11.0,,,,,,,,-1.5625,-1.5625,,
328.607540639,504,581,90000,42.2863072222,-83.7831411111,55.0,10.8699998856,1437.0,13.7254905701,11.0,,,,,,,,-1.5625,-1.5625,,
328.607540639,504,581,90300,42.2863072222,-83.7831411111,55.0,10.8699998856,1262.0,13.7254905701,11.0,,,,,,,,-1.5625,-1.5625,,
328.607540639,504,581,90500,42.2863072222,-83.7831411111,55.0,3.70999979973,1262.0,13.7254905701,11.0,,,,,,,,3.125,-1.5625,,
328.607540639,504,581,92100,42.2861233333,-83.7826016667,55.0,3.70999979973,1262.0,13.7254905701,11.0,,,,,,,,3.125,-1.5625,,
328.607540639,504,581,92300,42.2861233333,-83.7826016667,54.0,3.70999979973,1231.0,13.7254905701,11.0,,,,,,,,3.125,-1.5625,,
328.607540639,504,581,92500,42.2861233333,-83.7826016667,54.0,3.61999988556,1231.0,13.7254905701,11.0,,,,,,,,3.125,-1.5625,,
328.607540639,504,581,93300,42.2861233333,-83.7826016667,55.0,3.61999988556,1231.0,13.7254905701,11.0,,,,,,,,3.125,-1.5625,,
328.607540639,504,581,94300,42.2861233333,-83.7826016667,53.0,3.61999988556,1108.0,13.7254905701,11.0,,,,,,,,3.125,-1.5625,,
328.607540639,504,581,94500,42.2861233333,-83.7826016667,53.0,3.27999997139,1108.0,13.7254905701,11.0,,,,,,,,3.125,-1.5625,,
328.607540639,504,581,95100,42.2859522222,-83.7820811111,53.0,3.27999997139,1108.0,13.3333339691,11.0,,,,,,,,3.125,-1.5625,,
328.607540639,504,581,95400,42.2859522222,-83.7820811111,51.0,3.27999997139,1108.0,13.3333339691,11.0,,,,,,,,3.125,-1.5625,,
328.607540639,504,581,95500,42.2859522222,-83.7820811111,51.0,3.27999997139,1108.0,13.3333339691,11.0,,,,,,,,3.90625,-1.5625,,
328.607540639,504,581,96300,42.2859522222,-83.7820811111,51.0,3.27999997139,981.0,13.3333339691,11.0,,,,,,,,3.90625,-1.5625,,
328.607540639,504,581,96400,42.2859522222,-83.7820811111,50.0,3.27999997139,981.0,13.3333339691,11.0,,,,,,,,3.90625,-1.5625,,
328.607540639,504,581,96500,42.2859522222,-83.7820811111,50.0,3.15999984741,981.0,13.3333339691,11.0,,,,,,,,3.90625,-1.5625,,
328.607540639,504,581,97500,42.2859522222,-83.7820811111,45.0,3.15999984741,981.0,13.3333339691,11.0,,,,,,,,3.90625,-1.5625,,
328.607540639,504,581,98100,42.2857858333,-83.7816158333,45.0,3.15999984741,981.0,13.3333339691,11.0,,,,,,,,3.90625,-1.5625,,
328.607540639,504,581,98300,42.2857858333,-83.7816158333,45.0,3.15999984741,1080.0,13.3333339691,11.0,,,,,,,,3.90625,-1.5625,,
328.607540639,504,581,98500,42.2857858333,-83.7816158333,42.0,3.29999995232,1080.0,13.3333339691,11.0,,,,,,,,3.90625,-1.5625,,
328.607540639,504,581,99500,42.2857858333,-83.7816158333,40.0,3.29999995232,1080.0,13.3333339691,11.0,,,,,,,,3.90625,-1.5625,,
328.607540639,504,581,100100,42.2857858333,-83.7816158333,40.0,3.29999995232,1080.0,13.7254905701,11.0,,,,,,,,3.90625,-1.5625,,
328.607540639,504,581,100300,42.2857858333,-83.7816158333,40.0,3.29999995232,1047.0,13.7254905701,11.0,,,,,,,,3.90625,-1.5625,,
328.607540639,504,581,100500,42.2857858333,-83.7816158333,40.0,3.16999983788,1047.0,13.7254905701,11.0,,,,,,,,3.90625,-1.5625,,
328.607540639,504,581,100600,42.2857858333,-83.7816158333,34.0,3.16999983788,1047.0,13.7254905701,11.0,,,,,,,,3.125,-1.5625,,
328.607540639,504,581,101000,42.2856558333,-83.7812425,34.0,3.16999983788,1047.0,13.7254905701,11.0,,,,,,,,3.125,-1.5625,,
328.607540639,504,581,101600,42.2856558333,-83.7812425,30.0,3.16999983788,1047.0,13.7254905701,11.0,,,,,,,,3.125,-1.5625,,
328.607540639,504,581,102300,42.2856558333,-83.7812425,30.0,3.16999983788,864.0,13.7254905701,11.0,,,,,,,,3.125,-1.5625,,
328.607540639,504,581,102500,42.2856558333,-83.7812425,30.0,3.05999994278,864.0,13.7254905701,11.0,,,,,,,,3.125,-1.5625,,
328.607540639,504,581,102700,42.2856558333,-83.7812425,27.0,3.05999994278,864.0,13.7254905701,11.0,,,,,,,,3.125,-1.5625,,
328.607540639,504,581,103700,42.2856558333,-83.7812425,25.0,3.05999994278,864.0,13.7254905701,11.0,,,,,,,,3.125,-1.5625,,
328.607540639,504,581,104100,42.2855727778,-83.7809633333,25.0,3.05999994278,864.0,13.7254905701,11.0,,,,,,,,3.125,-1.5625,,
328.607540639,504,581,104300,42.2855727778,-83.7809633333,25.0,3.05999994278,806.0,13.7254905701,11.0,,,,,,,,3.125,-1.5625,,
328.607540639,504,581,104500,42.2855727778,-83.7809633333,25.0,3.11999988556,806.0,13.7254905701,11.0,,,,,,,,3.125,-1.5625,,
328.607540639,504,581,104700,42.2855727778,-83.7809633333,22.0,3.11999988556,806.0,13.7254905701,11.0,,,,,,,,3.125,-1.5625,,
328.607540639,504,581,105100,42.2855727778,-83.7809633333,22.0,3.11999988556,806.0,18.4313735962,11.0,,,,,,,,3.125,-1.5625,,
328.607540639,504,581,105600,42.2855727778,-83.7809633333,22.0,3.11999988556,806.0,18.4313735962,11.0,,,,,,,,-1.5625,-1.5625,,
328.607540639,504,581,105800,42.2855727778,-83.7809633333,16.0,3.11999988556,806.0,18.4313735962,11.0,,,,,,,,-1.5625,-1.5625,,
328.607540639,504,581,106400,42.2855727778,-83.7809633333,16.0,3.11999988556,718.0,18.4313735962,11.0,,,,,,,,-1.5625,-1.5625,,
328.607540639,504,581,106500,42.2855727778,-83.7809633333,16.0,3.49000000954,718.0,18.4313735962,11.0,,,,,,,,-1.5625,-1.5625,,
328.607540639,504,581,107000,42.2855216667,-83.7807947222,16.0,3.49000000954,718.0,18.4313735962,11.0,,,,,,,,-1.5625,-1.5625,,
328.607540639,504,581,107900,42.2855216667,-83.7807947222,10.0,3.49000000954,718.0,18.4313735962,11.0,,,,,,,,-1.5625,-1.5625,,
328.607540639,504,581,108100,42.2855216667,-83.7807947222,10.0,3.49000000954,718.0,18.4313735962,11.0,,,,,,,,-1.5625,-1.5625,,
328.607540639,504,581,108400,42.2855216667,-83.7807947222,10.0,3.49000000954,697.0,18.4313735962,11.0,,,,,,,,-1.5625,-1.5625,,
328.607540639,504,581,108500,42.2855216667,-83.7807947222,10.0,3.33999991417,697.0,18.4313735962,11.0,,,,,,,,-1.5625,-1.5625,,
328.607540639,504,581,109000,42.2855216667,-83.7807947222,5.0,3.33999991417,697.0,18.4313735962,11.0,,,,,,,,-1.5625,-0.78125,,
328.607540639,504,581,110100,42.2855216667,-83.7807947222,2.0,3.33999991417,697.0,18.4313735962,11.0,,,,,,,,-1.5625,-0.78125,,
328.607540639,504,581,110600,42.2855216667,-83.7807947222,0.0,3.33999991417,675.0,18.4313735962,11.0,,,,,,,,-1.5625,-0.78125,,
328.607540639,504,581,110700,42.2855216667,-83.7807947222,0.0,3.25999999046,675.0,18.4313735962,11.0,,,,,,,,-1.5625,-0.78125,,
328.607540639,504,581,110800,42.2855216667,-83.7807947222,0.0,3.25999999046,675.0,21.5686283112,11.0,,,,,,,,-1.5625,-0.78125,,
328.607540639,504,581,112600,42.2855216667,-83.7807947222,0.0,3.25999999046,672.0,21.5686283112,11.0,,,,,,,,-1.5625,-0.78125,,
328.607540639,504,581,114600,42.2855216667,-83.7807947222,0.0,3.25999999046,671.0,21.5686283112,11.0,,,,,,,,-1.5625,-0.78125,,
328.607540639,504,581,115700,42.2855216667,-83.7807947222,0.0,2.98000001907,671.0,21.5686283112,11.0,,,,,,,,-1.5625,-0.78125,,
328.607540639,504,581,115800,42.2855216667,-83.7807947222,0.0,2.98000001907,671.0,21.1764717102,11.0,,,,,,,,-1.5625,-0.78125,,
328.607540639,504,581,116600,42.2855216667,-83.7807947222,0.0,2.98000001907,670.0,21.1764717102,11.0,,,,,,,,-1.5625,-0.78125,,
328.607540639,504,581,118600,42.2855216667,-83.7807947222,0.0,2.98000001907,667.0,21.1764717102,11.0,,,,,,,,-1.5625,-0.78125,,
328.607540639,504,581,120600,42.2855216667,-83.7807947222,0.0,2.98000001907,667.0,21.1764717102,11.0,,,,,,,,-1.5625,-0.78125,,
328.607540639,504,581,120800,42.2855216667,-83.7807947222,0.0,3.03999996185,667.0,21.1764717102,11.0,,,,,,,,-1.5625,-0.78125,,
328.607540639,504,581,120900,42.2855216667,-83.7807947222,0.0,3.03999996185,667.0,21.5686283112,11.0,,,,,,,,-1.5625,-0.78125,,
328.607540639,504,581,121200,42.2855216667,-83.7807947222,0.0,3.03999996185,667.0,21.5686283112,11.0,,,,,,,,0.0,-0.78125,,
328.607540639,504,581,122600,42.2855216667,-83.7807947222,0.0,3.03999996185,668.0,21.5686283112,11.0,,,,,,,,0.0,-0.78125,,
328.607540639,504,581,124600,42.2855216667,-83.7807947222,0.0,3.03999996185,676.0,21.5686283112,11.0,,,,,,,,0.0,-0.78125,,
328.607540639,504,581,125800,42.2855216667,-83.7807947222,0.0,3.02999997139,676.0,21.5686283112,11.0,,,,,,,,0.0,-0.78125,,
328.607540639,504,581,126600,42.2855216667,-83.7807947222,0.0,3.02999997139,668.0,21.5686283112,11.0,,,,,,,,0.0,-0.78125,,
328.607540639,504,581,128600,42.2855216667,-83.7807947222,0.0,3.02999997139,665.0,21.5686283112,11.0,,,,,,,,0.0,-0.78125,,
328.607540639,504,581,130600,42.2855216667,-83.7807947222,0.0,3.02999997139,661.0,21.5686283112,11.0,,,,,,,,0.0,-0.78125,,
328.607540639,504,581,130900,42.2855216667,-83.7807947222,0.0,3.00999999046,661.0,21.5686283112,11.0,,,,,,,,0.0,-0.78125,,
328.607540639,504,581,132600,42.2855216667,-83.7807947222,0.0,3.00999999046,661.0,21.5686283112,11.0,,,,,,,,0.0,-0.78125,,
328.607540639,504,581,134600,42.2855216667,-83.7807947222,0.0,3.00999999046,668.0,21.5686283112,11.0,,,,,,,,0.0,-0.78125,,
328.607540639,504,581,135900,42.2855216667,-83.7807947222,0.0,3.21000003815,668.0,21.5686283112,11.0,,,,,,,,0.0,-0.78125,,
328.607540639,504,581,136300,42.2855216667,-83.7807947222,0.0,3.21000003815,668.0,21.5686283112,11.0,,,,,,,,-0.78125,-0.78125,,
328.607540639,504,581,136600,42.2855216667,-83.7807947222,0.0,3.21000003815,667.0,21.5686283112,11.0,,,,,,,,-0.78125,-0.78125,,
328.607540639,504,581,137000,42.2854933333,-83.7807144444,0.0,3.21000003815,667.0,21.5686283112,11.0,,,,,,,,-0.78125,-0.78125,,
328.607540639,504,581,138600,42.2854933333,-83.7807144444,0.0,3.21000003815,662.0,21.5686283112,11.0,,,,,,,,-0.78125,-0.78125,,
328.607540639,504,581,140700,42.2854933333,-83.7807144444,0.0,3.21000003815,666.0,21.5686283112,11.0,,,,,,,,-0.78125,-0.78125,,
328.607540639,504,581,140900,42.2854933333,-83.7807144444,0.0,2.95000004768,666.0,21.5686283112,11.0,,,,,,,,-0.78125,-0.78125,,
328.607540639,504,581,142700,42.2854933333,-83.7807144444,0.0,2.95000004768,665.0,21.5686283112,11.0,,,,,,,,-0.78125,-0.78125,,
328.607540639,504,581,144700,42.2854933333,-83.7807144444,0.0,2.95000004768,672.0,21.5686283112,11.0,,,,,,,,-0.78125,-0.78125,,
328.607540639,504,581,145900,42.2854933333,-83.7807144444,0.0,3.1899998188,672.0,21.5686283112,11.0,,,,,,,,-0.78125,-0.78125,,
328.607540639,504,581,146300,42.2854933333,-83.7807144444,0.0,3.1899998188,672.0,21.5686283112,11.0,,,,,,,,-1.5625,-0.78125,,
328.607540639,504,581,146700,42.2854933333,-83.7807144444,0.0,3.1899998188,666.0,21.5686283112,11.0,,,,,,,,-1.5625,-0.78125,,
328.607540639,504,581,148700,42.2854933333,-83.7807144444,0.0,3.1899998188,668.0,21.5686283112,11.0,,,,,,,,-1.5625,-0.78125,,
328.607540639,504,581,150700,42.2854933333,-83.7807144444,0.0,3.1899998188,675.0,21.5686283112,11.0,,,,,,,,-1.5625,-0.78125,,
328.607540639,504,581,151000,42.2854933333,-83.7807144444,0.0,3.0,675.0,21.5686283112,11.0,,,,,,,,-1.5625,-0.78125,,
328.607540639,504,581,152700,42.2854933333,-83.7807144444,0.0,3.0,664.0,21.5686283112,11.0,,,,,,,,-1.5625,-0.78125,,
328.607540639,504,581,154700,42.2854933333,-83.7807144444,0.0,3.0,666.0,21.5686283112,11.0,,,,,,,,-1.5625,-0.78125,,
328.607540639,504,581,156000,42.2854933333,-83.7807144444,0.0,3.14999985695,666.0,21.5686283112,11.0,,,,,,,,-1.5625,-0.78125,,
328.607540639,504,581,156200,42.2854933333,-83.7807144444,0.0,3.14999985695,666.0,21.9607849121,11.0,,,,,,,,-1.5625,-0.78125,,
328.607540639,504,581,156700,42.2854933333,-83.7807144444,0.0,3.14999985695,669.0,21.9607849121,11.0,,,,,,,,-1.5625,-0.78125,,
328.607540639,504,581,158000,42.2854980556,-83.780725,0.0,3.14999985695,669.0,21.9607849121,11.0,,,,,,,,-1.5625,-0.78125,,
328.607540639,504,581,158900,42.2854980556,-83.780725,1.0,3.14999985695,669.0,21.9607849121,11.0,,,,,,,,-1.5625,-0.78125,,
328.607540639,504,581,159000,42.2854980556,-83.780725,1.0,3.14999985695,735.0,21.9607849121,11.0,,,,,,,,-1.5625,-0.78125,,
328.607540639,504,581,159100,42.2854980556,-83.780725,1.0,19.9799995422,735.0,21.9607849121,11.0,,,,,,,,-1.5625,-0.78125,,
328.607540639,504,581,159200,42.2854980556,-83.780725,1.0,19.9799995422,735.0,63.9215698242,11.0,,,,,,,,-1.5625,-0.78125,,
328.607540639,504,581,159500,42.2854980556,-83.780725,1.0,19.9799995422,735.0,63.9215698242,11.0,,,,,,,,0.78125,-0.78125,,
328.607540639,504,581,159600,42.2854980556,-83.780725,1.0,19.9799995422,735.0,63.9215698242,11.0,,,,,,,,0.78125,2.34375,,
328.607540639,504,581,159900,42.2854980556,-83.780725,2.0,19.9799995422,735.0,63.9215698242,11.0,,,,,,,,0.78125,2.34375,,
328.607540639,504,581,161000,42.2854980556,-83.780725,11.0,19.9799995422,2123.0,63.9215698242,11.0,,,,,,,,0.78125,2.34375,,
328.607540639,504,581,161100,42.28547,-83.7806472222,11.0,26.5,2123.0,63.9215698242,11.0,,,,,,,,0.78125,2.34375,,
328.607540639,504,581,162000,42.28547,-83.7806472222,20.0,26.5,2123.0,63.9215698242,11.0,,,,,,,,0.78125,2.34375,,
328.607540639,504,581,163000,42.28547,-83.7806472222,20.0,26.5,2243.0,63.9215698242,11.0,,,,,,,,0.78125,2.34375,,
328.607540639,504,581,163100,42.28547,-83.7806472222,26.0,28.6999988556,2243.0,63.9215698242,11.0,,,,,,,,0.78125,2.34375,,
328.607540639,504,581,164100,42.28536,-83.7803780556,32.0,28.6999988556,2243.0,63.9215698242,11.0,,,,,,,,0.78125,2.34375,,
328.607540639,504,581,164200,42.28536,-83.7803780556,32.0,28.6999988556,2243.0,58.4313735962,11.0,,,,,,,,0.78125,2.34375,,
328.607540639,504,581,165000,42.28536,-83.7803780556,32.0,28.6999988556,2759.0,58.4313735962,11.0,,,,,,,,0.78125,2.34375,,
328.607540639,504,581,165100,42.28536,-83.7803780556,37.0,33.6899986267,2759.0,58.4313735962,11.0,,,,,,,,0.78125,2.34375,,
328.607540639,504,581,166200,42.28536,-83.7803780556,43.0,33.6899986267,2759.0,58.4313735962,11.0,,,,,,,,0.78125,2.34375,,
328.607540639,504,581,167000,42.28536,-83.7803780556,43.0,33.6899986267,2360.0,58.4313735962,11.0,,,,,,,,0.78125,2.34375,,
328.607540639,504,581,167100,42.28536,-83.7803780556,43.0,28.3999996185,2360.0,58.4313735962,11.0,,,,,,,,0.78125,2.34375,,
328.607540639,504,581,167200,42.28536,-83.7803780556,47.0,28.3999996185,2360.0,58.4313735962,11.0,,,,,,,,0.78125,2.34375,,
328.607540639,504,581,168000,42.2851586111,-83.7797883333,47.0,28.3999996185,2360.0,58.4313735962,11.0,,,,,,,,0.78125,2.34375,,
328.607540639,504,581,168300,42.2851586111,-83.7797883333,51.0,28.3999996185,2360.0,58.4313735962,11.0,,,,,,,,0.78125,2.34375,,
328.607540639,504,581,169000,42.2851586111,-83.7797883333,51.0,28.3999996185,2349.0,58.4313735962,11.0,,,,,,,,0.78125,2.34375,,
328.607540639,504,581,169100,42.2851586111,-83.7797883333,51.0,17.5799999237,2349.0,58.4313735962,11.0,,,,,,,,0.78125,2.34375,,
328.607540639,504,581,169200,42.2851586111,-83.7797883333,51.0,17.5799999237,2349.0,37.254901886,11.0,,,,,,,,0.78125,2.34375,,
328.607540639,504,581,169300,42.2851586111,-83.7797883333,54.0,17.5799999237,2349.0,37.254901886,11.0,,,,,,,,0.78125,2.34375,,
328.607540639,504,581,169500,42.2851586111,-83.7797883333,54.0,17.5799999237,2349.0,37.254901886,11.0,,,,,,,,0.0,2.34375,,
328.607540639,504,581,170100,42.2850669444,-83.7794261111,54.0,17.5799999237,2349.0,37.254901886,11.0,,,,,,,,0.0,2.34375,,
328.607540639,504,581,170300,42.2850669444,-83.7794261111,58.0,17.5799999237,2349.0,37.254901886,11.0,,,,,,,,0.0,2.34375,,
328.607540639,504,581,171000,42.2850669444,-83.7794261111,58.0,17.5799999237,1976.0,37.254901886,11.0,,,,,,,,0.0,2.34375,,
328.607540639,504,581,171100,42.2850669444,-83.7794261111,58.0,14.5999994278,1976.0,37.254901886,11.0,,,,,,,,0.0,2.34375,,
328.607540639,504,581,171400,42.2850669444,-83.7794261111,57.0,14.5999994278,1976.0,37.254901886,11.0,,,,,,,,0.0,2.34375,,
328.607540639,504,581,172400,42.2850669444,-83.7794261111,58.0,14.5999994278,1976.0,37.254901886,11.0,,,,,,,,0.0,2.34375,,
328.607540639,504,581,173000,42.2850669444,-83.7794261111,58.0,14.5999994278,1646.0,37.254901886,11.0,,,,,,,,0.0,2.34375,,
328.607540639,504,581,173100,42.2850669444,-83.7794261111,58.0,10.9899997711,1646.0,37.254901886,11.0,,,,,,,,0.0,2.34375,,
328.607540639,504,581,173500,42.2850669444,-83.7794261111,59.0,10.9899997711,1646.0,37.254901886,11.0,,,,,,,,0.0,2.34375,,
328.607540639,504,581,174000,42.2848891667,-83.7786608333,59.0,10.9899997711,1646.0,37.254901886,11.0,,,,,,,,0.0,2.34375,,
328.607540639,504,581,174300,42.2848891667,-83.7786608333,59.0,10.9899997711,1646.0,22.745098114,11.0,,,,,,,,0.0,2.34375,,
328.607540639,504,581,174500,42.2848891667,-83.7786608333,58.0,10.9899997711,1646.0,22.745098114,11.0,,,,,,,,-0.78125,2.34375,,
328.607540639,504,581,175000,42.2848891667,-83.7786608333,58.0,10.9899997711,1464.0,22.745098114,11.0,,,,,,,,-0.78125,2.34375,,
328.607540639,504,581,175100,42.2848891667,-83.7786608333,58.0,7.38999986649,1464.0,22.745098114,11.0,,,,,,,,-0.78125,2.34375,,
328.607540639,504,581,177000,42.2848891667,-83.7786608333,58.0,7.38999986649,1379.0,22.745098114,11.0,,,,,,,,-0.78125,2.34375,,
328.607540639,504,581,177100,42.2847361111,-83.7780825,58.0,7.38999986649,1379.0,22.745098114,11.0,,,,,,,,-0.78125,2.34375,,
328.607540639,504,581,177200,42.2847361111,-83.7780825,58.0,4.25999975204,1379.0,22.745098114,11.0,,,,,,,,-0.78125,2.34375,,
328.607540639,504,581,177700,42.2847361111,-83.7780825,59.0,4.25999975204,1379.0,22.745098114,11.0,,,,,,,,-0.78125,2.34375,,
328.607540639,504,581,178700,42.2847361111,-83.7780825,60.0,4.25999975204,1379.0,22.745098114,11.0,,,,,,,,-0.78125,2.34375,,
328.607540639,504,581,179000,42.2847361111,-83.7780825,60.0,4.25999975204,1401.0,22.745098114,11.0,,,,,,,,-0.78125,2.34375,,
328.607540639,504,581,179200,42.2847361111,-83.7780825,60.0,4.27999973297,1401.0,22.745098114,11.0,,,,,,,,-0.78125,2.34375,,
328.607540639,504,581,179300,42.2847361111,-83.7780825,60.0,4.27999973297,1401.0,14.509803772,11.0,,,,,,,,-0.78125,2.34375,,
328.607540639,504,581,179700,42.2847361111,-83.7780825,61.0,4.27999973297,1401.0,14.509803772,11.0,,,,,,,,-0.78125,2.34375,,
328.607540639,504,581,180100,42.2845677778,-83.7774922222,61.0,4.27999973297,1401.0,14.509803772,11.0,,,,,,,,-0.78125,2.34375,,
328.607540639,504,581,180800,42.2845677778,-83.7774922222,60.0,4.27999973297,1401.0,14.509803772,11.0,,,,,,,,-0.78125,2.34375,,
328.607540639,504,581,181000,42.2845677778,-83.7774922222,60.0,4.27999973297,1415.0,14.509803772,11.0,,,,,,,,-0.78125,2.34375,,
328.607540639,504,581,181200,42.2845677778,-83.7774922222,60.0,5.00999975204,1415.0,14.509803772,11.0,,,,,,,,-0.78125,2.34375,,
328.607540639,504,581,182900,42.2845677778,-83.7774922222,61.0,5.00999975204,1415.0,14.509803772,11.0,,,,,,,,-0.78125,2.34375,,
328.607540639,504,581,183000,42.2844083333,-83.7768980556,61.0,5.00999975204,1412.0,14.509803772,11.0,,,,,,,,-0.78125,2.34375,,
328.607540639,504,581,183200,42.2844083333,-83.7768980556,61.0,4.88999986649,1412.0,14.509803772,11.0,,,,,,,,-0.78125,2.34375,,
328.607540639,504,581,183900,42.2844083333,-83.7768980556,59.0,4.88999986649,1412.0,14.509803772,11.0,,,,,,,,-0.78125,2.34375,,
328.607540639,504,581,184400,42.2844083333,-83.7768980556,59.0,4.88999986649,1412.0,16.4705886841,11.0,,,,,,,,-0.78125,2.34375,,
328.607540639,504,581,184600,42.2844083333,-83.7768980556,59.0,4.88999986649,1412.0,16.4705886841,11.0,,,,,,,,1.5625,2.34375,,
328.607540639,504,581,185000,42.2844083333,-83.7768980556,59.0,4.88999986649,1383.0,16.4705886841,11.0,,,,,,,,1.5625,2.34375,,
328.607540639,504,581,185200,42.2844083333,-83.7768980556,59.0,4.67999982834,1383.0,16.4705886841,11.0,,,,,,,,1.5625,2.34375,,
328.607540639,504,581,186100,42.2842641667,-83.7763083333,59.0,4.67999982834,1383.0,16.4705886841,11.0,,,,,,,,1.5625,2.34375,,
328.607540639,504,581,187000,42.2842641667,-83.7763083333,58.0,4.67999982834,1394.0,16.4705886841,11.0,,,,,,,,1.5625,2.34375,,
328.607540639,504,581,187200,42.2842641667,-83.7763083333,58.0,7.94000005722,1394.0,16.4705886841,11.0,,,,,,,,1.5625,2.34375,,
328.607540639,504,581,188100,42.2842641667,-83.7763083333,57.0,7.94000005722,1394.0,16.4705886841,11.0,,,,,,,,1.5625,2.34375,,
328.607540639,504,581,189000,42.2842641667,-83.7763083333,57.0,7.94000005722,1393.0,16.4705886841,11.0,,,,,,,,1.5625,2.34375,,
328.607540639,504,581,189100,42.28413,-83.7757280556,56.0,7.94000005722,1393.0,16.4705886841,11.0,,,,,,,,1.5625,2.34375,,
328.607540639,504,581,189200,42.28413,-83.7757280556,56.0,13.4399995804,1393.0,16.4705886841,11.0,,,,,,,,1.5625,2.34375,,
328.607540639,504,581,189400,42.28413,-83.7757280556,56.0,13.4399995804,1393.0,43.5294113159,11.0,,,,,,,,1.5625,2.34375,,
328.607540639,504,581,190100,42.28413,-83.7757280556,55.0,13.4399995804,1393.0,43.5294113159,11.0,,,,,,,,1.5625,2.34375,,
328.607540639,504,581,191000,42.28413,-83.7757280556,55.0,13.4399995804,1855.0,43.5294113159,11.0,,,,,,,,1.5625,2.34375,,
328.607540639,504,581,191200,42.28413,-83.7757280556,56.0,20.5699996948,1855.0,43.5294113159,11.0,,,,,,,,1.5625,2.34375,,
328.607540639,504,581,192000,42.2840033333,-83.7751611111,56.0,20.5699996948,1855.0,43.5294113159,11.0,,,,,,,,1.5625,2.34375,,
328.607540639,504,581,192200,42.2840033333,-83.7751611111,52.0,20.5699996948,1855.0,43.5294113159,11.0,,,,,,,,1.5625,2.34375,,
328.607540639,504,581,193000,42.2840033333,-83.7751611111,52.0,20.5699996948,1604.0,43.5294113159,11.0,,,,,,,,1.5625,2.34375,,
328.607540639,504,581,193200,42.2840033333,-83.7751611111,52.0,13.8599996567,1604.0,43.5294113159,11.0,,,,,,,,1.5625,2.34375,,
328.607540639,504,581,193300,42.2840033333,-83.7751611111,53.0,13.8599996567,1604.0,43.5294113159,11.0,,,,,,,,1.5625,2.34375,,
328.607540639,504,581,194300,42.2840033333,-83.7751611111,52.0,13.8599996567,1604.0,43.5294113159,11.0,,,,,,,,1.5625,2.34375,,
328.607540639,504,581,194500,42.2840033333,-83.7751611111,52.0,13.8599996567,1604.0,42.745098114,11.0,,,,,,,,1.5625,2.34375,,
328.607540639,504,581,194700,42.2840033333,-83.7751611111,52.0,13.8599996567,1604.0,42.745098114,11.0,,,,,,,,3.90625,2.34375,,
328.607540639,504,581,195000,42.2838838889,-83.7746247222,52.0,13.8599996567,1717.0,42.745098114,11.0,,,,,,,,3.90625,2.34375,,
328.607540639,504,581,195200,42.2838838889,-83.7746247222,52.0,17.6299991608,1717.0,42.745098114,11.0,,,,,,,,3.90625,2.34375,,
328.607540639,504,581,195300,42.2838838889,-83.7746247222,51.0,17.6299991608,1717.0,42.745098114,11.0,,,,,,,,3.90625,2.34375,,
328.607540639,504,581,196400,42.2838838889,-83.7746247222,52.0,17.6299991608,1717.0,42.745098114,11.0,,,,,,,,3.90625,2.34375,,
328.607540639,504,581,197000,42.2838838889,-83.7746247222,52.0,17.6299991608,1739.0,42.745098114,11.0,,,,,,,,3.90625,2.34375,,
328.607540639,504,581,197200,42.2838838889,-83.7746247222,52.0,16.5299987793,1739.0,42.745098114,11.0,,,,,,,,3.90625,2.34375,,
328.607540639,504,581,198100,42.28377,-83.7740866667,52.0,16.5299987793,1739.0,42.745098114,11.0,,,,,,,,3.90625,2.34375,,
328.607540639,504,581,198500,42.28377,-83.7740866667,54.0,16.5299987793,1739.0,42.745098114,11.0,,,,,,,,3.90625,2.34375,,
328.607540639,504,581,199000,42.28377,-83.7740866667,54.0,16.5299987793,1239.0,42.745098114,11.0,,,,,,,,3.90625,2.34375,,
328.607540639,504,581,199200,42.28377,-83.7740866667,54.0,3.50999999046,1239.0,42.745098114,11.0,,,,,,,,3.90625,2.34375,,
328.607540639,504,581,199500,42.28377,-83.7740866667,56.0,3.50999999046,1239.0,12.1568632126,11.0,,,,,,,,3.90625,2.34375,,
328.607540639,504,581,199700,42.28377,-83.7740866667,56.0,3.50999999046,1239.0,12.1568632126,11.0,,,,,,,,3.125,2.34375,,
328.607540639,504,581,201000,42.28377,-83.7740866667,56.0,3.50999999046,1195.0,12.1568632126,11.0,,,,,,,,3.125,2.34375,,
328.607540639,504,581,201100,42.2836594444,-83.7735127778,56.0,3.50999999046,1195.0,12.1568632126,11.0,,,,,,,,3.125,2.34375,,
328.607540639,504,581,201200,42.2836594444,-83.7735127778,56.0,3.57999992371,1195.0,12.1568632126,11.0,,,,,,,,3.125,2.34375,,
328.607540639,504,581,201600,42.2836594444,-83.7735127778,57.0,3.57999992371,1195.0,12.1568632126,11.0,,,,,,,,3.125,2.34375,,
328.607540639,504,581,203000,42.2836594444,-83.7735127778,57.0,3.57999992371,1181.0,12.1568632126,11.0,,,,,,,,3.125,2.34375,,
328.607540639,504,581,203200,42.2836594444,-83.7735127778,57.0,3.63999986649,1181.0,12.1568632126,11.0,,,,,,,,3.125,2.34375,,
328.607540639,504,581,203700,42.2836594444,-83.7735127778,58.0,3.63999986649,1181.0,12.1568632126,11.0,,,,,,,,3.125,2.34375,,
328.607540639,504,581,204000,42.2835413889,-83.7729227778,58.0,3.63999986649,1181.0,12.1568632126,11.0,,,,,,,,3.125,2.34375,,
328.607540639,504,581,204500,42.2835413889,-83.7729227778,58.0,3.63999986649,1181.0,17.254901886,11.0,,,,,,,,3.125,2.34375,,
328.607540639,504,581,204800,42.2835413889,-83.7729227778,58.0,3.63999986649,1181.0,17.254901886,11.0,,,,,,,,-4.6875,2.34375,,
328.607540639,504,581,205000,42.2835413889,-83.7729227778,58.0,3.63999986649,1372.0,17.254901886,11.0,,,,,,,,-4.6875,2.34375,,
328.607540639,504,581,205200,42.2835413889,-83.7729227778,58.0,4.44999980927,1372.0,17.254901886,11.0,,,,,,,,-4.6875,2.34375,,
328.607540639,504,581,207100,42.2834136111,-83.7723336111,58.0,4.44999980927,1337.0,17.254901886,11.0,,,,,,,,-4.6875,2.34375,,
328.607540639,504,581,207200,42.2834136111,-83.7723336111,58.0,4.02999973297,1337.0,17.254901886,11.0,,,,,,,,-4.6875,2.34375,,
328.607540639,504,581,209100,42.2834136111,-83.7723336111,58.0,4.02999973297,1338.0,17.254901886,11.0,,,,,,,,-4.6875,2.34375,,
328.607540639,504,581,209200,42.2834136111,-83.7723336111,58.0,4.09999990463,1338.0,17.254901886,11.0,,,,,,,,-4.6875,2.34375,,
328.607540639,504,581,209600,42.2834136111,-83.7723336111,58.0,4.09999990463,1338.0,12.9411764145,11.0,,,,,,,,-4.6875,2.34375,,
328.607540639,504,581,209800,42.2834136111,-83.7723336111,58.0,4.09999990463,1338.0,12.9411764145,11.0,,,,,,,,-2.34375,2.34375,,
328.607540639,504,581,210100,42.283265,-83.7717544444,58.0,4.09999990463,1338.0,12.9411764145,11.0,,,,,,,,-2.34375,2.34375,,
328.607540639,504,581,211100,42.283265,-83.7717544444,60.0,4.09999990463,1345.0,12.9411764145,11.0,,,,,,,,-2.34375,2.34375,,
328.607540639,504,581,211200,42.283265,-83.7717544444,60.0,3.99000000954,1345.0,12.9411764145,11.0,,,,,,,,-2.34375,2.34375,,
328.607540639,504,581,212100,42.283265,-83.7717544444,59.0,3.99000000954,1345.0,12.9411764145,11.0,,,,,,,,-2.34375,2.34375,,
328.607540639,504,581,213100,42.283145,-83.7711580556,59.0,3.99000000954,1387.0,12.9411764145,11.0,,,,,,,,-2.34375,2.34375,,
328.607540639,504,581,213200,42.283145,-83.7711580556,59.0,5.52999973297,1387.0,12.9411764145,11.0,,,,,,,,-2.34375,2.34375,,
328.607540639,504,581,214200,42.283145,-83.7711580556,60.0,5.52999973297,1387.0,12.9411764145,11.0,,,,,,,,-2.34375,2.34375,,
328.607540639,504,581,214600,42.283145,-83.7711580556,60.0,5.52999973297,1387.0,31.372549057,11.0,,,,,,,,-2.34375,2.34375,,
328.607540639,504,581,215100,42.283145,-83.7711580556,60.0,5.52999973297,1403.0,31.372549057,11.0,,,,,,,,-2.34375,2.34375,,
328.607540639,504,581,215200,42.283145,-83.7711580556,58.0,10.8400001526,1403.0,31.372549057,11.0,,,,,,,,-2.34375,2.34375,,
328.607540639,504,581,216000,42.2830361111,-83.7705663889,58.0,10.8400001526,1403.0,31.372549057,11.0,,,,,,,,-2.34375,2.34375,,
328.607540639,504,581,216300,42.2830361111,-83.7705663889,57.0,10.8400001526,1403.0,31.372549057,11.0,,,,,,,,-2.34375,2.34375,,
328.607540639,504,581,217100,42.2830361111,-83.7705663889,57.0,10.8400001526,1333.0,31.372549057,11.0,,,,,,,,-2.34375,2.34375,,
328.607540639,504,581,217200,42.2830361111,-83.7705663889,57.0,11.1700000763,1333.0,31.372549057,11.0,,,,,,,,-2.34375,2.34375,,
328.607540639,504,581,218300,42.2830361111,-83.7705663889,54.0,11.1700000763,1333.0,31.372549057,11.0,,,,,,,,-2.34375,2.34375,,
328.607540639,504,581,219000,42.2829386111,-83.7700213889,54.0,11.1700000763,1333.0,31.372549057,11.0,,,,,,,,-2.34375,2.34375,,
328.607540639,504,581,219100,42.2829386111,-83.7700213889,54.0,11.1700000763,1346.0,31.372549057,11.0,,,,,,,,-2.34375,2.34375,,
328.607540639,504,581,219200,42.2829386111,-83.7700213889,54.0,5.30999994278,1346.0,31.372549057,11.0,,,,,,,,-2.34375,2.34375,,
328.607540639,504,581,219400,42.2829386111,-83.7700213889,52.0,5.30999994278,1346.0,31.372549057,11.0,,,,,,,,-2.34375,2.34375,,
328.607540639,504,581,219600,42.2829386111,-83.7700213889,52.0,5.30999994278,1346.0,19.607843399,11.0,,,,,,,,-2.34375,2.34375,,
328.607540639,504,581,219700,42.2829386111,-83.7700213889,52.0,5.30999994278,1346.0,19.607843399,11.0,,,,,,,,-2.34375,1.5625,,
328.607540639,504,581,219900,42.2829386111,-83.7700213889,52.0,5.30999994278,1346.0,19.607843399,11.0,,,,,,,,7.03125,1.5625,,
328.607540639,504,581,220400,42.2829386111,-83.7700213889,51.0,5.30999994278,1346.0,19.607843399,11.0,,,,,,,,7.03125,1.5625,,
328.607540639,504,581,221100,42.2829386111,-83.7700213889,51.0,5.30999994278,1474.0,19.607843399,11.0,,,,,,,,7.03125,1.5625,,
328.607540639,504,581,221200,42.2829386111,-83.7700213889,51.0,11.7299995422,1474.0,19.607843399,11.0,,,,,,,,7.03125,1.5625,,
328.607540639,504,581,221500,42.2829386111,-83.7700213889,53.0,11.7299995422,1474.0,19.607843399,11.0,,,,,,,,7.03125,1.5625,,
328.607540639,504,581,222000,42.2828225,-83.7694963889,53.0,11.7299995422,1474.0,19.607843399,11.0,,,,,,,,7.03125,1.5625,,
328.607540639,504,581,223100,42.2828225,-83.7694963889,53.0,11.7299995422,1270.0,19.607843399,11.0,,,,,,,,7.03125,1.5625,,
328.607540639,504,581,223200,42.2828225,-83.7694963889,53.0,3.75999999046,1270.0,19.607843399,11.0,,,,,,,,7.03125,1.5625,,
328.607540639,504,581,223500,42.2828225,-83.7694963889,54.0,3.75999999046,1270.0,19.607843399,11.0,,,,,,,,7.03125,1.5625,,
328.607540639,504,581,224600,42.2828225,-83.7694963889,57.0,3.75999999046,1270.0,19.607843399,11.0,,,,,,,,7.03125,1.5625,,
328.607540639,504,581,224700,42.2828225,-83.7694963889,57.0,3.75999999046,1270.0,12.5490198135,11.0,,,,,,,,7.03125,1.5625,,
328.607540639,504,581,224900,42.2828225,-83.7694963889,57.0,3.75999999046,1270.0,12.5490198135,11.0,,,,,,,,2.34375,1.5625,,
328.607540639,504,581,225100,42.2827069444,-83.7689502778,57.0,3.75999999046,1208.0,12.5490198135,11.0,,,,,,,,2.34375,1.5625,,
328.607540639,504,581,225200,42.2827069444,-83.7689502778,57.0,3.6099998951,1208.0,12.5490198135,11.0,,,,,,,,2.34375,1.5625,,
328.607540639,504,581,225600,42.2827069444,-83.7689502778,56.0,3.6099998951,1208.0,12.5490198135,11.0,,,,,,,,2.34375,1.5625,,
328.607540639,504,581,227100,42.2827069444,-83.7689502778,56.0,3.6099998951,1176.0,12.5490198135,11.0,,,,,,,,2.34375,1.5625,,
328.607540639,504,581,227200,42.2827069444,-83.7689502778,56.0,3.65999984741,1176.0,12.5490198135,11.0,,,,,,,,2.34375,1.5625,,
328.607540639,504,581,227700,42.2827069444,-83.7689502778,58.0,3.65999984741,1176.0,12.5490198135,11.0,,,,,,,,2.34375,1.5625,,
328.607540639,504,581,228700,42.2827069444,-83.7689502778,56.0,3.65999984741,1176.0,12.5490198135,11.0,,,,,,,,2.34375,1.5625,,
328.607540639,504,581,229000,42.2825669444,-83.768185,56.0,3.65999984741,1176.0,12.5490198135,11.0,,,,,,,,2.34375,1.5625,,
328.607540639,504,581,229100,42.2825669444,-83.768185,56.0,3.65999984741,1185.0,12.5490198135,11.0,,,,,,,,2.34375,1.5625,,
328.607540639,504,581,229200,42.2825669444,-83.768185,56.0,3.55999994278,1185.0,12.5490198135,11.0,,,,,,,,2.34375,1.5625,,
328.607540639,504,581,229700,42.2825669444,-83.768185,56.0,3.55999994278,1185.0,12.9411764145,11.0,,,,,,,,2.34375,1.5625,,
328.607540639,504,581,229900,42.2825669444,-83.768185,56.0,3.55999994278,1185.0,12.9411764145,11.0,,,,,,,,-4.6875,1.5625,,
328.607540639,504,581,231100,42.2825669444,-83.768185,56.0,3.55999994278,1166.0,12.9411764145,11.0,,,,,,,,-4.6875,1.5625,,
328.607540639,504,581,232000,42.282465,-83.76761,56.0,3.55999994278,1166.0,12.9411764145,11.0,,,,,,,,-4.6875,1.5625,,
328.607540639,504,581,233100,42.282465,-83.76761,56.0,3.55999994278,1099.0,12.9411764145,11.0,,,,,,,,-4.6875,1.5625,,
328.607540639,504,581,233200,42.282465,-83.76761,56.0,3.5,1099.0,12.9411764145,11.0,,,,,,,,-4.6875,1.5625,,
328.607540639,504,581,233900,42.282465,-83.76761,53.0,3.5,1099.0,12.9411764145,11.0,,,,,,,,-4.6875,1.5625,,
328.607540639,504,581,234700,42.282465,-83.76761,53.0,3.5,1099.0,13.7254905701,11.0,,,,,,,,-4.6875,1.5625,,
328.607540639,504,581,235000,42.282465,-83.76761,51.0,3.5,1099.0,13.7254905701,11.0,,,,,,,,-3.125,1.5625,,
328.607540639,504,581,235100,42.282385,-83.7670725,51.0,3.5,1053.0,13.7254905701,11.0,,,,,,,,-3.125,1.5625,,
328.607540639,504,581,235200,42.282385,-83.7670725,51.0,3.33999991417,1053.0,13.7254905701,11.0,,,,,,,,-3.125,1.5625,,
328.607540639,504,581,236000,42.282385,-83.7670725,49.0,3.33999991417,1053.0,13.7254905701,11.0,,,,,,,,-3.125,1.5625,,
328.607540639,504,581,237100,42.282385,-83.7670725,45.0,3.33999991417,1228.0,13.7254905701,11.0,,,,,,,,-3.125,1.5625,,
328.607540639,504,581,237200,42.282385,-83.7670725,45.0,3.50999999046,1228.0,13.7254905701,11.0,,,,,,,,-3.125,1.5625,,
328.607540639,504,581,238000,42.2823138889,-83.7666208333,45.0,3.50999999046,1228.0,13.7254905701,11.0,,,,,,,,-3.125,1.5625,,
328.607540639,504,581,238100,42.2823138889,-83.7666208333,41.0,3.50999999046,1228.0,13.7254905701,11.0,,,,,,,,-3.125,1.5625,,
328.607540639,504,581,239100,42.2823138889,-83.7666208333,39.0,3.50999999046,1055.0,13.7254905701,11.0,,,,,,,,-3.125,1.5625,,
328.607540639,504,581,239200,42.2823138889,-83.7666208333,39.0,3.47000002861,1055.0,13.7254905701,11.0,,,,,,,,-3.125,1.5625,,
328.607540639,504,581,239800,42.2823138889,-83.7666208333,39.0,3.47000002861,1055.0,14.9019613266,11.0,,,,,,,,-3.125,1.5625,,
328.607540639,504,581,240000,42.2823138889,-83.7666208333,39.0,3.47000002861,1055.0,14.9019613266,11.0,,,,,,,,-3.90625,1.5625,,
328.607540639,504,581,240200,42.2823138889,-83.7666208333,34.0,3.47000002861,1055.0,14.9019613266,11.0,,,,,,,,-3.90625,1.5625,,
328.607540639,504,581,241100,42.2822311111,-83.7663002778,34.0,3.47000002861,863.0,14.9019613266,11.0,,,,,,,,-3.90625,1.5625,,
328.607540639,504,581,241300,42.2822311111,-83.7663002778,28.0,3.39999985695,863.0,14.9019613266,11.0,,,,,,,,-3.90625,1.5625,,
328.607540639,504,581,242300,42.2822311111,-83.7663002778,23.0,3.39999985695,863.0,14.9019613266,11.0,,,,,,,,-3.90625,1.5625,,
328.607540639,504,581,243200,42.2822311111,-83.7663002778,23.0,3.39999985695,750.0,14.9019613266,11.0,,,,,,,,-3.90625,1.5625,,
328.607540639,504,581,243300,42.2822311111,-83.7663002778,23.0,3.81999993324,750.0,14.9019613266,11.0,,,,,,,,-3.90625,1.5625,,
328.607540639,504,581,243400,42.2822311111,-83.7663002778,16.0,3.81999993324,750.0,14.9019613266,11.0,,,,,,,,-3.90625,1.5625,,
328.607540639,504,581,244000,42.2821866667,-83.7661144444,16.0,3.81999993324,750.0,14.9019613266,11.0,,,,,,,,-3.90625,1.5625,,
328.607540639,504,581,244500,42.2821866667,-83.7661144444,11.0,3.81999993324,750.0,14.9019613266,11.0,,,,,,,,-3.90625,1.5625,,
328.607540639,504,581,244800,42.2821866667,-83.7661144444,11.0,3.81999993324,750.0,21.9607849121,11.0,,,,,,,,-3.90625,1.5625,,
328.607540639,504,581,245000,42.2821866667,-83.7661144444,11.0,3.81999993324,750.0,21.9607849121,11.0,,,,,,,,-0.78125,1.5625,,
328.607540639,504,581,245200,42.2821866667,-83.7661144444,11.0,3.81999993324,766.0,21.9607849121,11.0,,,,,,,,-0.78125,1.5625,,
328.607540639,504,581,245300,42.2821866667,-83.7661144444,11.0,3.49000000954,766.0,21.9607849121,11.0,,,,,,,,-0.78125,1.5625,,
328.607540639,504,581,245500,42.2821866667,-83.7661144444,6.0,3.49000000954,766.0,21.9607849121,11.0,,,,,,,,-0.78125,1.5625,,
328.607540639,504,581,246500,42.2821866667,-83.7661144444,3.0,3.49000000954,766.0,21.9607849121,11.0,,,,,,,,-0.78125,1.5625,,
328.607540639,504,581,247400,42.2821866667,-83.7661144444,0.0,3.49000000954,683.0,21.9607849121,11.0,,,,,,,,-0.78125,1.5625,,
328.607540639,504,581,247500,42.2821866667,-83.7661144444,0.0,3.58999991417,683.0,21.9607849121,11.0,,,,,,,,-0.78125,1.5625,,
328.607540639,504,581,247600,42.2821866667,-83.7661144444,0.0,3.58999991417,683.0,21.5686283112,11.0,,,,,,,,-0.78125,1.5625,,
328.607540639,504,581,247900,42.2821866667,-83.7661144444,0.0,3.58999991417,683.0,21.5686283112,11.0,,,,,,,,1.5625,1.5625,,
328.607540639,504,581,248100,42.2821866667,-83.7661144444,0.0,3.58999991417,683.0,21.5686283112,11.0,,,,,,,,1.5625,-0.78125,,
328.607540639,504,581,249400,42.2821866667,-83.7661144444,0.0,3.58999991417,688.0,21.5686283112,11.0,,,,,,,,1.5625,-0.78125,,
328.607540639,504,581,251400,42.2821866667,-83.7661144444,0.0,3.58999991417,685.0,21.5686283112,11.0,,,,,,,,1.5625,-0.78125,,
328.607540639,504,581,252500,42.2821866667,-83.7661144444,0.0,3.27999997139,685.0,21.5686283112,11.0,,,,,,,,1.5625,-0.78125,,
328.607540639,504,581,252600,42.2821866667,-83.7661144444,0.0,3.27999997139,685.0,21.1764717102,11.0,,,,,,,,1.5625,-0.78125,,
328.607540639,504,581,253400,42.2821866667,-83.7661144444,0.0,3.27999997139,684.0,21.1764717102,11.0,,,,,,,,1.5625,-0.78125,,
328.607540639,504,581,255400,42.2821866667,-83.7661144444,0.0,3.27999997139,683.0,21.1764717102,11.0,,,,,,,,1.5625,-0.78125,,
328.607540639,504,581,257400,42.2821866667,-83.7661144444,0.0,3.27999997139,680.0,21.1764717102,11.0,,,,,,,,1.5625,-0.78125,,
328.607540639,504,581,257600,42.2821866667,-83.7661144444,0.0,3.22000002861,680.0,21.1764717102,11.0,,,,,,,,1.5625,-0.78125,,
328.607540639,504,581,258000,42.2821866667,-83.7661144444,0.0,3.22000002861,680.0,21.1764717102,11.0,,,,,,,,0.0,-0.78125,,
328.607540639,504,581,259400,42.2821866667,-83.7661144444,0.0,3.22000002861,681.0,21.1764717102,11.0,,,,,,,,0.0,-0.78125,,
328.607540639,504,581,261400,42.2821866667,-83.7661144444,0.0,3.22000002861,681.0,21.1764717102,11.0,,,,,,,,0.0,-0.78125,,
328.607540639,504,581,262600,42.2821866667,-83.7661144444,0.0,3.19999980927,681.0,21.1764717102,11.0,,,,,,,,0.0,-0.78125,,
328.607540639,504,581,262700,42.2821866667,-83.7661144444,0.0,3.19999980927,681.0,20.7843132019,11.0,,,,,,,,0.0,-0.78125,,
328.607540639,504,581,263000,42.2821866667,-83.7661144444,0.0,3.19999980927,681.0,20.7843132019,11.0,,,,,,,,-1.5625,-0.78125,,
328.607540639,504,581,263400,42.2821866667,-83.7661144444,0.0,3.19999980927,675.0,20.7843132019,11.0,,,,,,,,-1.5625,-0.78125,,
328.607540639,504,581,265400,42.2821866667,-83.7661144444,0.0,3.19999980927,682.0,20.7843132019,11.0,,,,,,,,-1.5625,-0.78125,,
328.607540639,504,581,267400,42.2821866667,-83.7661144444,0.0,3.19999980927,677.0,20.7843132019,11.0,,,,,,,,-1.5625,-0.78125,,
328.607540639,504,581,267700,42.2821866667,-83.7661144444,0.0,3.38999986649,677.0,20.7843132019,11.0,,,,,,,,-1.5625,-0.78125,,
328.607540639,504,581,269400,42.2821866667,-83.7661144444,0.0,3.38999986649,679.0,20.7843132019,11.0,,,,,,,,-1.5625,-0.78125,,
328.607540639,504,581,271400,42.2821866667,-83.7661144444,0.0,3.38999986649,678.0,20.7843132019,11.0,,,,,,,,-1.5625,-0.78125,,
328.607540639,504,581,272800,42.2821866667,-83.7661144444,0.0,3.38999986649,678.0,21.1764717102,11.0,,,,,,,,-1.5625,-0.78125,,
328.607540639,504,581,273100,42.2821866667,-83.7661144444,0.0,3.38999986649,678.0,21.1764717102,11.0,,,,,,,,0.78125,-0.78125,,
328.607540639,504,581,273400,42.2821866667,-83.7661144444,0.0,3.38999986649,673.0,21.1764717102,11.0,,,,,,,,0.78125,-0.78125,,
328.607540639,504,581,274100,42.2820477778,-83.7660591667,0.0,3.38999986649,673.0,21.1764717102,11.0,,,,,,,,0.78125,-0.78125,,
328.607540639,504,581,275500,42.2820477778,-83.7660591667,0.0,3.38999986649,673.0,21.1764717102,11.0,,,,,,,,0.78125,-0.78125,,
328.607540639,504,581,277500,42.2820477778,-83.7660591667,0.0,3.38999986649,672.0,21.1764717102,11.0,,,,,,,,0.78125,-0.78125,,
328.607540639,504,581,277700,42.2820477778,-83.7660591667,0.0,3.13999986649,672.0,21.1764717102,11.0,,,,,,,,0.78125,-0.78125,,
328.607540639,504,581,278100,42.2820477778,-83.7660591667,0.0,3.13999986649,672.0,21.1764717102,11.0,,,,,,,,-0.78125,-0.78125,,
328.607540639,504,581,279500,42.2820477778,-83.7660591667,0.0,3.13999986649,669.0,21.1764717102,11.0,,,,,,,,-0.78125,-0.78125,,
328.607540639,504,581,281500,42.2820477778,-83.7660591667,0.0,3.13999986649,677.0,21.1764717102,11.0,,,,,,,,-0.78125,-0.78125,,
328.607540639,504,581,282700,42.2820477778,-83.7660591667,0.0,8.51000022888,677.0,21.1764717102,11.0,,,,,,,,-0.78125,-0.78125,,
328.607540639,504,581,283100,42.2820175,-83.7660683333,0.0,8.51000022888,677.0,21.1764717102,11.0,,,,,,,,-0.78125,-0.78125,,
328.607540639,504,581,283300,42.2820175,-83.7660683333,7.0,8.51000022888,1683.0,21.1764717102,11.0,,,,,,,,-0.78125,-0.78125,,
328.607540639,504,581,283400,42.2820175,-83.7660683333,7.0,20.7099990845,1683.0,21.1764717102,11.0,,,,,,,,-0.78125,-0.78125,,
328.607540639,504,581,283500,42.2820175,-83.7660683333,7.0,20.7099990845,1683.0,50.5882377625,11.0,,,,,,,,-0.78125,-0.78125,,
328.607540639,504,581,283800,42.2820175,-83.7660683333,7.0,20.7099990845,1683.0,50.5882377625,11.0,,,,,,,,4.6875,-0.78125,,
328.607540639,504,581,284000,42.2820175,-83.7660683333,7.0,20.7099990845,1683.0,50.5882377625,11.0,,,,,,,,4.6875,0.78125,,
328.607540639,504,581,284300,42.2820175,-83.7660683333,15.0,20.7099990845,1683.0,50.5882377625,11.0,,,,,,,,4.6875,0.78125,,
328.607540639,504,581,285300,42.2820175,-83.7660683333,15.0,20.7099990845,2321.0,50.5882377625,11.0,,,,,,,,4.6875,0.78125,,
328.607540639,504,581,285400,42.2820175,-83.7660683333,21.0,24.859998703,2321.0,50.5882377625,11.0,,,,,,,,4.6875,0.78125,,
328.607540639,504,581,286100,42.2819794444,-83.7659122222,21.0,24.859998703,2321.0,50.5882377625,11.0,,,,,,,,4.6875,0.78125,,
328.607540639,504,581,286400,42.2819794444,-83.7659122222,26.0,24.859998703,2321.0,50.5882377625,11.0,,,,,,,,4.6875,0.78125,,
328.607540639,504,581,287300,42.2819794444,-83.7659122222,26.0,24.859998703,2051.0,50.5882377625,11.0,,,,,,,,4.6875,0.78125,,
328.607540639,504,581,287400,42.2819794444,-83.7659122222,26.0,23.0699996948,2051.0,50.5882377625,11.0,,,,,,,,4.6875,0.78125,,
328.607540639,504,581,287500,42.2819794444,-83.7659122222,30.0,23.0699996948,2051.0,50.5882377625,11.0,,,,,,,,4.6875,0.78125,,
328.607540639,504,581,288500,42.2819794444,-83.7659122222,35.0,23.0699996948,2051.0,45.8823547363,11.0,,,,,,,,4.6875,0.78125,,
328.607540639,504,581,289000,42.2819444444,-83.7656036111,35.0,23.0699996948,2051.0,45.8823547363,11.0,,,,,,,,4.6875,0.78125,,
328.607540639,504,581,289300,42.2819444444,-83.7656036111,35.0,23.0699996948,1923.0,45.8823547363,11.0,,,,,,,,4.6875,0.78125,,
328.607540639,504,581,289400,42.2819444444,-83.7656036111,35.0,19.2799987793,1923.0,45.8823547363,11.0,,,,,,,,4.6875,0.78125,,
328.607540639,504,581,289500,42.2819444444,-83.7656036111,37.0,19.2799987793,1923.0,45.8823547363,11.0,,,,,,,,4.6875,0.78125,,
328.607540639,504,581,290600,42.2819444444,-83.7656036111,40.0,19.2799987793,1923.0,45.8823547363,11.0,,,,,,,,4.6875,0.78125,,
328.607540639,504,581,291300,42.2819444444,-83.7656036111,40.0,19.2799987793,2129.0,45.8823547363,11.0,,,,,,,,4.6875,0.78125,,
328.607540639,504,581,291400,42.2819444444,-83.7656036111,40.0,25.3199996948,2129.0,45.8823547363,11.0,,,,,,,,4.6875,0.78125,,
328.607540639,504,581,291600,42.2819444444,-83.7656036111,44.0,25.3199996948,2129.0,45.8823547363,11.0,,,,,,,,4.6875,0.78125,,
328.607540639,504,581,292000,42.2819211111,-83.7651822222,44.0,25.3199996948,2129.0,45.8823547363,11.0,,,,,,,,4.6875,0.78125,,
328.607540639,504,581,292700,42.2819211111,-83.7651822222,46.0,25.3199996948,2129.0,45.8823547363,11.0,,,,,,,,4.6875,0.78125,,
328.607540639,504,581,293300,42.2819211111,-83.7651822222,46.0,25.3199996948,1602.0,45.8823547363,11.0,,,,,,,,4.6875,0.78125,,
328.607540639,504,581,293400,42.2819211111,-83.7651822222,46.0,10.6099996567,1602.0,45.8823547363,11.0,,,,,,,,4.6875,0.78125,,
328.607540639,504,581,293500,42.2819211111,-83.7651822222,46.0,10.6099996567,1602.0,28.627450943,11.0,,,,,,,,4.6875,0.78125,,
328.607540639,504,581,293700,42.2819211111,-83.7651822222,48.0,10.6099996567,1602.0,28.627450943,11.0,,,,,,,,4.6875,0.78125,,
328.607540639,504,581,293900,42.2819211111,-83.7651822222,48.0,10.6099996567,1602.0,28.627450943,11.0,,,,,,,,3.125,0.78125,,
328.607540639,504,581,294700,42.2819211111,-83.7651822222,51.0,10.6099996567,1602.0,28.627450943,11.0,,,,,,,,3.125,0.78125,,
328.607540639,504,581,295100,42.2819019444,-83.7646877778,51.0,10.6099996567,1602.0,28.627450943,11.0,,,,,,,,3.125,0.78125,,
328.607540639,504,581,295300,42.2819019444,-83.7646877778,51.0,10.6099996567,1721.0,28.627450943,11.0,,,,,,,,3.125,0.78125,,
328.607540639,504,581,295400,42.2819019444,-83.7646877778,51.0,14.1799993515,1721.0,28.627450943,11.0,,,,,,,,3.125,0.78125,,
328.607540639,504,581,296800,42.2819019444,-83.7646877778,53.0,14.1799993515,1721.0,28.627450943,11.0,,,,,,,,3.125,0.78125,,
328.607540639,504,581,297300,42.2819019444,-83.7646877778,53.0,14.1799993515,1687.0,28.627450943,11.0,,,,,,,,3.125,0.78125,,
328.607540639,504,581,297400,42.2819019444,-83.7646877778,53.0,13.6599998474,1687.0,28.627450943,11.0,,,,,,,,3.125,0.78125,,
328.607540639,504,581,298100,42.2818819444,-83.7641563889,53.0,13.6599998474,1687.0,28.627450943,11.0,,,,,,,,3.125,0.78125,,
328.607540639,504,581,298600,42.2818819444,-83.7641563889,53.0,13.6599998474,1687.0,30.9803924561,11.0,,,,,,,,3.125,0.78125,,
328.607540639,504,581,298900,42.2818819444,-83.7641563889,54.0,13.6599998474,1687.0,30.9803924561,11.0,,,,,,,,3.90625,0.78125,,
328.607540639,504,581,299300,42.2818819444,-83.7641563889,54.0,13.6599998474,1711.0,30.9803924561,11.0,,,,,,,,3.90625,0.78125,,
328.607540639,504,581,299400,42.2818819444,-83.7641563889,54.0,8.31999969482,1711.0,30.9803924561,11.0,,,,,,,,3.90625,0.78125,,
328.607540639,504,581,299900,42.2818819444,-83.7641563889,55.0,8.31999969482,1711.0,30.9803924561,11.0,,,,,,,,3.90625,0.78125,,
328.607540639,504,581,301000,42.2818536111,-83.7635933333,54.0,8.31999969482,1711.0,30.9803924561,11.0,,,,,,,,3.90625,0.78125,,
328.607540639,504,581,301300,42.2818536111,-83.7635933333,54.0,8.31999969482,1310.0,30.9803924561,11.0,,,,,,,,3.90625,0.78125,,
328.607540639,504,581,301400,42.2818536111,-83.7635933333,54.0,6.5,1310.0,30.9803924561,11.0,,,,,,,,3.90625,0.78125,,
328.607540639,504,581,303100,42.2818536111,-83.7635933333,55.0,6.5,1310.0,30.9803924561,11.0,,,,,,,,3.90625,0.78125,,
328.607540639,504,581,303300,42.2818536111,-83.7635933333,55.0,6.5,1272.0,30.9803924561,11.0,,,,,,,,3.90625,0.78125,,
328.607540639,504,581,303400,42.2818536111,-83.7635933333,55.0,3.48000001907,1272.0,30.9803924561,11.0,,,,,,,,3.90625,0.78125,,
328.607540639,504,581,303600,42.2818536111,-83.7635933333,55.0,3.48000001907,1272.0,13.3333339691,11.0,,,,,,,,3.90625,0.78125,,
328.607540639,504,581,303900,42.2818536111,-83.7635933333,55.0,3.48000001907,1272.0,13.3333339691,11.0,,,,,,,,1.5625,0.78125,,
328.607540639,504,581,304000,42.28181,-83.7630297222,55.0,3.48000001907,1272.0,13.3333339691,11.0,,,,,,,,1.5625,0.78125,,
328.607540639,504,581,304100,42.28181,-83.7630297222,54.0,3.48000001907,1272.0,13.3333339691,11.0,,,,,,,,1.5625,0.78125,,
328.607540639,504,581,305300,42.28181,-83.7630297222,54.0,3.48000001907,1170.0,13.3333339691,11.0,,,,,,,,1.5625,0.78125,,
328.607540639,504,581,305400,42.28181,-83.7630297222,54.0,3.33999991417,1170.0,13.3333339691,11.0,,,,,,,,1.5625,0.78125,,
328.607540639,504,581,306200,42.28181,-83.7630297222,55.0,3.33999991417,1170.0,13.3333339691,11.0,,,,,,,,1.5625,0.78125,,
328.607540639,504,581,307100,42.2817486111,-83.7624794444,55.0,3.33999991417,1170.0,13.3333339691,11.0,,,,,,,,1.5625,0.78125,,
328.607540639,504,581,307400,42.2817486111,-83.7624794444,55.0,3.87999987602,1301.0,13.3333339691,11.0,,,,,,,,1.5625,0.78125,,
328.607540639,504,581,308700,42.2817486111,-83.7624794444,55.0,3.87999987602,1301.0,12.5490198135,11.0,,,,,,,,1.5625,0.78125,,
328.607540639,504,581,308900,42.2817486111,-83.7624794444,55.0,3.87999987602,1301.0,12.5490198135,11.0,,,,,,,,0.0,0.78125,,
328.607540639,504,581,309400,42.2817486111,-83.7624794444,55.0,3.55999994278,1246.0,12.5490198135,11.0,,,,,,,,0.0,0.78125,,
328.607540639,504,581,310000,42.2817144444,-83.7619075,55.0,3.55999994278,1246.0,12.5490198135,11.0,,,,,,,,0.0,0.78125,,
328.607540639,504,581,311400,42.2817144444,-83.7619075,55.0,3.3599998951,1169.0,12.5490198135,11.0,,,,,,,,0.0,0.78125,,
328.607540639,504,581,311500,42.2817144444,-83.7619075,57.0,3.3599998951,1169.0,12.5490198135,11.0,,,,,,,,0.0,0.78125,,
328.607540639,504,581,312500,42.2817144444,-83.7619075,55.0,3.3599998951,1169.0,12.5490198135,11.0,,,,,,,,0.0,0.78125,,
328.607540639,504,581,313100,42.2816855556,-83.76133,55.0,3.3599998951,1169.0,12.5490198135,11.0,,,,,,,,0.0,0.78125,,
328.607540639,504,581,313400,42.2816855556,-83.76133,55.0,3.19999980927,1099.0,12.5490198135,11.0,,,,,,,,0.0,0.78125,,
328.607540639,504,581,313600,42.2816855556,-83.76133,54.0,3.19999980927,1099.0,12.5490198135,11.0,,,,,,,,0.0,0.78125,,
328.607540639,504,581,313700,42.2816855556,-83.76133,54.0,3.19999980927,1099.0,12.9411764145,11.0,,,,,,,,0.0,0.78125,,
328.607540639,504,581,314000,42.2816855556,-83.76133,54.0,3.19999980927,1099.0,12.9411764145,11.0,,,,,,,,-1.5625,0.78125,,
328.607540639,504,581,314600,42.2816855556,-83.76133,53.0,3.19999980927,1099.0,12.9411764145,11.0,,,,,,,,-1.5625,0.78125,,
328.607540639,504,581,315400,42.2816855556,-83.76133,53.0,3.05999994278,1043.0,12.9411764145,11.0,,,,,,,,-1.5625,0.78125,,
328.607540639,504,581,315700,42.2816855556,-83.76133,47.0,3.05999994278,1043.0,12.9411764145,11.0,,,,,,,,-1.5625,0.78125,,
328.607540639,504,581,316000,42.2816583333,-83.7607966667,47.0,3.05999994278,1043.0,12.9411764145,11.0,,,,,,,,-1.5625,0.78125,,
328.607540639,504,581,316700,42.2816583333,-83.7607966667,39.0,3.05999994278,1043.0,12.9411764145,11.0,,,,,,,,-1.5625,0.78125,,
328.607540639,504,581,317400,42.2816583333,-83.7607966667,39.0,3.06999993324,1061.0,12.9411764145,11.0,,,,,,,,-1.5625,0.78125,,
328.607540639,504,581,317700,42.2816583333,-83.7607966667,28.0,3.06999993324,1061.0,12.9411764145,11.0,,,,,,,,-1.5625,0.78125,,
328.607540639,504,581,318800,42.2816583333,-83.7607966667,21.0,3.06999993324,1061.0,16.862745285,11.0,,,,,,,,-1.5625,0.78125,,
328.607540639,504,581,319000,42.2816394444,-83.7604716667,21.0,3.06999993324,1061.0,16.862745285,11.0,,,,,,,,0.78125,0.78125,,
328.607540639,504,581,319400,42.2816394444,-83.7604716667,21.0,3.19999980927,716.0,16.862745285,11.0,,,,,,,,0.78125,0.78125,,
328.607540639,504,581,319800,42.2816394444,-83.7604716667,17.0,3.19999980927,716.0,16.862745285,11.0,,,,,,,,0.78125,0.78125,,
328.607540639,504,581,320900,42.2816394444,-83.7604716667,14.0,3.19999980927,716.0,16.862745285,11.0,,,,,,,,0.78125,0.78125,,
328.607540639,504,581,321400,42.2816394444,-83.7604716667,14.0,3.1099998951,723.0,16.862745285,11.0,,,,,,,,0.78125,0.78125,,
328.607540639,504,581,321900,42.2816394444,-83.7604716667,15.0,3.1099998951,723.0,16.862745285,11.0,,,,,,,,0.78125,0.78125,,
328.607540639,504,581,322100,42.2816508333,-83.7602925,15.0,3.1099998951,723.0,16.862745285,11.0,,,,,,,,0.78125,0.78125,,
328.607540639,504,581,322900,42.2816508333,-83.7602925,16.0,3.1099998951,723.0,16.862745285,11.0,,,,,,,,0.78125,0.78125,,
328.607540639,504,581,323400,42.2816508333,-83.7602925,16.0,12.3000001907,1408.0,16.862745285,11.0,,,,,,,,0.78125,0.78125,,
328.607540639,504,581,323800,42.2816508333,-83.7602925,16.0,12.3000001907,1408.0,39.2156867981,11.0,,,,,,,,0.78125,0.78125,,
328.607540639,504,581,324000,42.2816508333,-83.7602925,19.0,12.3000001907,1408.0,39.2156867981,11.0,,,,,,,,0.78125,0.78125,,
328.607540639,504,581,324100,42.2816508333,-83.7602925,19.0,12.3000001907,1408.0,39.2156867981,11.0,,,,,,,,2.34375,0.78125,,
328.607540639,504,581,325000,42.2816688889,-83.7601002778,22.0,12.3000001907,1408.0,39.2156867981,11.0,,,,,,,,2.34375,0.78125,,
328.607540639,504,581,325400,42.2816688889,-83.7601002778,22.0,20.3799991608,1716.0,39.2156867981,11.0,,,,,,,,2.34375,0.78125,,
328.607540639,504,581,326100,42.2816688889,-83.7601002778,26.0,20.3799991608,1716.0,39.2156867981,11.0,,,,,,,,2.34375,0.78125,,
328.607540639,504,581,327100,42.2816688889,-83.7601002778,30.0,20.3799991608,1716.0,39.2156867981,11.0,,,,,,,,2.34375,0.78125,,
328.607540639,504,581,327400,42.2816688889,-83.7601002778,30.0,25.8400001526,2010.0,39.2156867981,11.0,,,,,,,,2.34375,0.78125,,
328.607540639,504,581,328100,42.2816758333,-83.7598077778,34.0,25.8400001526,2010.0,39.2156867981,11.0,,,,,,,,2.34375,0.78125,,
328.607540639,504,581,328900,42.2816758333,-83.7598077778,34.0,25.8400001526,2010.0,42.745098114,11.0,,,,,,,,2.34375,0.78125,,
328.607540639,504,581,329100,42.2816758333,-83.7598077778,34.0,25.8400001526,2010.0,42.745098114,11.0,,,,,,,,6.25,0.78125,,
328.607540639,504,581,329200,42.2816758333,-83.7598077778,36.0,25.8400001526,2010.0,42.745098114,11.0,,,,,,,,6.25,0.78125,,
328.607540639,504,581,329400,42.2816758333,-83.7598077778,36.0,23.6399993896,2035.0,42.745098114,11.0,,,,,,,,6.25,0.78125,,
328.607540639,504,581,330200,42.2816758333,-83.7598077778,39.0,23.6399993896,2035.0,42.745098114,11.0,,,,,,,,6.25,0.78125,,
328.607540639,504,581,331100,42.2816880556,-83.7594291667,39.0,23.6399993896,2035.0,42.745098114,11.0,,,,,,,,6.25,0.78125,,
328.607540639,504,581,331300,42.2816880556,-83.7594291667,40.0,23.6399993896,2035.0,42.745098114,11.0,,,,,,,,6.25,0.78125,,
328.607540639,504,581,331400,42.2816880556,-83.7594291667,40.0,3.4399998188,1167.0,42.745098114,11.0,,,,,,,,6.25,0.78125,,
328.607540639,504,581,332300,42.2816880556,-83.7594291667,35.0,3.4399998188,1167.0,42.745098114,11.0,,,,,,,,6.25,0.78125,,
328.607540639,504,581,333300,42.2816880556,-83.7594291667,32.0,3.4399998188,1167.0,42.745098114,11.0,,,,,,,,6.25,0.78125,,
328.607540639,504,581,333400,42.2816880556,-83.7594291667,32.0,2.95000004768,891.0,42.745098114,11.0,,,,,,,,6.25,0.78125,,
328.607540639,504,581,333900,42.2816880556,-83.7594291667,32.0,2.95000004768,891.0,15.2941179276,11.0,,,,,,,,6.25,0.78125,,
328.607540639,504,581,334000,42.2816916667,-83.7590711111,32.0,2.95000004768,891.0,15.2941179276,11.0,,,,,,,,6.25,0.78125,,
328.607540639,504,581,334100,42.2816916667,-83.7590711111,32.0,2.95000004768,891.0,15.2941179276,11.0,,,,,,,,0.0,0.78125,,
328.607540639,504,581,334400,42.2816916667,-83.7590711111,29.0,2.95000004768,891.0,15.2941179276,11.0,,,,,,,,0.0,0.78125,,
328.607540639,504,581,335400,42.2816916667,-83.7590711111,30.0,14.7399997711,872.0,15.2941179276,11.0,,,,,,,,0.0,0.78125,,
328.607540639,504,581,336500,42.2816916667,-83.7590711111,34.0,14.7399997711,872.0,15.2941179276,11.0,,,,,,,,0.0,0.78125,,
328.607540639,504,581,337400,42.2816916667,-83.7590711111,34.0,31.6199989319,2173.0,15.2941179276,11.0,,,,,,,,0.0,0.78125,,
328.607540639,504,581,337500,42.2816916667,-83.7590711111,38.0,31.6199989319,2173.0,15.2941179276,11.0,,,,,,,,0.0,0.78125,,
328.607540639,504,581,338000,42.2816702778,-83.7586133333,38.0,31.6199989319,2173.0,15.2941179276,11.0,,,,,,,,0.0,0.78125,,
328.607540639,504,581,338500,42.2816702778,-83.7586133333,42.0,31.6199989319,2173.0,15.2941179276,11.0,,,,,,,,0.0,0.78125,,
328.607540639,504,581,338900,42.2816702778,-83.7586133333,42.0,31.6199989319,2173.0,58.8235321045,11.0,,,,,,,,0.0,0.78125,,
328.607540639,504,581,339200,42.2816702778,-83.7586133333,42.0,31.6199989319,2173.0,58.8235321045,11.0,,,,,,,,6.25,0.78125,,
328.607540639,504,581,339400,42.2816702778,-83.7586133333,42.0,29.6700000763,2237.0,58.8235321045,11.0,,,,,,,,6.25,0.78125,,
328.607540639,504,581,339600,42.2816702778,-83.7586133333,46.0,29.6700000763,2237.0,58.8235321045,11.0,,,,,,,,6.25,0.78125,,
328.607540639,504,581,340100,42.2816541667,-83.7583111111,46.0,29.6700000763,2237.0,58.8235321045,11.0,,,,,,,,6.25,0.78125,,
328.607540639,504,581,340600,42.2816541667,-83.7583111111,48.0,29.6700000763,2237.0,58.8235321045,11.0,,,,,,,,6.25,0.78125,,
328.607540639,504,581,341500,42.2816541667,-83.7583111111,48.0,7.44000005722,1755.0,58.8235321045,11.0,,,,,,,,6.25,0.78125,,
328.607540639,504,581,343300,42.2816541667,-83.7583111111,48.0,7.44000005722,1755.0,58.8235321045,11.0,,,,,,,,6.25,0.78125,,
328.607540639,504,581,343500,42.2816541667,-83.7583111111,48.0,5.90999984741,1548.0,58.8235321045,11.0,,,,,,,,6.25,0.78125,,
328.607540639,504,581,344000,42.2816541667,-83.7583111111,48.0,5.90999984741,1548.0,17.254901886,11.0,,,,,,,,6.25,-0.78125,,
328.607540639,504,581,344100,42.2816347222,-83.7576463889,48.0,5.90999984741,1548.0,17.254901886,11.0,,,,,,,,6.25,-0.78125,,
328.607540639,504,581,344200,42.2816347222,-83.7576463889,48.0,5.90999984741,1548.0,17.254901886,11.0,,,,,,,,-0.78125,-0.78125,,
328.607540639,504,581,344900,42.2816347222,-83.7576463889,49.0,5.90999984741,1548.0,17.254901886,11.0,,,,,,,,-0.78125,-0.78125,,
328.607540639,504,581,345500,42.2816347222,-83.7576463889,49.0,5.7999997139,1558.0,17.254901886,11.0,,,,,,,,-0.78125,-0.78125,,
328.607540639,504,581,347000,42.2815966667,-83.7571383333,49.0,5.7999997139,1558.0,17.254901886,11.0,,,,,,,,-0.78125,-0.78125,,
328.607540639,504,581,347500,42.2815966667,-83.7571383333,49.0,3.98000001907,1525.0,17.254901886,11.0,,,,,,,,-0.78125,-0.78125,,
328.607540639,504,581,348000,42.2815966667,-83.7571383333,51.0,3.98000001907,1525.0,17.254901886,11.0,,,,,,,,-0.78125,-0.78125,,
328.607540639,504,581,349000,42.2815966667,-83.7571383333,51.0,3.98000001907,1525.0,12.1568632126,11.0,,,,,,,,-0.78125,-0.78125,,
328.607540639,504,581,349200,42.2815966667,-83.7571383333,51.0,3.98000001907,1525.0,12.1568632126,11.0,,,,,,,,2.34375,-0.78125,,
328.607540639,504,581,349500,42.2815966667,-83.7571383333,51.0,9.51999950409,1714.0,12.1568632126,11.0,,,,,,,,2.34375,-0.78125,,
328.607540639,504,581,350000,42.2815747222,-83.7566027778,51.0,9.51999950409,1714.0,12.1568632126,11.0,,,,,,,,2.34375,-0.78125,,
328.607540639,504,581,351100,42.2815747222,-83.7566027778,52.0,9.51999950409,1714.0,12.1568632126,11.0,,,,,,,,2.34375,-0.78125,,
328.607540639,504,581,351500,42.2815747222,-83.7566027778,52.0,3.9399998188,1558.0,12.1568632126,11.0,,,,,,,,2.34375,-0.78125,,
328.607540639,504,581,353100,42.2815405556,-83.7560611111,52.0,3.9399998188,1558.0,12.1568632126,11.0,,,,,,,,2.34375,-0.78125,,
328.607540639,504,581,353200,42.2815405556,-83.7560611111,53.0,3.9399998188,1558.0,12.1568632126,11.0,,,,,,,,2.34375,-0.78125,,
328.607540639,504,581,353500,42.2815405556,-83.7560611111,53.0,3.72000002861,1339.0,12.1568632126,11.0,,,,,,,,2.34375,-0.78125,,
328.607540639,504,581,354000,42.2815405556,-83.7560611111,53.0,3.72000002861,1339.0,12.5490198135,11.0,,,,,,,,2.34375,-0.78125,,
328.607540639,504,581,354300,42.2815405556,-83.7560611111,48.0,3.72000002861,1339.0,12.5490198135,11.0,,,,,,,,-1.5625,-0.78125,,
328.607540639,504,581,355300,42.2815405556,-83.7560611111,45.0,3.72000002861,1339.0,12.5490198135,11.0,,,,,,,,-1.5625,-0.78125,,
328.607540639,504,581,355500,42.2815405556,-83.7560611111,45.0,3.46000003815,1141.0,12.5490198135,11.0,,,,,,,,-1.5625,-0.78125,,
328.607540639,504,581,356100,42.2815202778,-83.7555877778,45.0,3.46000003815,1141.0,12.5490198135,11.0,,,,,,,,-1.5625,-0.78125,,
328.607540639,504,581,356300,42.2815202778,-83.7555877778,42.0,3.46000003815,1141.0,12.5490198135,11.0,,,,,,,,-1.5625,-0.78125,,
328.607540639,504,581,357400,42.2815202778,-83.7555877778,38.0,3.46000003815,1141.0,12.5490198135,11.0,,,,,,,,-1.5625,-0.78125,,
328.607540639,504,581,357500,42.2815202778,-83.7555877778,38.0,3.06999993324,1016.0,12.5490198135,11.0,,,,,,,,-1.5625,-0.78125,,
328.607540639,504,581,358400,42.2815202778,-83.7555877778,36.0,3.06999993324,1016.0,12.5490198135,11.0,,,,,,,,-1.5625,-0.78125,,
328.607540639,504,581,359000,42.2815055556,-83.7551952778,36.0,3.06999993324,1016.0,12.5490198135,11.0,,,,,,,,-1.5625,-0.78125,,
328.607540639,504,581,359100,42.2815055556,-83.7551952778,36.0,3.06999993324,1016.0,15.6862745285,11.0,,,,,,,,-1.5625,-0.78125,,
328.607540639,504,581,359500,42.2815055556,-83.7551952778,33.0,3.03999996185,881.0,15.6862745285,11.0,,,,,,,,-1.5625,-0.78125,,
328.607540639,504,581,360500,42.2815055556,-83.7551952778,28.0,3.03999996185,881.0,15.6862745285,11.0,,,,,,,,-1.5625,-0.78125,,
328.607540639,504,581,361500,42.2815055556,-83.7551952778,28.0,2.95000004768,832.0,15.6862745285,11.0,,,,,,,,-1.5625,-0.78125,,
328.607540639,504,581,362100,42.2814766667,-83.7549047222,28.0,2.95000004768,832.0,15.6862745285,11.0,,,,,,,,-1.5625,-0.78125,,
328.607540639,504,581,362600,42.2814766667,-83.7549047222,27.0,2.95000004768,832.0,15.6862745285,11.0,,,,,,,,-1.5625,-0.78125,,
328.607540639,504,581,363500,42.2814766667,-83.7549047222,27.0,2.89999985695,823.0,15.6862745285,11.0,,,,,,,,-1.5625,-0.78125,,
328.607540639,504,581,363600,42.2814766667,-83.7549047222,26.0,2.89999985695,823.0,15.6862745285,11.0,,,,,,,,-1.5625,-0.78125,,
328.607540639,504,581,364100,42.2814766667,-83.7549047222,26.0,2.89999985695,823.0,18.0392150879,11.0,,,,,,,,-1.5625,-0.78125,,
328.607540639,504,581,364300,42.2814766667,-83.7549047222,26.0,2.89999985695,823.0,18.0392150879,11.0,,,,,,,,-0.78125,-0.78125,,
328.607540639,504,581,364700,42.2814766667,-83.7549047222,25.0,2.89999985695,823.0,18.0392150879,11.0,,,,,,,,-0.78125,-0.78125,,
328.607540639,504,581,365100,42.2814883333,-83.7546075,25.0,2.89999985695,823.0,18.0392150879,11.0,,,,,,,,-0.78125,-0.78125,,
328.607540639,504,581,365500,42.2814883333,-83.7546075,25.0,3.07999992371,780.0,18.0392150879,11.0,,,,,,,,-0.78125,-0.78125,,
328.607540639,504,581,365700,42.2814883333,-83.7546075,23.0,3.07999992371,780.0,18.0392150879,11.0,,,,,,,,-0.78125,-0.78125,,
328.607540639,504,581,366700,42.2814883333,-83.7546075,22.0,3.07999992371,780.0,18.0392150879,11.0,,,,,,,,-0.78125,-0.78125,,
328.607540639,504,581,367500,42.2814883333,-83.7546075,22.0,3.14999985695,909.0,18.0392150879,11.0,,,,,,,,-0.78125,-0.78125,,
328.607540639,504,581,367800,42.2814883333,-83.7546075,21.0,3.14999985695,909.0,18.0392150879,11.0,,,,,,,,-0.78125,-0.78125,,
328.607540639,504,581,368100,42.2814786111,-83.7543708333,21.0,3.14999985695,909.0,18.0392150879,11.0,,,,,,,,-0.78125,-0.78125,,
328.607540639,504,581,369100,42.2814786111,-83.7543708333,21.0,3.14999985695,909.0,16.4705886841,11.0,,,,,,,,-0.78125,-0.78125,,
328.607540639,504,581,369400,42.2814786111,-83.7543708333,21.0,3.14999985695,909.0,16.4705886841,11.0,,,,,,,,-3.125,-0.78125,,
328.607540639,504,581,369500,42.2814786111,-83.7543708333,21.0,3.19999980927,913.0,16.4705886841,11.0,,,,,,,,-3.125,-0.78125,,
328.607540639,504,581,370900,42.2814786111,-83.7543708333,22.0,3.19999980927,913.0,16.4705886841,11.0,,,,,,,,-3.125,-0.78125,,
328.607540639,504,581,371100,42.2814791667,-83.7541202778,22.0,3.19999980927,913.0,16.4705886841,11.0,,,,,,,,-3.125,-0.78125,,
328.607540639,504,581,371500,42.2814791667,-83.7541202778,22.0,28.6299991608,1865.0,16.4705886841,11.0,,,,,,,,-3.125,-0.78125,,
328.607540639,504,581,371900,42.2814791667,-83.7541202778,23.0,28.6299991608,1865.0,16.4705886841,11.0,,,,,,,,-3.125,-0.78125,,
328.607540639,504,581,373000,42.2814791667,-83.7541202778,27.0,28.6299991608,1865.0,16.4705886841,11.0,,,,,,,,-3.125,-0.78125,,
328.607540639,504,581,373300,42.2814791667,-83.7541202778,27.0,28.6299991608,1865.0,16.4705886841,11.0,,,,,,,,-3.125,-0.78125,,
328.607540639,504,581,373500,42.2814791667,-83.7541202778,27.0,38.3499984741,2599.0,16.4705886841,11.0,,,,,,,,-3.125,-0.78125,,
328.607540639,504,581,374000,42.2814791667,-83.7541202778,34.0,38.3499984741,2599.0,16.4705886841,11.0,,,,,,,,-3.125,-0.78125,,
328.607540639,504,581,374100,42.2814933333,-83.7537802778,34.0,38.3499984741,2599.0,16.4705886841,11.0,,,,,,,,-3.125,-0.78125,,
328.607540639,504,581,374200,42.2814933333,-83.7537802778,34.0,38.3499984741,2599.0,65.490196228,11.0,,,,,,,,-3.125,-0.78125,,
328.607540639,504,581,374500,42.2814933333,-83.7537802778,34.0,38.3499984741,2599.0,65.490196228,11.0,,,,,,,,1.5625,-0.78125,,
328.607540639,504,581,375100,42.2814933333,-83.7537802778,39.0,38.3499984741,2599.0,65.490196228,11.0,,,,,,,,1.5625,-0.78125,,
328.607540639,504,581,375500,42.2814933333,-83.7537802778,39.0,25.5799999237,2200.0,65.490196228,11.0,,,,,,,,1.5625,-0.78125,,
328.607540639,504,581,376100,42.2814933333,-83.7537802778,43.0,25.5799999237,2200.0,65.490196228,11.0,,,,,,,,1.5625,-0.78125,,
328.607540639,504,581,377000,42.2814802778,-83.7533188889,43.0,25.5799999237,2200.0,65.490196228,11.0,,,,,,,,1.5625,-0.78125,,
328.607540639,504,581,377200,42.2814802778,-83.7533188889,46.0,25.5799999237,2200.0,65.490196228,11.0,,,,,,,,1.5625,-0.78125,,
328.607540639,504,581,377600,42.2814802778,-83.7533188889,46.0,15.7999992371,1776.0,65.490196228,11.0,,,,,,,,1.5625,-0.78125,,
328.607540639,504,581,378200,42.2814802778,-83.7533188889,48.0,15.7999992371,1776.0,65.490196228,11.0,,,,,,,,1.5625,-0.78125,,
328.607540639,504,581,379300,42.2814802778,-83.7533188889,49.0,15.7999992371,1776.0,13.3333339691,11.0,,,,,,,,1.5625,-0.78125,,
328.607540639,504,581,379600,42.2814802778,-83.7533188889,49.0,3.83999991417,1593.0,13.3333339691,11.0,,,,,,,,1.5625,-0.78125,,
328.607540639,504,581,380100,42.2814716667,-83.752805,49.0,3.83999991417,1593.0,13.3333339691,11.0,,,,,,,,1.5625,-0.78125,,
328.607540639,504,581,381300,42.2814716667,-83.752805,48.0,3.83999991417,1593.0,13.3333339691,11.0,,,,,,,,1.5625,-0.78125,,
328.607540639,504,581,381600,42.2814716667,-83.752805,48.0,8.30999946594,1615.0,13.3333339691,11.0,,,,,,,,1.5625,-0.78125,,
328.607540639,504,581,383000,42.2814675,-83.7522925,48.0,8.30999946594,1615.0,13.3333339691,11.0,,,,,,,,1.5625,-0.78125,,
328.607540639,504,581,383600,42.2814675,-83.7522925,48.0,5.40999984741,1534.0,13.3333339691,11.0,,,,,,,,1.5625,-0.78125,,
328.607540639,504,581,384300,42.2814675,-83.7522925,48.0,5.40999984741,1534.0,34.509803772,11.0,,,,,,,,1.5625,-0.78125,,
328.607540639,504,581,384500,42.2814675,-83.7522925,49.0,5.40999984741,1534.0,34.509803772,11.0,,,,,,,,3.90625,-0.78125,,
328.607540639,504,581,385500,42.2814675,-83.7522925,47.0,5.40999984741,1534.0,34.509803772,11.0,,,,,,,,3.90625,-0.78125,,
328.607540639,504,581,385600,42.2814675,-83.7522925,47.0,12.9099998474,1568.0,34.509803772,11.0,,,,,,,,3.90625,-0.78125,,
328.607540639,504,581,386100,42.2814652778,-83.7517852778,47.0,12.9099998474,1568.0,34.509803772,11.0,,,,,,,,3.90625,-0.78125,,
328.607540639,504,581,386500,42.2814652778,-83.7517852778,46.0,12.9099998474,1568.0,34.509803772,11.0,,,,,,,,3.90625,-0.78125,,
328.607540639,504,581,387600,42.2814652778,-83.7517852778,46.0,3.48000001907,1357.0,34.509803772,11.0,,,,,,,,3.90625,-0.78125,,
328.607540639,504,581,388600,42.2814652778,-83.7517852778,41.0,3.48000001907,1357.0,34.509803772,11.0,,,,,,,,3.90625,-0.78125,,
328.607540639,504,581,389000,42.2814697222,-83.7513386111,41.0,3.48000001907,1357.0,34.509803772,11.0,,,,,,,,3.90625,-0.78125,,
328.607540639,504,581,389300,42.2814697222,-83.7513386111,41.0,3.48000001907,1357.0,15.2941179276,11.0,,,,,,,,3.90625,-0.78125,,
328.607540639,504,581,389600,42.2814697222,-83.7513386111,41.0,3.00999999046,952.0,15.2941179276,11.0,,,,,,,,-0.78125,-0.78125,,
328.607540639,504,581,389700,42.2814697222,-83.7513386111,35.0,3.00999999046,952.0,15.2941179276,11.0,,,,,,,,-0.78125,-0.78125,,
328.607540639,504,581,390700,42.2814697222,-83.7513386111,29.0,3.00999999046,952.0,15.2941179276,11.0,,,,,,,,-0.78125,-0.78125,,
328.607540639,504,581,391600,42.2814697222,-83.7513386111,29.0,3.5,733.0,15.2941179276,11.0,,,,,,,,-0.78125,-0.78125,,
328.607540639,504,581,391700,42.2814697222,-83.7513386111,22.0,3.5,733.0,15.2941179276,11.0,,,,,,,,-0.78125,-0.78125,,
328.607540639,504,581,392100,42.2814769444,-83.7510575,22.0,3.5,733.0,15.2941179276,11.0,,,,,,,,-0.78125,-0.78125,,
328.607540639,504,581,392800,42.2814769444,-83.7510575,19.0,3.5,733.0,15.2941179276,11.0,,,,,,,,-0.78125,-0.78125,,
328.607540639,504,581,393600,42.2814769444,-83.7510575,19.0,22.0399990082,1740.0,15.2941179276,11.0,,,,,,,,-0.78125,-0.78125,,
328.607540639,504,581,393800,42.2814769444,-83.7510575,17.0,22.0399990082,1740.0,15.2941179276,11.0,,,,,,,,-0.78125,-0.78125,,
328.607540639,504,581,394400,42.2814769444,-83.7510575,17.0,22.0399990082,1740.0,56.0784339905,11.0,,,,,,,,-0.78125,-0.78125,,
328.607540639,504,581,394600,42.2814769444,-83.7510575,17.0,22.0399990082,1740.0,56.0784339905,11.0,,,,,,,,2.34375,-0.78125,,
328.607540639,504,581,394900,42.2814769444,-83.7510575,19.0,22.0399990082,1740.0,56.0784339905,11.0,,,,,,,,2.34375,-0.78125,,
328.607540639,504,581,395100,42.2813611111,-83.7509469444,19.0,22.0399990082,1740.0,56.0784339905,11.0,,,,,,,,2.34375,-0.78125,,
328.607540639,504,581,395600,42.2813611111,-83.7509469444,19.0,6.5,1412.0,56.0784339905,11.0,,,,,,,,2.34375,-0.78125,,
328.607540639,504,581,395900,42.2813611111,-83.7509469444,23.0,6.5,1412.0,56.0784339905,11.0,,,,,,,,2.34375,-0.78125,,
328.607540639,504,581,397600,42.2813611111,-83.7509469444,23.0,3.53999996185,990.0,56.0784339905,11.0,,,,,,,,2.34375,-0.78125,,
328.607540639,504,581,398000,42.2811902778,-83.7509441667,22.0,3.53999996185,990.0,56.0784339905,11.0,,,,,,,,2.34375,-0.78125,,
328.607540639,504,581,399000,42.2811902778,-83.7509441667,19.0,3.53999996185,990.0,56.0784339905,11.0,,,,,,,,2.34375,-0.78125,,
328.607540639,504,581,399400,42.2811902778,-83.7509441667,19.0,3.53999996185,990.0,18.8235301971,11.0,,,,,,,,2.34375,-0.78125,,
328.607540639,504,581,399600,42.2811902778,-83.7509441667,19.0,3.66999983788,671.0,18.8235301971,11.0,,,,,,,,2.34375,-0.78125,,
328.607540639,504,581,399700,42.2811902778,-83.7509441667,19.0,3.66999983788,671.0,18.8235301971,11.0,,,,,,,,-3.125,-0.78125,,
328.607540639,504,581,400100,42.2811902778,-83.7509441667,11.0,3.66999983788,671.0,18.8235301971,11.0,,,,,,,,-3.125,-0.78125,,
328.607540639,504,581,401100,42.2811147222,-83.7509341667,5.0,3.66999983788,671.0,18.8235301971,11.0,,,,,,,,-3.125,-0.78125,,
328.607540639,504,581,401600,42.2811147222,-83.7509341667,5.0,3.33999991417,702.0,18.8235301971,11.0,,,,,,,,-3.125,-0.78125,,
328.607540639,504,581,402100,42.2811147222,-83.7509341667,4.0,3.33999991417,702.0,18.8235301971,11.0,,,,,,,,-3.125,-0.78125,,
328.607540639,504,581,403300,42.2811147222,-83.7509341667,4.0,3.33999991417,702.0,18.8235301971,11.0,,,,,,,,-3.125,-0.78125,,
328.607540639,504,581,403600,42.2811147222,-83.7509341667,4.0,8.22000026703,1425.0,18.8235301971,11.0,,,,,,,,-3.125,-0.78125,,
328.607540639,504,581,404000,42.2810852778,-83.7509275,4.0,8.22000026703,1425.0,18.8235301971,11.0,,,,,,,,-3.125,-0.78125,,
328.607540639,504,581,404100,42.2810852778,-83.7509275,4.0,8.22000026703,1425.0,18.8235301971,11.0,,,,,,,,-3.125,3.90625,,
328.607540639,504,581,404200,42.2810852778,-83.7509275,8.0,8.22000026703,1425.0,18.8235301971,11.0,,,,,,,,-3.125,3.90625,,
328.607540639,504,581,404500,42.2810852778,-83.7509275,8.0,8.22000026703,1425.0,23.137254715,11.0,,,,,,,,-3.125,3.90625,,
328.607540639,504,581,404700,42.2810852778,-83.7509275,8.0,8.22000026703,1425.0,23.137254715,11.0,,,,,,,,2.34375,3.90625,,
328.607540639,504,581,405300,42.2810852778,-83.7509275,9.0,8.22000026703,1425.0,23.137254715,11.0,,,,,,,,2.34375,3.90625,,
328.607540639,504,581,405600,42.2810852778,-83.7509275,9.0,4.11000013351,1213.0,23.137254715,11.0,,,,,,,,2.34375,3.90625,,
328.607540639,504,581,407300,42.2810852778,-83.7509275,10.0,4.11000013351,1213.0,23.137254715,11.0,,,,,,,,2.34375,3.90625,,
328.607540639,504,581,407600,42.2810852778,-83.7509275,10.0,3.89999985695,1182.0,23.137254715,11.0,,,,,,,,2.34375,3.90625,,
328.607540639,504,581,408000,42.281005,-83.7509358333,10.0,3.89999985695,1182.0,23.137254715,11.0,,,,,,,,2.34375,3.90625,,
328.607540639,504,581,408400,42.281005,-83.7509358333,9.0,3.89999985695,1182.0,23.137254715,11.0,,,,,,,,2.34375,3.90625,,
328.607540639,504,581,409500,42.281005,-83.7509358333,9.0,3.89999985695,1182.0,18.0392150879,11.0,,,,,,,,2.34375,3.90625,,
328.607540639,504,581,409600,42.281005,-83.7509358333,9.0,3.61999988556,922.0,18.0392150879,11.0,,,,,,,,2.34375,3.90625,,
328.607540639,504,581,409700,42.281005,-83.7509358333,9.0,3.61999988556,922.0,18.0392150879,11.0,,,,,,,,1.5625,3.90625,,
328.607540639,504,581,411100,42.2809525,-83.75094,9.0,3.61999988556,922.0,18.0392150879,11.0,,,,,,,,1.5625,3.90625,,
328.607540639,504,581,411600,42.2809525,-83.75094,6.0,3.47000002861,753.0,18.0392150879,11.0,,,,,,,,1.5625,3.90625,,
328.607540639,504,581,412700,42.2809525,-83.75094,5.0,3.47000002861,753.0,18.0392150879,11.0,,,,,,,,1.5625,3.90625,,
328.607540639,504,581,413600,42.2809525,-83.75094,5.0,13.0999994278,1506.0,18.0392150879,11.0,,,,,,,,1.5625,3.90625,,
328.607540639,504,581,413700,42.2809525,-83.75094,8.0,13.0999994278,1506.0,18.0392150879,11.0,,,,,,,,1.5625,3.90625,,
328.607540639,504,581,414000,42.2808861111,-83.7509477778,8.0,13.0999994278,1506.0,18.0392150879,11.0,,,,,,,,1.5625,3.90625,,
328.607540639,504,581,414500,42.2808861111,-83.7509477778,8.0,13.0999994278,1506.0,32.9411773682,11.0,,,,,,,,1.5625,3.90625,,
328.607540639,504,581,414700,42.2808861111,-83.7509477778,12.0,13.0999994278,1506.0,32.9411773682,11.0,,,,,,,,4.6875,3.90625,,
328.607540639,504,581,415600,42.2808861111,-83.7509477778,12.0,6.60999965668,1968.0,32.9411773682,11.0,,,,,,,,4.6875,3.90625,,
328.607540639,504,581,415800,42.2808861111,-83.7509477778,15.0,6.60999965668,1968.0,32.9411773682,11.0,,,,,,,,4.6875,3.90625,,
328.607540639,504,581,416800,42.2808861111,-83.7509477778,17.0,6.60999965668,1968.0,32.9411773682,11.0,,,,,,,,4.6875,3.90625,,
328.607540639,504,581,417000,42.2807552778,-83.7509583333,17.0,6.60999965668,1968.0,32.9411773682,11.0,,,,,,,,4.6875,3.90625,,
328.607540639,504,581,417600,42.2807552778,-83.7509583333,17.0,14.7299995422,1615.0,32.9411773682,11.0,,,,,,,,4.6875,3.90625,,
328.607540639,504,581,417900,42.2807552778,-83.7509583333,18.0,14.7299995422,1615.0,32.9411773682,11.0,,,,,,,,4.6875,3.90625,,
328.607540639,504,581,418900,42.2807552778,-83.7509583333,21.0,14.7299995422,1615.0,32.9411773682,11.0,,,,,,,,4.6875,3.90625,,
328.607540639,504,581,419500,42.2807552778,-83.7509583333,21.0,14.7299995422,1615.0,31.764705658,11.0,,,,,,,,4.6875,3.90625,,
328.607540639,504,581,419600,42.2807552778,-83.7509583333,21.0,8.84000015259,1604.0,31.764705658,11.0,,,,,,,,4.6875,3.90625,,
328.607540639,504,581,419800,42.2807552778,-83.7509583333,21.0,8.84000015259,1604.0,31.764705658,11.0,,,,,,,,2.34375,3.90625,,
328.607540639,504,581,419900,42.2807552778,-83.7509583333,23.0,8.84000015259,1604.0,31.764705658,11.0,,,,,,,,2.34375,3.90625,,
328.607540639,504,581,420100,42.2805911111,-83.7509663889,23.0,8.84000015259,1604.0,31.764705658,11.0,,,,,,,,2.34375,3.90625,,
328.607540639,504,581,421000,42.2805911111,-83.7509663889,25.0,8.84000015259,1604.0,31.764705658,11.0,,,,,,,,2.34375,3.90625,,
328.607540639,504,581,421600,42.2805911111,-83.7509663889,25.0,9.28999996185,1407.0,31.764705658,11.0,,,,,,,,2.34375,3.90625,,
328.607540639,504,581,422000,42.2805911111,-83.7509663889,27.0,9.28999996185,1407.0,31.764705658,11.0,,,,,,,,2.34375,3.90625,,
328.607540639,504,581,423100,42.2803941667,-83.7509586111,29.0,9.28999996185,1407.0,31.764705658,11.0,,,,,,,,2.34375,3.90625,,
328.607540639,504,581,423600,42.2803941667,-83.7509586111,29.0,5.15999984741,1402.0,31.764705658,11.0,,,,,,,,2.34375,3.90625,,
328.607540639,504,581,424100,42.2803941667,-83.7509586111,31.0,5.15999984741,1402.0,31.764705658,11.0,,,,,,,,2.34375,3.90625,,
328.607540639,504,581,424600,42.2803941667,-83.7509586111,31.0,5.15999984741,1402.0,14.9019613266,11.0,,,,,,,,2.34375,3.90625,,
328.607540639,504,581,424800,42.2803941667,-83.7509586111,31.0,5.15999984741,1402.0,14.9019613266,11.0,,,,,,,,-1.5625,3.90625,,
328.607540639,504,581,425600,42.2803941667,-83.7509586111,31.0,3.83999991417,1314.0,14.9019613266,11.0,,,,,,,,-1.5625,3.90625,,
328.607540639,504,581,426100,42.2801652778,-83.7509558333,31.0,3.83999991417,1314.0,14.9019613266,11.0,,,,,,,,-1.5625,3.90625,,
328.607540639,504,581,427600,42.2801652778,-83.7509558333,31.0,3.55999994278,1217.0,14.9019613266,11.0,,,,,,,,-1.5625,3.90625,,
328.607540639,504,581,429000,42.2799308333,-83.7509547222,31.0,3.55999994278,1217.0,14.9019613266,11.0,,,,,,,,-1.5625,3.90625,,
328.607540639,504,581,429300,42.2799308333,-83.7509547222,30.0,3.55999994278,1217.0,14.9019613266,11.0,,,,,,,,-1.5625,3.90625,,
328.607540639,504,581,429600,42.2799308333,-83.7509547222,30.0,9.01999950409,1542.0,29.0196075439,11.0,,,,,,,,-1.5625,3.90625,,
328.607540639,504,581,429900,42.2799308333,-83.7509547222,30.0,9.01999950409,1542.0,29.0196075439,11.0,,,,,,,,0.0,3.90625,,
328.607540639,504,581,431400,42.2799308333,-83.7509547222,32.0,9.01999950409,1542.0,29.0196075439,11.0,,,,,,,,0.0,3.90625,,
328.607540639,504,581,431600,42.2799308333,-83.7509547222,32.0,13.2699995041,1612.0,29.0196075439,11.0,,,,,,,,0.0,3.90625,,
328.607540639,504,581,432100,42.2796883333,-83.7509652778,32.0,13.2699995041,1612.0,29.0196075439,11.0,,,,,,,,0.0,3.90625,,
328.607540639,504,581,432400,42.2796883333,-83.7509652778,33.0,13.2699995041,1612.0,29.0196075439,11.0,,,,,,,,0.0,3.90625,,
328.607540639,504,581,433400,42.2796883333,-83.7509652778,33.0,13.2699995041,1612.0,29.0196075439,11.0,,,,,,,,0.0,3.90625,,
328.607540639,504,581,433500,42.2796883333,-83.7509652778,35.0,13.2699995041,1612.0,29.0196075439,11.0,,,,,,,,0.0,3.90625,,
328.607540639,504,581,433600,42.2796883333,-83.7509652778,35.0,10.5999994278,1584.0,29.0196075439,11.0,,,,,,,,0.0,3.90625,,
328.607540639,504,581,434100,42.2796883333,-83.7509652778,35.0,10.5999994278,1584.0,29.0196075439,11.0,,,,,,,,0.0,-0.78125,,
328.607540639,504,581,434500,42.2796883333,-83.7509652778,36.0,10.5999994278,1584.0,29.0196075439,11.0,,,,,,,,0.0,-0.78125,,
328.607540639,504,581,434700,42.2796883333,-83.7509652778,36.0,10.5999994278,1584.0,12.1568632126,11.0,,,,,,,,0.0,-0.78125,,
328.607540639,504,581,435000,42.2794119444,-83.7509847222,36.0,10.5999994278,1584.0,12.1568632126,11.0,,,,,,,,0.0,-0.78125,,
328.607540639,504,581,435500,42.2794119444,-83.7509847222,35.0,10.5999994278,1584.0,12.1568632126,11.0,,,,,,,,0.0,-0.78125,,
328.607540639,504,581,435600,42.2794119444,-83.7509847222,35.0,4.11999988556,1430.0,12.1568632126,11.0,,,,,,,,0.0,-0.78125,,
328.607540639,504,581,436600,42.2794119444,-83.7509847222,32.0,4.11999988556,1430.0,12.1568632126,11.0,,,,,,,,0.0,-0.78125,,
328.607540639,504,581,437600,42.2794119444,-83.7509847222,31.0,30.609998703,1382.0,12.1568632126,11.0,,,,,,,,0.0,-0.78125,,
328.607540639,504,581,438000,42.2791525,-83.7510119444,31.0,30.609998703,1382.0,12.1568632126,11.0,,,,,,,,0.0,-0.78125,,
328.607540639,504,581,438700,42.2791525,-83.7510119444,33.0,30.609998703,1382.0,12.1568632126,11.0,,,,,,,,0.0,-0.78125,,
328.607540639,504,581,439600,42.2791525,-83.7510119444,33.0,5.51999998093,1609.0,12.1568632126,11.0,,,,,,,,0.0,-0.78125,,
328.607540639,504,581,439700,42.2791525,-83.7510119444,37.0,5.51999998093,1609.0,14.117647171,11.0,,,,,,,,0.0,-0.78125,,
328.607540639,504,581,439900,42.2791525,-83.7510119444,37.0,5.51999998093,1609.0,14.117647171,11.0,,,,,,,,-1.5625,-0.78125,,
328.607540639,504,581,440700,42.2791525,-83.7510119444,35.0,5.51999998093,1609.0,14.117647171,11.0,,,,,,,,-1.5625,-0.78125,,
328.607540639,504,581,441100,42.2789169444,-83.7510291667,35.0,5.51999998093,1609.0,14.117647171,11.0,,,,,,,,-1.5625,-0.78125,,
328.607540639,504,581,441700,42.2789169444,-83.7510291667,35.0,4.07999992371,1440.0,14.117647171,11.0,,,,,,,,-1.5625,-0.78125,,
328.607540639,504,581,441800,42.2789169444,-83.7510291667,34.0,4.07999992371,1440.0,14.117647171,11.0,,,,,,,,-1.5625,-0.78125,,
328.607540639,504,581,443700,42.2789169444,-83.7510291667,34.0,3.77999997139,1336.0,14.117647171,11.0,,,,,,,,-1.5625,-0.78125,,
328.607540639,504,581,444100,42.2786502778,-83.7510336111,34.0,3.77999997139,1336.0,14.117647171,11.0,,,,,,,,-1.5625,-0.78125,,
328.607540639,504,581,444700,42.2786502778,-83.7510336111,34.0,3.77999997139,1336.0,12.9411764145,11.0,,,,,,,,-1.5625,-0.78125,,
328.607540639,504,581,444900,42.2786502778,-83.7510336111,33.0,3.77999997139,1336.0,12.9411764145,11.0,,,,,,,,-3.125,-0.78125,,
328.607540639,504,581,445700,42.2786502778,-83.7510336111,33.0,3.41999983788,1083.0,12.9411764145,11.0,,,,,,,,-3.125,-0.78125,,
328.607540639,504,581,446000,42.2786502778,-83.7510336111,28.0,3.41999983788,1083.0,12.9411764145,11.0,,,,,,,,-3.125,-0.78125,,
328.607540639,504,581,447000,42.2784238889,-83.7510377778,22.0,3.41999983788,1083.0,12.9411764145,11.0,,,,,,,,-3.125,-0.78125,,
328.607540639,504,581,447700,42.2784238889,-83.7510377778,22.0,3.75,801.0,12.9411764145,11.0,,,,,,,,-3.125,-0.78125,,
328.607540639,504,581,448100,42.2784238889,-83.7510377778,17.0,3.75,801.0,12.9411764145,11.0,,,,,,,,-3.125,-0.78125,,
328.607540639,504,581,449100,42.2784238889,-83.7510377778,15.0,3.75,801.0,12.9411764145,11.0,,,,,,,,-3.125,-0.78125,,
328.607540639,504,581,449700,42.2784238889,-83.7510377778,15.0,3.52999997139,673.0,20.7843132019,11.0,,,,,,,,-3.125,-0.78125,,
328.607540639,504,581,450000,42.2782819444,-83.7510416667,15.0,3.52999997139,673.0,20.7843132019,11.0,,,,,,,,-2.34375,-0.78125,,
328.607540639,504,581,450100,42.2782819444,-83.7510416667,8.0,3.52999997139,673.0,20.7843132019,11.0,,,,,,,,-2.34375,-0.78125,,
328.607540639,504,581,451200,42.2782819444,-83.7510416667,2.0,3.52999997139,673.0,20.7843132019,11.0,,,,,,,,-2.34375,-0.78125,,
328.607540639,504,581,451700,42.2782819444,-83.7510416667,2.0,22.0799999237,1656.0,20.7843132019,11.0,,,,,,,,-2.34375,-0.78125,,
328.607540639,504,581,452200,42.2782819444,-83.7510416667,3.0,22.0799999237,1656.0,20.7843132019,11.0,,,,,,,,-2.34375,-0.78125,,
328.607540639,504,581,453300,42.2782819444,-83.7510416667,7.0,22.0799999237,1656.0,20.7843132019,11.0,,,,,,,,-2.34375,-0.78125,,
328.607540639,504,581,454100,42.2782819444,-83.7510416667,0.0,22.0799999237,713.0,20.7843132019,11.0,,,,,,,,-2.34375,-0.78125,,
328.607540639,504,581,454200,42.2782819444,-83.7510416667,0.0,14.5599994659,713.0,20.7843132019,11.0,,,,,,,,-2.34375,-0.78125,,
328.607540639,504,581,454300,42.2782819444,-83.7510416667,0.0,14.5599994659,713.0,47.0588226318,11.0,,,,,,,,-2.34375,-0.78125,,
328.607540639,504,581,454600,42.2782819444,-83.7510416667,0.0,14.5599994659,713.0,47.0588226318,11.0,,,,,,,,0.78125,-0.78125,,
328.607540639,504,581,454800,42.2782819444,-83.7510416667,0.0,14.5599994659,713.0,47.0588226318,11.0,,,,,,,,0.78125,0.78125,,
328.607540639,504,581,455100,42.2781955556,-83.7510511111,0.0,14.5599994659,713.0,47.0588226318,11.0,,,,,,,,0.78125,0.78125,,
328.607540639,504,581,455600,42.2781955556,-83.7510511111,7.0,14.5599994659,713.0,47.0588226318,11.0,,,,,,,,0.78125,0.78125,,
328.607540639,504,581,455700,42.2781955556,-83.7510511111,7.0,26.6399993896,2050.0,47.0588226318,11.0,,,,,,,,0.78125,0.78125,,
328.607540639,504,581,455800,42.2781955556,-83.7510511111,7.0,26.6399993896,2050.0,54.1176490784,11.0,,,,,,,,0.78125,0.78125,,
328.607540639,504,581,456200,42.2781955556,-83.7510511111,7.0,26.6399993896,2050.0,54.1176490784,11.0,,,,,,,,6.25,0.78125,,
328.607540639,504,581,456300,42.2781955556,-83.7510511111,7.0,26.6399993896,2050.0,54.1176490784,11.0,,,,,,,,6.25,1.5625,,
328.607540639,504,581,456600,42.2781955556,-83.7510511111,11.0,26.6399993896,2050.0,54.1176490784,11.0,,,,,,,,6.25,1.5625,,
328.607540639,504,581,457700,42.2781955556,-83.7510511111,17.0,16.5299987793,2225.0,54.1176490784,11.0,,,,,,,,6.25,1.5625,,
328.607540639,504,581,458000,42.2780275,-83.7510108333,17.0,16.5299987793,2225.0,54.1176490784,11.0,,,,,,,,6.25,1.5625,,
328.607540639,504,581,458700,42.2780275,-83.7510108333,20.0,16.5299987793,2225.0,54.1176490784,11.0,,,,,,,,6.25,1.5625,,
328.607540639,504,581,459700,42.2780275,-83.7510108333,24.0,25.5699996948,2033.0,54.1176490784,11.0,,,,,,,,6.25,1.5625,,
328.607540639,504,581,460800,42.2780275,-83.7510108333,29.0,25.5699996948,2033.0,54.1176490784,11.0,,,,,,,,6.25,1.5625,,
328.607540639,504,581,460900,42.2780275,-83.7510108333,29.0,25.5699996948,2033.0,57.254901886,11.0,,,,,,,,6.25,1.5625,,
328.607540639,504,581,461000,42.2779297222,-83.7507677778,29.0,25.5699996948,2033.0,57.254901886,11.0,,,,,,,,6.25,1.5625,,
328.607540639,504,581,461700,42.2779297222,-83.7507677778,29.0,31.1899986267,2417.0,57.254901886,11.0,,,,,,,,6.25,1.5625,,
328.607540639,504,581,461800,42.2779297222,-83.7507677778,35.0,31.1899986267,2417.0,57.254901886,11.0,,,,,,,,6.25,1.5625,,
328.607540639,504,581,463700,42.2779297222,-83.7507677778,35.0,29.6899986267,2166.0,57.254901886,11.0,,,,,,,,6.25,1.5625,,
328.607540639,504,581,463900,42.2779297222,-83.7507677778,37.0,29.6899986267,2166.0,57.254901886,11.0,,,,,,,,6.25,1.5625,,
328.607540639,504,581,464000,42.2779175,-83.7503911111,37.0,29.6899986267,2166.0,57.254901886,11.0,,,,,,,,6.25,1.5625,,
328.607540639,504,581,465700,42.2779175,-83.7503911111,37.0,10.5900001526,1687.0,57.254901886,11.0,,,,,,,,6.25,1.5625,,
328.607540639,504,581,465900,42.2779175,-83.7503911111,37.0,10.5900001526,1687.0,28.627450943,11.0,,,,,,,,6.25,1.5625,,
328.607540639,504,581,466000,42.2779175,-83.7503911111,36.0,10.5900001526,1687.0,28.627450943,11.0,,,,,,,,6.25,1.5625,,
328.607540639,504,581,466200,42.2779175,-83.7503911111,36.0,10.5900001526,1687.0,28.627450943,11.0,,,,,,,,2.34375,1.5625,,
328.607540639,504,581,467000,42.2779183333,-83.7500227778,34.0,10.5900001526,1687.0,28.627450943,11.0,,,,,,,,2.34375,1.5625,,
328.607540639,504,581,467700,42.2779183333,-83.7500227778,34.0,9.60999965668,1591.0,28.627450943,11.0,,,,,,,,2.34375,1.5625,,
328.607540639,504,581,468100,42.2779183333,-83.7500227778,33.0,9.60999965668,1591.0,28.627450943,11.0,,,,,,,,2.34375,1.5625,,
328.607540639,504,581,469100,42.2779183333,-83.7500227778,32.0,9.60999965668,1591.0,28.627450943,11.0,,,,,,,,2.34375,1.5625,,
328.607540639,504,581,469700,42.2779183333,-83.7500227778,32.0,4.05999994278,1318.0,28.627450943,11.0,,,,,,,,2.34375,1.5625,,
328.607540639,504,581,470100,42.2779105556,-83.7496930556,30.0,4.05999994278,1318.0,28.627450943,11.0,,,,,,,,2.34375,1.5625,,
328.607540639,504,581,470900,42.2779105556,-83.7496930556,30.0,4.05999994278,1318.0,13.7254905701,11.0,,,,,,,,2.34375,1.5625,,
328.607540639,504,581,471200,42.2779105556,-83.7496930556,28.0,4.05999994278,1318.0,13.7254905701,11.0,,,,,,,,2.34375,1.5625,,
328.607540639,504,581,471300,42.2779105556,-83.7496930556,28.0,4.05999994278,1318.0,13.7254905701,11.0,,,,,,,,-1.5625,1.5625,,
328.607540639,504,581,471700,42.2779105556,-83.7496930556,28.0,3.58999991417,1112.0,13.7254905701,11.0,,,,,,,,-1.5625,1.5625,,
328.607540639,504,581,472200,42.2779105556,-83.7496930556,26.0,3.58999991417,1112.0,13.7254905701,11.0,,,,,,,,-1.5625,1.5625,,
328.607540639,504,581,473000,42.2779080556,-83.7494183333,26.0,3.58999991417,1112.0,13.7254905701,11.0,,,,,,,,-1.5625,1.5625,,
328.607540639,504,581,473300,42.2779080556,-83.7494183333,25.0,3.58999991417,1112.0,13.7254905701,11.0,,,,,,,,-1.5625,1.5625,,
328.607540639,504,581,473700,42.2779080556,-83.7494183333,25.0,3.57999992371,975.0,13.7254905701,11.0,,,,,,,,-1.5625,1.5625,,
328.607540639,504,581,474300,42.2779080556,-83.7494183333,22.0,3.57999992371,975.0,13.7254905701,11.0,,,,,,,,-1.5625,1.5625,,
328.607540639,504,581,475400,42.2779080556,-83.7494183333,20.0,3.57999992371,975.0,13.7254905701,11.0,,,,,,,,-1.5625,1.5625,,
328.607540639,504,581,475700,42.2779080556,-83.7494183333,20.0,3.56999993324,791.0,13.7254905701,11.0,,,,,,,,-1.5625,1.5625,,
328.607540639,504,581,476000,42.2779080556,-83.7494183333,20.0,3.56999993324,791.0,19.607843399,11.0,,,,,,,,-1.5625,1.5625,,
328.607540639,504,581,476100,42.2778925,-83.7492094444,20.0,3.56999993324,791.0,19.607843399,11.0,,,,,,,,-1.5625,1.5625,,
328.607540639,504,581,476300,42.2778925,-83.7492094444,20.0,3.56999993324,791.0,19.607843399,11.0,,,,,,,,-2.34375,1.5625,,
328.607540639,504,581,476500,42.2778925,-83.7492094444,17.0,3.56999993324,791.0,19.607843399,11.0,,,,,,,,-2.34375,1.5625,,
328.607540639,504,581,477500,42.2778925,-83.7492094444,14.0,3.56999993324,791.0,19.607843399,11.0,,,,,,,,-2.34375,1.5625,,
328.607540639,504,581,477800,42.2778925,-83.7492094444,14.0,3.32999992371,699.0,19.607843399,11.0,,,,,,,,-2.34375,1.5625,,
328.607540639,504,581,478600,42.2778925,-83.7492094444,9.0,3.32999992371,699.0,19.607843399,11.0,,,,,,,,-2.34375,1.5625,,
328.607540639,504,581,479600,42.2778925,-83.7492094444,5.0,3.32999992371,699.0,19.607843399,11.0,,,,,,,,-2.34375,1.5625,,
328.607540639,504,581,479800,42.2778925,-83.7492094444,5.0,3.54999995232,685.0,19.607843399,11.0,,,,,,,,-2.34375,1.5625,,
328.607540639,504,581,480000,42.2778863889,-83.7491025,5.0,3.54999995232,685.0,19.607843399,11.0,,,,,,,,-2.34375,1.5625,,
328.607540639,504,581,480700,42.2778863889,-83.7491025,1.0,3.54999995232,685.0,19.607843399,11.0,,,,,,,,-2.34375,1.5625,,
328.607540639,504,581,481200,42.2778863889,-83.7491025,0.0,3.54999995232,688.0,19.607843399,11.0,,,,,,,,-2.34375,1.5625,,
328.607540639,504,581,481300,42.2778863889,-83.7491025,0.0,3.16999983788,688.0,19.607843399,11.0,,,,,,,,-2.34375,1.5625,,
328.607540639,504,581,481400,42.2778863889,-83.7491025,0.0,3.16999983788,688.0,20.7843132019,11.0,,,,,,,,-2.34375,1.5625,,
328.607540639,504,581,481700,42.2778863889,-83.7491025,0.0,3.16999983788,688.0,20.7843132019,11.0,,,,,,,,0.0,1.5625,,
328.607540639,504,581,481900,42.2778863889,-83.7491025,0.0,3.16999983788,688.0,20.7843132019,11.0,,,,,,,,0.0,-0.78125,,
328.607540639,504,581,483200,42.2778863889,-83.7491025,0.0,3.16999983788,686.0,20.7843132019,11.0,,,,,,,,0.0,-0.78125,,
328.607540639,504,581,485200,42.2778863889,-83.7491025,0.0,3.16999983788,681.0,20.7843132019,11.0,,,,,,,,0.0,-0.78125,,
328.607540639,504,581,486300,42.2778863889,-83.7491025,0.0,3.14999985695,681.0,20.7843132019,11.0,,,,,,,,0.0,-0.78125,,
328.607540639,504,581,487200,42.2778863889,-83.7491025,0.0,3.14999985695,669.0,20.7843132019,11.0,,,,,,,,0.0,-0.78125,,
328.607540639,504,581,489200,42.2778863889,-83.7491025,0.0,3.14999985695,673.0,20.7843132019,11.0,,,,,,,,0.0,-0.78125,,
328.607540639,504,581,491200,42.2778863889,-83.7491025,0.0,3.14999985695,681.0,20.7843132019,11.0,,,,,,,,0.0,-0.78125,,
328.607540639,504,581,491400,42.2778863889,-83.7491025,0.0,3.30999994278,681.0,20.7843132019,11.0,,,,,,,,0.0,-0.78125,,
328.607540639,504,581,491800,42.2778863889,-83.7491025,0.0,3.30999994278,681.0,20.7843132019,11.0,,,,,,,,0.78125,-0.78125,,
328.607540639,504,581,493200,42.2778863889,-83.7491025,0.0,3.30999994278,675.0,20.7843132019,11.0,,,,,,,,0.78125,-0.78125,,
328.607540639,504,581,495200,42.2778863889,-83.7491025,0.0,3.30999994278,674.0,20.7843132019,11.0,,,,,,,,0.78125,-0.78125,,
328.607540639,504,581,496400,42.2778863889,-83.7491025,0.0,3.29999995232,674.0,20.7843132019,11.0,,,,,,,,0.78125,-0.78125,,
328.607540639,504,581,496800,42.2778863889,-83.7491025,0.0,3.29999995232,674.0,20.7843132019,11.0,,,,,,,,0.0,-0.78125,,
328.607540639,504,581,499200,42.2778863889,-83.7491025,0.0,3.29999995232,678.0,20.7843132019,11.0,,,,,,,,0.0,-0.78125,,
328.607540639,504,581,501200,42.2778863889,-83.7491025,0.0,3.29999995232,665.0,20.7843132019,11.0,,,,,,,,0.0,-0.78125,,
328.607540639,504,581,501500,42.2778863889,-83.7491025,0.0,3.27999997139,665.0,20.7843132019,11.0,,,,,,,,0.0,-0.78125,,
328.607540639,504,581,501900,42.2778863889,-83.7491025,0.0,3.27999997139,665.0,20.7843132019,11.0,,,,,,,,-0.78125,-0.78125,,
328.607540639,504,581,503200,42.2778863889,-83.7491025,0.0,3.27999997139,672.0,20.7843132019,11.0,,,,,,,,-0.78125,-0.78125,,
328.607540639,504,581,505200,42.2778863889,-83.7491025,0.0,3.27999997139,669.0,20.7843132019,11.0,,,,,,,,-0.78125,-0.78125,,
328.607540639,504,581,506500,42.2778863889,-83.7491025,0.0,3.24000000954,669.0,20.7843132019,11.0,,,,,,,,-0.78125,-0.78125,,
328.607540639,504,581,506900,42.2778863889,-83.7491025,0.0,3.24000000954,669.0,20.7843132019,11.0,,,,,,,,0.78125,-0.78125,,
328.607540639,504,581,507200,42.2778863889,-83.7491025,0.0,3.24000000954,668.0,20.7843132019,11.0,,,,,,,,0.78125,-0.78125,,
328.607540639,504,581,509200,42.2778863889,-83.7491025,0.0,3.24000000954,670.0,20.7843132019,11.0,,,,,,,,0.78125,-0.78125,,
328.607540639,504,581,510000,42.27788,-83.7490427778,0.0,3.24000000954,670.0,20.7843132019,11.0,,,,,,,,0.78125,-0.78125,,
328.607540639,504,581,511300,42.27788,-83.7490427778,0.0,3.24000000954,674.0,20.7843132019,11.0,,,,,,,,0.78125,-0.78125,,
328.607540639,504,581,511500,42.27788,-83.7490427778,0.0,3.28999996185,674.0,20.7843132019,11.0,,,,,,,,0.78125,-0.78125,,
328.607540639,504,581,511600,42.27788,-83.7490427778,0.0,3.28999996185,674.0,21.1764717102,11.0,,,,,,,,0.78125,-0.78125,,
328.607540639,504,581,511900,42.27788,-83.7490427778,0.0,3.28999996185,674.0,21.1764717102,11.0,,,,,,,,-2.34375,-0.78125,,
328.607540639,504,581,513300,42.27788,-83.7490427778,0.0,3.28999996185,661.0,21.1764717102,11.0,,,,,,,,-2.34375,-0.78125,,
328.607540639,504,581,515300,42.27788,-83.7490427778,0.0,3.28999996185,672.0,21.1764717102,11.0,,,,,,,,-2.34375,-0.78125,,
328.607540639,504,581,516500,42.27788,-83.7490427778,0.0,3.08999991417,672.0,21.1764717102,11.0,,,,,,,,-2.34375,-0.78125,,
328.607540639,504,581,516900,42.27788,-83.7490427778,0.0,3.08999991417,672.0,21.1764717102,11.0,,,,,,,,-1.5625,-0.78125,,
328.607540639,504,581,517300,42.27788,-83.7490427778,0.0,3.08999991417,667.0,21.1764717102,11.0,,,,,,,,-1.5625,-0.78125,,
328.607540639,504,581,519300,42.27788,-83.7490427778,0.0,3.08999991417,671.0,21.1764717102,11.0,,,,,,,,-1.5625,-0.78125,,
328.607540639,504,581,521300,42.27788,-83.7490427778,0.0,3.08999991417,668.0,21.1764717102,11.0,,,,,,,,-1.5625,-0.78125,,
328.607540639,504,581,521600,42.27788,-83.7490427778,0.0,3.03999996185,668.0,21.1764717102,11.0,,,,,,,,-1.5625,-0.78125,,
328.607540639,504,581,522000,42.27788,-83.7490427778,0.0,3.03999996185,668.0,21.1764717102,11.0,,,,,,,,-0.78125,-0.78125,,
328.607540639,504,581,523300,42.27788,-83.7490427778,0.0,3.03999996185,665.0,21.1764717102,11.0,,,,,,,,-0.78125,-0.78125,,
328.607540639,504,581,525300,42.27788,-83.7490427778,0.0,3.03999996185,659.0,21.1764717102,11.0,,,,,,,,-0.78125,-0.78125,,
328.607540639,504,581,526600,42.27788,-83.7490427778,0.0,3.24000000954,659.0,21.1764717102,11.0,,,,,,,,-0.78125,-0.78125,,
328.607540639,504,581,527000,42.27788,-83.7490427778,0.0,3.24000000954,659.0,21.1764717102,11.0,,,,,,,,-1.5625,-0.78125,,
328.607540639,504,581,527300,42.27788,-83.7490427778,0.0,3.24000000954,670.0,21.1764717102,11.0,,,,,,,,-1.5625,-0.78125,,
328.607540639,504,581,529300,42.27788,-83.7490427778,0.0,3.24000000954,670.0,21.1764717102,11.0,,,,,,,,-1.5625,-0.78125,,
328.607540639,504,581,531300,42.27788,-83.7490427778,0.0,3.24000000954,667.0,21.1764717102,11.0,,,,,,,,-1.5625,-0.78125,,
328.607540639,504,581,531700,42.27788,-83.7490427778,0.0,3.28999996185,667.0,21.1764717102,11.0,,,,,,,,-1.5625,-0.78125,,
328.607540639,504,581,532100,42.27788,-83.7490427778,0.0,3.28999996185,667.0,21.1764717102,11.0,,,,,,,,-0.78125,-0.78125,,
328.607540639,504,581,533300,42.27788,-83.7490427778,0.0,3.28999996185,669.0,21.1764717102,11.0,,,,,,,,-0.78125,-0.78125,,
328.607540639,504,581,536700,42.27788,-83.7490427778,0.0,3.24000000954,669.0,21.1764717102,11.0,,,,,,,,-0.78125,-0.78125,,
328.607540639,504,581,537100,42.27788,-83.7490427778,0.0,3.24000000954,669.0,21.1764717102,11.0,,,,,,,,0.0,-0.78125,,
328.607540639,504,581,537300,42.27788,-83.7490427778,0.0,3.24000000954,670.0,21.1764717102,11.0,,,,,,,,0.0,-0.78125,,
328.607540639,504,581,539300,42.27788,-83.7490427778,0.0,3.24000000954,672.0,21.1764717102,11.0,,,,,,,,0.0,-0.78125,,
328.607540639,504,581,540100,42.277905,-83.7489511111,0.0,3.24000000954,672.0,21.1764717102,11.0,,,,,,,,0.0,-0.78125,,
328.607540639,504,581,541300,42.277905,-83.7489511111,0.0,3.24000000954,669.0,21.1764717102,11.0,,,,,,,,0.0,-0.78125,,
328.607540639,504,581,541700,42.277905,-83.7489511111,0.0,3.21000003815,669.0,21.1764717102,11.0,,,,,,,,0.0,-0.78125,,
328.607540639,504,581,542100,42.277905,-83.7489511111,0.0,3.21000003815,669.0,21.1764717102,11.0,,,,,,,,-0.78125,-0.78125,,
328.607540639,504,581,543300,42.277905,-83.7489511111,0.0,3.21000003815,657.0,21.1764717102,11.0,,,,,,,,-0.78125,-0.78125,,
328.607540639,504,581,545300,42.277905,-83.7489511111,0.0,3.21000003815,666.0,21.1764717102,11.0,,,,,,,,-0.78125,-0.78125,,
328.607540639,504,581,546700,42.277905,-83.7489511111,0.0,3.0,666.0,21.1764717102,11.0,,,,,,,,-0.78125,-0.78125,,
328.607540639,504,581,547100,42.277905,-83.7489511111,0.0,3.0,666.0,21.1764717102,11.0,,,,,,,,0.0,-0.78125,,
328.607540639,504,581,547300,42.277905,-83.7489511111,0.0,3.0,666.0,21.1764717102,11.0,,,,,,,,0.0,-0.78125,,
328.607540639,504,581,549300,42.277905,-83.7489511111,0.0,3.0,665.0,21.1764717102,11.0,,,,,,,,0.0,-0.78125,,
328.607540639,504,581,551300,42.277905,-83.7489511111,0.0,3.0,663.0,21.1764717102,11.0,,,,,,,,0.0,-0.78125,,
328.607540639,504,581,551800,42.277905,-83.7489511111,0.0,3.04999995232,663.0,21.1764717102,11.0,,,,,,,,0.0,-0.78125,,
328.607540639,504,581,552200,42.277905,-83.7489511111,0.0,3.04999995232,663.0,21.1764717102,11.0,,,,,,,,0.78125,-0.78125,,
328.607540639,504,581,553300,42.277905,-83.7489511111,0.0,3.04999995232,662.0,21.1764717102,11.0,,,,,,,,0.78125,-0.78125,,
328.607540639,504,581,554000,42.277865,-83.7489466667,0.0,3.04999995232,662.0,21.1764717102,11.0,,,,,,,,0.78125,-0.78125,,
328.607540639,504,581,554800,42.277865,-83.7489466667,5.0,3.04999995232,1479.0,21.1764717102,11.0,,,,,,,,0.78125,-0.78125,,
328.607540639,504,581,554900,42.277865,-83.7489466667,5.0,11.3400001526,1479.0,21.1764717102,11.0,,,,,,,,0.78125,-0.78125,,
328.607540639,504,581,555000,42.277865,-83.7489466667,5.0,11.3400001526,1479.0,34.1176490784,11.0,,,,,,,,0.78125,-0.78125,,
328.607540639,504,581,555300,42.277865,-83.7489466667,5.0,11.3400001526,1479.0,34.1176490784,11.0,,,,,,,,0.0,-0.78125,,
328.607540639,504,581,555800,42.277865,-83.7489466667,8.0,11.3400001526,1479.0,34.1176490784,11.0,,,,,,,,0.0,-0.78125,,
328.607540639,504,581,556800,42.277865,-83.7489466667,11.0,11.3400001526,1681.0,34.1176490784,11.0,,,,,,,,0.0,-0.78125,,
328.607540639,504,581,556900,42.277865,-83.7489466667,11.0,13.4799995422,1681.0,34.1176490784,11.0,,,,,,,,0.0,-0.78125,,
328.607540639,504,581,557000,42.2778825,-83.7488458333,11.0,13.4799995422,1681.0,34.1176490784,11.0,,,,,,,,0.0,-0.78125,,
328.607540639,504,581,557900,42.2778825,-83.7488458333,14.0,13.4799995422,1681.0,34.1176490784,11.0,,,,,,,,0.0,-0.78125,,
328.607540639,504,581,558800,42.2778825,-83.7488458333,14.0,13.4799995422,1814.0,34.1176490784,11.0,,,,,,,,0.0,-0.78125,,
328.607540639,504,581,558900,42.2778825,-83.7488458333,18.0,19.4399986267,1814.0,34.1176490784,11.0,,,,,,,,0.0,-0.78125,,
328.607540639,504,581,559900,42.2778825,-83.7488458333,21.0,19.4399986267,1814.0,34.1176490784,11.0,,,,,,,,0.0,-0.78125,,
