DayNum,VehId,Trip,Timestamp(ms),Latitude[deg],Longitude[deg],Vehicle Speed[km/h],MAF[g/sec],Engine RPM[RPM],Absolute Load[%],OAT[DegC],Fuel Rate[L/hr],Air Conditioning Power[kW],Air Conditioning Power[Watts],Heater Power[Watts],HV Battery Current[A],HV Battery SOC[%],HV Battery Voltage[V],Short Term Fuel Trim Bank 1[%],Short Term Fuel Trim Bank 2[%],Long Term Fuel Trim Bank 1[%],Long Term Fuel Trim Bank 2[%]
336.753684324,459,2082,0,42.2308133333,-83.6803666667,23.0,34.9300003052,1927.0,14.509803772,17.0,,,,,,,,-7.8125,-3.90625,-7.03125,-0.78125
336.753684324,459,2082,200,42.2308133333,-83.6803666667,25.0,34.9300003052,1927.0,14.509803772,17.0,,,,,,,,-7.8125,-3.90625,-7.03125,-0.78125
336.753684324,459,2082,1000,42.2308133333,-83.6803666667,25.0,34.9300003052,1927.0,57.6470603943,17.0,,,,,,,,-7.8125,-3.90625,-7.03125,-0.78125
336.753684324,459,2082,1200,42.2308133333,-83.6803666667,30.0,34.9300003052,1927.0,57.6470603943,17.0,,,,,,,,-7.8125,-3.90625,-7.03125,-0.78125
336.753684324,459,2082,1300,42.2308133333,-83.6803666667,30.0,34.9300003052,1927.0,57.6470603943,17.0,,,,,,,,-3.90625,-3.90625,-7.03125,-0.78125
336.753684324,459,2082,1400,42.2308133333,-83.6803666667,30.0,34.9300003052,1927.0,57.6470603943,17.0,,,,,,,,-3.90625,-3.90625,-2.34375,-0.78125
336.753684324,459,2082,1700,42.2308133333,-83.6803666667,30.0,34.9300003052,2421.0,57.6470603943,17.0,,,,,,,,-3.90625,-3.90625,-2.34375,-0.78125
336.753684324,459,2082,1800,42.2308133333,-83.6803666667,30.0,50.9799995422,2421.0,57.6470603943,17.0,,,,,,,,-3.90625,-3.90625,-2.34375,-0.78125
336.753684324,459,2082,2300,42.2308133333,-83.6803666667,35.0,50.9799995422,2421.0,57.6470603943,17.0,,,,,,,,-3.90625,-3.90625,-2.34375,-0.78125
336.753684324,459,2082,3000,42.2308113889,-83.6808022222,35.0,50.9799995422,2421.0,57.6470603943,17.0,,,,,,,,-3.90625,-3.90625,-2.34375,-0.78125
336.753684324,459,2082,3300,42.2308113889,-83.6808022222,41.0,50.9799995422,2421.0,57.6470603943,17.0,,,,,,,,-3.90625,-3.90625,-2.34375,-0.78125
336.753684324,459,2082,3700,42.2308113889,-83.6808022222,41.0,50.9799995422,2260.0,57.6470603943,17.0,,,,,,,,-3.90625,-3.90625,-2.34375,-0.78125
336.753684324,459,2082,3800,42.2308113889,-83.6808022222,41.0,39.5599975586,2260.0,57.6470603943,17.0,,,,,,,,-3.90625,-3.90625,-2.34375,-0.78125
336.753684324,459,2082,4300,42.2308113889,-83.6808022222,45.0,39.5599975586,2260.0,57.6470603943,17.0,,,,,,,,-3.90625,-3.90625,-2.34375,-0.78125
336.753684324,459,2082,5400,42.2308113889,-83.6808022222,49.0,39.5599975586,2260.0,57.6470603943,17.0,,,,,,,,-3.90625,-3.90625,-2.34375,-0.78125
336.753684324,459,2082,5700,42.2308113889,-83.6808022222,49.0,39.5599975586,1884.0,57.6470603943,17.0,,,,,,,,-3.90625,-3.90625,-2.34375,-0.78125
336.753684324,459,2082,5800,42.2308113889,-83.6808022222,49.0,41.4099998474,1884.0,57.6470603943,17.0,,,,,,,,-3.90625,-3.90625,-2.34375,-0.78125
336.753684324,459,2082,5900,42.2307855556,-83.6812269444,49.0,41.4099998474,1884.0,57.6470603943,17.0,,,,,,,,-3.90625,-3.90625,-2.34375,-0.78125
336.753684324,459,2082,6000,42.2307855556,-83.6812269444,49.0,41.4099998474,1884.0,62.3529434204,17.0,,,,,,,,-3.90625,-3.90625,-2.34375,-0.78125
336.753684324,459,2082,6400,42.2307855556,-83.6812269444,52.0,41.4099998474,1884.0,62.3529434204,17.0,,,,,,,,0.0,-3.90625,-3.125,-0.78125
336.753684324,459,2082,7500,42.2307855556,-83.6812269444,55.0,41.4099998474,1884.0,62.3529434204,17.0,,,,,,,,0.0,-3.90625,-3.125,-0.78125
336.753684324,459,2082,7700,42.2307855556,-83.6812269444,55.0,41.4099998474,1959.0,62.3529434204,17.0,,,,,,,,0.0,-3.90625,-3.125,-0.78125
336.753684324,459,2082,7800,42.2307855556,-83.6812269444,55.0,35.6499977112,1959.0,62.3529434204,17.0,,,,,,,,0.0,-3.90625,-3.125,-0.78125
336.753684324,459,2082,8500,42.2307855556,-83.6812269444,58.0,35.6499977112,1959.0,62.3529434204,17.0,,,,,,,,0.0,-3.90625,-3.125,-0.78125
336.753684324,459,2082,9500,42.2307855556,-83.6812269444,60.0,35.6499977112,1959.0,62.3529434204,17.0,,,,,,,,0.0,-3.90625,-3.125,-0.78125
336.753684324,459,2082,9700,42.2307855556,-83.6812269444,60.0,35.6499977112,2000.0,62.3529434204,17.0,,,,,,,,0.0,-3.90625,-3.125,-0.78125
336.753684324,459,2082,9900,42.2307544444,-83.6819691667,60.0,24.4399986267,2000.0,62.3529434204,17.0,,,,,,,,0.0,-3.90625,-3.125,-0.78125
336.753684324,459,2082,10600,42.2307544444,-83.6819691667,61.0,24.4399986267,2000.0,62.3529434204,17.0,,,,,,,,0.0,-3.90625,-3.125,-0.78125
336.753684324,459,2082,11100,42.2307544444,-83.6819691667,61.0,24.4399986267,2000.0,70.5882339478,17.0,,,,,,,,0.0,-3.90625,-3.125,-0.78125
336.753684324,459,2082,11400,42.2307544444,-83.6819691667,61.0,24.4399986267,2000.0,70.5882339478,17.0,,,,,,,,-3.90625,-3.90625,0.78125,-0.78125
336.753684324,459,2082,11600,42.2307544444,-83.6819691667,62.0,24.4399986267,2000.0,70.5882339478,17.0,,,,,,,,-3.90625,-3.90625,0.78125,-0.78125
336.753684324,459,2082,11700,42.2307544444,-83.6819691667,62.0,24.4399986267,1601.0,70.5882339478,17.0,,,,,,,,-3.90625,-3.90625,0.78125,-0.78125
336.753684324,459,2082,11900,42.2307544444,-83.6819691667,62.0,38.4599990845,1601.0,70.5882339478,17.0,,,,,,,,-3.90625,-3.90625,0.78125,-0.78125
336.753684324,459,2082,12700,42.2307544444,-83.6819691667,64.0,38.4599990845,1601.0,70.5882339478,17.0,,,,,,,,-3.90625,-3.90625,0.78125,-0.78125
336.753684324,459,2082,12900,42.2307152778,-83.6826191667,64.0,38.4599990845,1601.0,70.5882339478,17.0,,,,,,,,-3.90625,-3.90625,0.78125,-0.78125
336.753684324,459,2082,13700,42.2307152778,-83.6826191667,65.0,38.4599990845,1493.0,70.5882339478,17.0,,,,,,,,-3.90625,-3.90625,0.78125,-0.78125
336.753684324,459,2082,13900,42.2307152778,-83.6826191667,65.0,37.4899978638,1493.0,70.5882339478,17.0,,,,,,,,-3.90625,-3.90625,0.78125,-0.78125
336.753684324,459,2082,14700,42.2307152778,-83.6826191667,67.0,37.4899978638,1493.0,70.5882339478,17.0,,,,,,,,-3.90625,-3.90625,0.78125,-0.78125
336.753684324,459,2082,15700,42.2307152778,-83.6826191667,67.0,37.4899978638,1553.0,70.5882339478,17.0,,,,,,,,-3.90625,-3.90625,0.78125,-0.78125
336.753684324,459,2082,15800,42.2307152778,-83.6826191667,68.0,37.4899978638,1553.0,70.5882339478,17.0,,,,,,,,-3.90625,-3.90625,0.78125,-0.78125
336.753684324,459,2082,15900,42.2307152778,-83.6826191667,68.0,45.4399986267,1553.0,70.5882339478,17.0,,,,,,,,-3.90625,-3.90625,0.78125,-0.78125
336.753684324,459,2082,16000,42.2306811111,-83.6833111111,68.0,45.4399986267,1553.0,70.5882339478,17.0,,,,,,,,-3.90625,-3.90625,0.78125,-0.78125
336.753684324,459,2082,16100,42.2306811111,-83.6833111111,68.0,45.4399986267,1553.0,83.1372528076,17.0,,,,,,,,-3.90625,-3.90625,0.78125,-0.78125
336.753684324,459,2082,16400,42.2306811111,-83.6833111111,68.0,45.4399986267,1553.0,83.1372528076,17.0,,,,,,,,-4.6875,-3.90625,-0.78125,-0.78125
336.753684324,459,2082,16800,42.2306811111,-83.6833111111,70.0,45.4399986267,1553.0,83.1372528076,17.0,,,,,,,,-4.6875,-3.90625,-0.78125,-0.78125
336.753684324,459,2082,17700,42.2306811111,-83.6833111111,70.0,45.4399986267,1619.0,83.1372528076,17.0,,,,,,,,-4.6875,-3.90625,-0.78125,-0.78125
336.753684324,459,2082,17900,42.2306811111,-83.6833111111,71.0,48.6599998474,1619.0,83.1372528076,17.0,,,,,,,,-4.6875,-3.90625,-0.78125,-0.78125
336.753684324,459,2082,18900,42.2306522222,-83.6840341667,72.0,48.6599998474,1619.0,83.1372528076,17.0,,,,,,,,-4.6875,-3.90625,-0.78125,-0.78125
336.753684324,459,2082,19700,42.2306522222,-83.6840341667,72.0,48.6599998474,1669.0,83.1372528076,17.0,,,,,,,,-4.6875,-3.90625,-0.78125,-0.78125
336.753684324,459,2082,19900,42.2306522222,-83.6840341667,73.0,50.8400001526,1669.0,83.1372528076,17.0,,,,,,,,-4.6875,-3.90625,-0.78125,-0.78125
336.753684324,459,2082,21000,42.2306522222,-83.6840341667,74.0,50.8400001526,1669.0,83.1372528076,17.0,,,,,,,,-4.6875,-3.90625,-0.78125,-0.78125
336.753684324,459,2082,21100,42.2306522222,-83.6840341667,74.0,50.8400001526,1669.0,41.5686264038,17.0,,,,,,,,-4.6875,-3.90625,-0.78125,-0.78125
336.753684324,459,2082,21500,42.2306522222,-83.6840341667,74.0,50.8400001526,1669.0,41.5686264038,17.0,,,,,,,,1.5625,-3.90625,-2.34375,-0.78125
336.753684324,459,2082,21700,42.2306522222,-83.6840341667,74.0,50.8400001526,1439.0,41.5686264038,17.0,,,,,,,,1.5625,-3.90625,-2.34375,-0.78125
336.753684324,459,2082,21900,42.2306319444,-83.6847786111,74.0,21.6499996185,1439.0,41.5686264038,17.0,,,,,,,,1.5625,-3.90625,-2.34375,-0.78125
336.753684324,459,2082,23100,42.2306319444,-83.6847786111,73.0,21.6499996185,1439.0,41.5686264038,17.0,,,,,,,,1.5625,-3.90625,-2.34375,-0.78125
336.753684324,459,2082,23700,42.2306319444,-83.6847786111,73.0,21.6499996185,1339.0,41.5686264038,17.0,,,,,,,,1.5625,-3.90625,-2.34375,-0.78125
336.753684324,459,2082,23900,42.2306319444,-83.6847786111,73.0,14.1599998474,1339.0,41.5686264038,17.0,,,,,,,,1.5625,-3.90625,-2.34375,-0.78125
336.753684324,459,2082,24100,42.2306319444,-83.6847786111,72.0,14.1599998474,1339.0,41.5686264038,17.0,,,,,,,,1.5625,-3.90625,-2.34375,-0.78125
336.753684324,459,2082,24900,42.2306158333,-83.6855086111,72.0,14.1599998474,1339.0,41.5686264038,17.0,,,,,,,,1.5625,-3.90625,-2.34375,-0.78125
336.753684324,459,2082,25700,42.2306158333,-83.6855086111,72.0,14.1599998474,1814.0,41.5686264038,17.0,,,,,,,,1.5625,-3.90625,-2.34375,-0.78125
336.753684324,459,2082,25900,42.2306158333,-83.6855086111,72.0,41.0599975586,1814.0,41.5686264038,17.0,,,,,,,,1.5625,-3.90625,-2.34375,-0.78125
336.753684324,459,2082,26200,42.2306158333,-83.6855086111,73.0,41.0599975586,1814.0,64.3137283325,17.0,,,,,,,,1.5625,-3.90625,-2.34375,-0.78125
336.753684324,459,2082,26500,42.2306158333,-83.6855086111,73.0,41.0599975586,1814.0,64.3137283325,17.0,,,,,,,,-3.125,-3.90625,0.0,-0.78125
336.753684324,459,2082,27200,42.2306158333,-83.6855086111,75.0,41.0599975586,1814.0,64.3137283325,17.0,,,,,,,,-3.125,-3.90625,0.0,-0.78125
336.753684324,459,2082,27700,42.2306158333,-83.6855086111,75.0,41.0599975586,1458.0,64.3137283325,17.0,,,,,,,,-3.125,-3.90625,0.0,-0.78125
336.753684324,459,2082,27900,42.2305986111,-83.6862552778,75.0,24.6000003815,1458.0,64.3137283325,17.0,,,,,,,,-3.125,-3.90625,0.0,-0.78125
336.753684324,459,2082,28300,42.2305986111,-83.6862552778,77.0,24.6000003815,1458.0,64.3137283325,17.0,,,,,,,,-3.125,-3.90625,0.0,-0.78125
336.753684324,459,2082,29300,42.2305986111,-83.6862552778,78.0,24.6000003815,1458.0,64.3137283325,17.0,,,,,,,,-3.125,-3.90625,0.0,-0.78125
336.753684324,459,2082,29700,42.2305986111,-83.6862552778,78.0,24.6000003815,1430.0,64.3137283325,17.0,,,,,,,,-3.125,-3.90625,0.0,-0.78125
336.753684324,459,2082,29900,42.2305986111,-83.6862552778,78.0,15.8800001144,1430.0,64.3137283325,17.0,,,,,,,,-3.125,-3.90625,0.0,-0.78125
336.753684324,459,2082,30300,42.2305986111,-83.6862552778,79.0,15.8800001144,1430.0,64.3137283325,17.0,,,,,,,,-3.125,-3.90625,0.0,-0.78125
336.753684324,459,2082,30900,42.2305861111,-83.6870241667,79.0,15.8800001144,1430.0,64.3137283325,17.0,,,,,,,,-3.125,-3.90625,0.0,-0.78125
336.753684324,459,2082,31200,42.2305861111,-83.6870241667,79.0,15.8800001144,1430.0,20.392156601,17.0,,,,,,,,-3.125,-3.90625,0.0,-0.78125
336.753684324,459,2082,31400,42.2305861111,-83.6870241667,80.0,15.8800001144,1430.0,20.392156601,17.0,,,,,,,,-3.125,-3.90625,0.0,-0.78125
336.753684324,459,2082,31500,42.2305861111,-83.6870241667,80.0,15.8800001144,1430.0,20.392156601,17.0,,,,,,,,-7.8125,-3.90625,-7.03125,-0.78125
336.753684324,459,2082,31700,42.2305861111,-83.6870241667,80.0,15.8800001144,1355.0,20.392156601,17.0,,,,,,,,-7.8125,-3.90625,-7.03125,-0.78125
336.753684324,459,2082,31900,42.2305861111,-83.6870241667,80.0,5.23000001907,1355.0,20.392156601,17.0,,,,,,,,-7.8125,-3.90625,-7.03125,-0.78125
336.753684324,459,2082,32400,42.2305861111,-83.6870241667,79.0,5.23000001907,1355.0,20.392156601,17.0,,,,,,,,-7.8125,-3.90625,-7.03125,-0.78125
336.753684324,459,2082,33500,42.2305861111,-83.6870241667,81.0,5.23000001907,1355.0,20.392156601,17.0,,,,,,,,-7.8125,-3.90625,-7.03125,-0.78125
336.753684324,459,2082,33700,42.2305861111,-83.6870241667,81.0,5.23000001907,1499.0,20.392156601,17.0,,,,,,,,-7.8125,-3.90625,-7.03125,-0.78125
336.753684324,459,2082,33900,42.2305533333,-83.6878177778,81.0,12.0399999619,1499.0,20.392156601,17.0,,,,,,,,-7.8125,-3.90625,-7.03125,-0.78125
336.753684324,459,2082,35700,42.2305533333,-83.6878177778,81.0,12.0399999619,1431.0,20.392156601,17.0,,,,,,,,-7.8125,-3.90625,-7.03125,-0.78125
336.753684324,459,2082,35900,42.2305533333,-83.6878177778,81.0,10.7299995422,1431.0,20.392156601,17.0,,,,,,,,-7.8125,-3.90625,-7.03125,-0.78125
336.753684324,459,2082,36300,42.2305533333,-83.6878177778,81.0,10.7299995422,1431.0,33.7254905701,17.0,,,,,,,,-7.8125,-3.90625,-7.03125,-0.78125
336.753684324,459,2082,36600,42.2305533333,-83.6878177778,80.0,10.7299995422,1431.0,33.7254905701,17.0,,,,,,,,-3.125,-3.90625,-1.5625,-0.78125
336.753684324,459,2082,37000,42.2305344444,-83.6886133333,80.0,10.7299995422,1431.0,33.7254905701,17.0,,,,,,,,-3.125,-3.90625,-1.5625,-0.78125
336.753684324,459,2082,37700,42.2305344444,-83.6886133333,80.0,10.7299995422,1529.0,33.7254905701,17.0,,,,,,,,-3.125,-3.90625,-1.5625,-0.78125
336.753684324,459,2082,37900,42.2305344444,-83.6886133333,80.0,14.5599994659,1529.0,33.7254905701,17.0,,,,,,,,-3.125,-3.90625,-1.5625,-0.78125
336.753684324,459,2082,39700,42.2305344444,-83.6886133333,79.0,14.5599994659,1504.0,33.7254905701,17.0,,,,,,,,-3.125,-3.90625,-1.5625,-0.78125
336.753684324,459,2082,39900,42.2305133333,-83.6894163889,79.0,31.3199996948,1504.0,33.7254905701,17.0,,,,,,,,-3.125,-3.90625,-1.5625,-0.78125
336.753684324,459,2082,40800,42.2305133333,-83.6894163889,80.0,31.3199996948,1504.0,33.7254905701,17.0,,,,,,,,-3.125,-3.90625,-1.5625,-0.78125
336.753684324,459,2082,41300,42.2305133333,-83.6894163889,80.0,31.3199996948,1504.0,25.882352829,17.0,,,,,,,,-3.125,-3.90625,-1.5625,-0.78125
336.753684324,459,2082,41700,42.2305133333,-83.6894163889,80.0,31.3199996948,1504.0,25.882352829,17.0,,,,,,,,0.78125,-3.90625,1.5625,-0.78125
336.753684324,459,2082,41800,42.2305133333,-83.6894163889,80.0,31.3199996948,1359.0,25.882352829,17.0,,,,,,,,0.78125,-3.90625,1.5625,-0.78125
336.753684324,459,2082,41900,42.2305133333,-83.6894163889,80.0,16.4099998474,1359.0,25.882352829,17.0,,,,,,,,0.78125,-3.90625,1.5625,-0.78125
336.753684324,459,2082,42900,42.2304944444,-83.6902177778,80.0,16.4099998474,1359.0,25.882352829,17.0,,,,,,,,0.78125,-3.90625,1.5625,-0.78125
336.753684324,459,2082,43000,42.2304944444,-83.6902177778,79.0,16.4099998474,1359.0,25.882352829,17.0,,,,,,,,0.78125,-3.90625,1.5625,-0.78125
336.753684324,459,2082,43800,42.2304944444,-83.6902177778,79.0,16.4099998474,1399.0,25.882352829,17.0,,,,,,,,0.78125,-3.90625,1.5625,-0.78125
336.753684324,459,2082,43900,42.2304944444,-83.6902177778,79.0,17.7199993134,1399.0,25.882352829,17.0,,,,,,,,0.78125,-3.90625,1.5625,-0.78125
336.753684324,459,2082,45800,42.2304944444,-83.6902177778,79.0,17.7199993134,1429.0,25.882352829,17.0,,,,,,,,0.78125,-3.90625,1.5625,-0.78125
336.753684324,459,2082,45900,42.2304944444,-83.6902177778,79.0,19.9499988556,1429.0,25.882352829,17.0,,,,,,,,0.78125,-3.90625,1.5625,-0.78125
336.753684324,459,2082,46000,42.2304486111,-83.6910113889,79.0,19.9499988556,1429.0,25.882352829,17.0,,,,,,,,0.78125,-3.90625,1.5625,-0.78125
336.753684324,459,2082,46300,42.2304486111,-83.6910113889,79.0,19.9499988556,1429.0,43.5294113159,17.0,,,,,,,,0.78125,-4.6875,1.5625,-0.78125
336.753684324,459,2082,46400,42.2304486111,-83.6910113889,79.0,19.9499988556,1429.0,43.5294113159,17.0,,,,,,,,0.78125,-4.6875,1.5625,-1.5625
336.753684324,459,2082,46700,42.2304486111,-83.6910113889,79.0,19.9499988556,1429.0,43.5294113159,17.0,,,,,,,,0.0,-4.6875,3.125,-1.5625
336.753684324,459,2082,46800,42.2304486111,-83.6910113889,79.0,19.9499988556,1429.0,43.5294113159,17.0,,,,,,,,0.0,-4.6875,3.125,-1.5625
336.753684324,459,2082,47100,42.2304486111,-83.6910113889,80.0,19.9499988556,1429.0,43.5294113159,17.0,,,,,,,,0.0,-4.6875,3.125,-1.5625
336.753684324,459,2082,47800,42.2304486111,-83.6910113889,80.0,19.9499988556,1334.0,43.5294113159,17.0,,,,,,,,0.0,-4.6875,3.125,-1.5625
336.753684324,459,2082,47900,42.2304486111,-83.6910113889,80.0,16.8999996185,1334.0,43.5294113159,17.0,,,,,,,,0.0,-4.6875,3.125,-1.5625
336.753684324,459,2082,48200,42.2304486111,-83.6910113889,79.0,16.8999996185,1334.0,43.5294113159,17.0,,,,,,,,0.0,-4.6875,3.125,-1.5625
336.753684324,459,2082,49000,42.2303211111,-83.6918008333,79.0,16.8999996185,1334.0,43.5294113159,17.0,,,,,,,,0.0,-4.6875,3.125,-1.5625
336.753684324,459,2082,49800,42.2303211111,-83.6918008333,79.0,16.8999996185,1514.0,43.5294113159,17.0,,,,,,,,0.0,-4.6875,3.125,-1.5625
336.753684324,459,2082,49900,42.2303211111,-83.6918008333,79.0,36.8400001526,1514.0,43.5294113159,17.0,,,,,,,,0.0,-4.6875,3.125,-1.5625
336.753684324,459,2082,50300,42.2303211111,-83.6918008333,80.0,36.8400001526,1514.0,43.5294113159,17.0,,,,,,,,0.0,-4.6875,3.125,-1.5625
336.753684324,459,2082,51300,42.2303211111,-83.6918008333,81.0,36.8400001526,1514.0,43.5294113159,17.0,,,,,,,,0.0,-4.6875,3.125,-1.5625
336.753684324,459,2082,51400,42.2303211111,-83.6918008333,81.0,36.8400001526,1514.0,72.5490188599,17.0,,,,,,,,0.0,-4.6875,3.125,-1.5625
336.753684324,459,2082,51700,42.2303211111,-83.6918008333,81.0,36.8400001526,1514.0,72.5490188599,17.0,,,,,,,,0.0,-4.6875,-3.90625,-1.5625
336.753684324,459,2082,51800,42.2303211111,-83.6918008333,81.0,36.8400001526,1388.0,72.5490188599,17.0,,,,,,,,0.0,-4.6875,-3.90625,-1.5625
336.753684324,459,2082,51900,42.2301508333,-83.6926225,81.0,30.5399990082,1388.0,72.5490188599,17.0,,,,,,,,0.0,-4.6875,-3.90625,-1.5625
336.753684324,459,2082,52300,42.2301508333,-83.6926225,82.0,30.5399990082,1388.0,72.5490188599,17.0,,,,,,,,0.0,-4.6875,-3.90625,-1.5625
336.753684324,459,2082,53800,42.2301508333,-83.6926225,82.0,30.5399990082,1383.0,72.5490188599,17.0,,,,,,,,0.0,-4.6875,-3.90625,-1.5625
336.753684324,459,2082,53900,42.2301508333,-83.6926225,82.0,32.8099975586,1383.0,72.5490188599,17.0,,,,,,,,0.0,-4.6875,-3.90625,-1.5625
336.753684324,459,2082,54900,42.2300377778,-83.6934594444,82.0,32.8099975586,1383.0,72.5490188599,17.0,,,,,,,,0.0,-4.6875,-3.90625,-1.5625
336.753684324,459,2082,55800,42.2300377778,-83.6934594444,82.0,32.8099975586,1393.0,72.5490188599,17.0,,,,,,,,0.0,-4.6875,-3.90625,-1.5625
336.753684324,459,2082,55900,42.2300377778,-83.6934594444,82.0,28.2399997711,1393.0,72.5490188599,17.0,,,,,,,,0.0,-4.6875,-3.90625,-1.5625
336.753684324,459,2082,56400,42.2300377778,-83.6934594444,82.0,28.2399997711,1393.0,56.8627471924,17.0,,,,,,,,0.0,-4.6875,-3.90625,-1.5625
336.753684324,459,2082,56700,42.2300377778,-83.6934594444,82.0,28.2399997711,1393.0,56.8627471924,17.0,,,,,,,,0.0,-4.6875,0.78125,-1.5625
336.753684324,459,2082,57800,42.2300377778,-83.6934594444,82.0,28.2399997711,1456.0,56.8627471924,17.0,,,,,,,,0.0,-4.6875,0.78125,-1.5625
336.753684324,459,2082,57900,42.2300522222,-83.6942902778,82.0,35.9899978638,1456.0,56.8627471924,17.0,,,,,,,,0.0,-4.6875,0.78125,-1.5625
336.753684324,459,2082,59600,42.2300522222,-83.6942902778,80.0,35.9899978638,1456.0,56.8627471924,17.0,,,,,,,,0.0,-4.6875,0.78125,-1.5625
336.753684324,459,2082,59800,42.2300522222,-83.6942902778,80.0,35.9899978638,1342.0,56.8627471924,17.0,,,,,,,,0.0,-4.6875,0.78125,-1.5625
336.753684324,459,2082,59900,42.2300522222,-83.6942902778,80.0,5.63999986649,1342.0,56.8627471924,17.0,,,,,,,,0.0,-4.6875,0.78125,-1.5625
336.753684324,459,2082,60700,42.2300522222,-83.6942902778,79.0,5.63999986649,1342.0,56.8627471924,17.0,,,,,,,,0.0,-4.6875,0.78125,-1.5625
336.753684324,459,2082,61000,42.2301175,-83.6950902778,79.0,5.63999986649,1342.0,56.8627471924,17.0,,,,,,,,0.0,-4.6875,0.78125,-1.5625
336.753684324,459,2082,61500,42.2301175,-83.6950902778,79.0,5.63999986649,1342.0,25.0980396271,17.0,,,,,,,,0.0,-4.6875,0.78125,-1.5625
336.753684324,459,2082,61800,42.2301175,-83.6950902778,79.0,5.63999986649,1292.0,25.0980396271,17.0,,,,,,,,-7.03125,-4.6875,-6.25,-1.5625
336.753684324,459,2082,61900,42.2301175,-83.6950902778,79.0,11.8400001526,1292.0,25.0980396271,17.0,,,,,,,,-7.03125,-4.6875,-6.25,-1.5625
336.753684324,459,2082,62700,42.2301175,-83.6950902778,77.0,11.8400001526,1292.0,25.0980396271,17.0,,,,,,,,-7.03125,-4.6875,-6.25,-1.5625
336.753684324,459,2082,63800,42.2301175,-83.6950902778,76.0,11.8400001526,1242.0,25.0980396271,17.0,,,,,,,,-7.03125,-4.6875,-6.25,-1.5625
336.753684324,459,2082,63900,42.2302075,-83.6958777778,76.0,4.63999986649,1242.0,25.0980396271,17.0,,,,,,,,-7.03125,-4.6875,-6.25,-1.5625
336.753684324,459,2082,65800,42.2302075,-83.6958777778,76.0,4.63999986649,1248.0,25.0980396271,17.0,,,,,,,,-7.03125,-4.6875,-6.25,-1.5625
336.753684324,459,2082,65900,42.2302075,-83.6958777778,74.0,4.94000005722,1248.0,25.0980396271,17.0,,,,,,,,-7.03125,-4.6875,-6.25,-1.5625
336.753684324,459,2082,66500,42.2302075,-83.6958777778,74.0,4.94000005722,1248.0,11.372549057,17.0,,,,,,,,-7.03125,-4.6875,-6.25,-1.5625
336.753684324,459,2082,66800,42.2302075,-83.6958777778,74.0,4.94000005722,1248.0,11.372549057,17.0,,,,,,,,-7.03125,-4.6875,-5.46875,-1.5625
336.753684324,459,2082,66900,42.2302075,-83.6958777778,70.0,4.94000005722,1248.0,11.372549057,17.0,,,,,,,,-7.03125,-4.6875,-5.46875,-1.5625
336.753684324,459,2082,67800,42.2302075,-83.6958777778,70.0,4.94000005722,1115.0,11.372549057,17.0,,,,,,,,-7.03125,-4.6875,-5.46875,-1.5625
336.753684324,459,2082,67900,42.2303052778,-83.6968461111,67.0,4.5,1115.0,11.372549057,17.0,,,,,,,,-7.03125,-4.6875,-5.46875,-1.5625
336.753684324,459,2082,69000,42.2303052778,-83.6968461111,64.0,4.5,1115.0,11.372549057,17.0,,,,,,,,-7.03125,-4.6875,-5.46875,-1.5625
336.753684324,459,2082,69800,42.2303052778,-83.6968461111,64.0,4.5,1336.0,11.372549057,17.0,,,,,,,,-7.03125,-4.6875,-5.46875,-1.5625
336.753684324,459,2082,69900,42.2303366667,-83.6972702778,64.0,5.44999980927,1336.0,11.372549057,17.0,,,,,,,,-7.03125,-4.6875,-5.46875,-1.5625
336.753684324,459,2082,70000,42.2303366667,-83.6972702778,59.0,5.44999980927,1336.0,11.372549057,17.0,,,,,,,,-7.03125,-4.6875,-5.46875,-1.5625
336.753684324,459,2082,71100,42.2303366667,-83.6972702778,53.0,5.44999980927,1336.0,11.372549057,17.0,,,,,,,,-7.03125,-4.6875,-5.46875,-1.5625
336.753684324,459,2082,71500,42.2303366667,-83.6972702778,53.0,5.44999980927,1336.0,10.5882358551,17.0,,,,,,,,-7.03125,-4.6875,-5.46875,-1.5625
336.753684324,459,2082,71800,42.2303366667,-83.6972702778,53.0,5.44999980927,1086.0,10.5882358551,17.0,,,,,,,,-7.03125,-4.6875,-5.46875,-1.5625
336.753684324,459,2082,71900,42.2303366667,-83.6972702778,53.0,4.40000009537,1086.0,10.5882358551,17.0,,,,,,,,34.375,-4.6875,34.375,-1.5625
336.753684324,459,2082,72100,42.2303366667,-83.6972702778,48.0,4.40000009537,1086.0,10.5882358551,17.0,,,,,,,,34.375,-4.6875,34.375,-1.5625
336.753684324,459,2082,73100,42.2303366667,-83.6972702778,44.0,4.40000009537,1086.0,10.5882358551,17.0,,,,,,,,34.375,-4.6875,34.375,-1.5625
336.753684324,459,2082,73800,42.2303366667,-83.6972702778,44.0,4.40000009537,1369.0,10.5882358551,17.0,,,,,,,,34.375,-4.6875,34.375,-1.5625
336.753684324,459,2082,73900,42.2303647222,-83.6979294444,44.0,5.98999977112,1369.0,10.5882358551,17.0,,,,,,,,34.375,-4.6875,34.375,-1.5625
336.753684324,459,2082,74200,42.2303647222,-83.6979294444,42.0,5.98999977112,1369.0,10.5882358551,17.0,,,,,,,,34.375,-4.6875,34.375,-1.5625
336.753684324,459,2082,75300,42.2303647222,-83.6979294444,41.0,5.98999977112,1369.0,10.5882358551,17.0,,,,,,,,34.375,-4.6875,34.375,-1.5625
336.753684324,459,2082,75900,42.2303647222,-83.6979294444,41.0,5.98999977112,1260.0,10.5882358551,17.0,,,,,,,,34.375,-4.6875,34.375,-1.5625
336.753684324,459,2082,76000,42.2303647222,-83.6979294444,41.0,5.88999986649,1260.0,10.5882358551,17.0,,,,,,,,34.375,-4.6875,34.375,-1.5625
336.753684324,459,2082,76300,42.2303647222,-83.6979294444,39.0,5.88999986649,1260.0,10.5882358551,17.0,,,,,,,,34.375,-7.03125,34.375,-1.5625
336.753684324,459,2082,76500,42.2303647222,-83.6979294444,39.0,5.88999986649,1260.0,10.5882358551,17.0,,,,,,,,34.375,-7.03125,34.375,-5.46875
336.753684324,459,2082,76600,42.2303647222,-83.6979294444,39.0,5.88999986649,1260.0,12.9411764145,17.0,,,,,,,,34.375,-7.03125,34.375,-5.46875
336.753684324,459,2082,76800,42.2303647222,-83.6979294444,39.0,5.88999986649,1260.0,12.9411764145,17.0,,,,,,,,34.375,-7.03125,34.375,-5.46875
336.753684324,459,2082,76900,42.2303727778,-83.6983241667,39.0,5.88999986649,1260.0,12.9411764145,17.0,,,,,,,,34.375,-7.03125,34.375,-5.46875
336.753684324,459,2082,77400,42.2303727778,-83.6983241667,36.0,5.88999986649,1260.0,12.9411764145,17.0,,,,,,,,34.375,-7.03125,34.375,-5.46875
336.753684324,459,2082,77900,42.2303727778,-83.6983241667,36.0,5.88999986649,956.0,12.9411764145,17.0,,,,,,,,34.375,-7.03125,34.375,-5.46875
336.753684324,459,2082,78000,42.2303727778,-83.6983241667,36.0,4.28999996185,956.0,12.9411764145,17.0,,,,,,,,34.375,-7.03125,34.375,-5.46875
336.753684324,459,2082,78400,42.2303727778,-83.6983241667,32.0,4.28999996185,956.0,12.9411764145,17.0,,,,,,,,34.375,-7.03125,34.375,-5.46875
336.753684324,459,2082,79500,42.2303727778,-83.6983241667,27.0,4.28999996185,956.0,12.9411764145,17.0,,,,,,,,34.375,-7.03125,34.375,-5.46875
336.753684324,459,2082,79900,42.2303811111,-83.6986341667,27.0,4.28999996185,797.0,12.9411764145,17.0,,,,,,,,34.375,-7.03125,34.375,-5.46875
336.753684324,459,2082,80000,42.2303811111,-83.6986341667,27.0,5.55999994278,797.0,12.9411764145,17.0,,,,,,,,34.375,-7.03125,34.375,-5.46875
336.753684324,459,2082,80500,42.2303811111,-83.6986341667,21.0,5.55999994278,797.0,12.9411764145,17.0,,,,,,,,34.375,-7.03125,34.375,-5.46875
336.753684324,459,2082,81500,42.2303811111,-83.6986341667,16.0,5.55999994278,797.0,12.9411764145,17.0,,,,,,,,34.375,-7.03125,34.375,-5.46875
336.753684324,459,2082,81600,42.2303811111,-83.6986341667,16.0,5.55999994278,797.0,16.4705886841,17.0,,,,,,,,34.375,-7.03125,34.375,-5.46875
336.753684324,459,2082,81900,42.2303811111,-83.6986341667,16.0,5.55999994278,1043.0,16.4705886841,17.0,,,,,,,,1.5625,-7.03125,0.78125,-5.46875
336.753684324,459,2082,82000,42.2303811111,-83.6986341667,16.0,5.42000007629,1043.0,16.4705886841,17.0,,,,,,,,1.5625,-7.03125,0.78125,-5.46875
336.753684324,459,2082,82600,42.2303811111,-83.6986341667,11.0,5.42000007629,1043.0,16.4705886841,17.0,,,,,,,,1.5625,-7.03125,0.78125,-5.46875
336.753684324,459,2082,83000,42.2303933333,-83.6987627778,11.0,5.42000007629,1043.0,16.4705886841,17.0,,,,,,,,1.5625,-7.03125,0.78125,-5.46875
336.753684324,459,2082,83600,42.2303933333,-83.6987627778,2.0,5.42000007629,1043.0,16.4705886841,17.0,,,,,,,,1.5625,-7.03125,0.78125,-5.46875
336.753684324,459,2082,83900,42.2303933333,-83.6987627778,2.0,5.42000007629,715.0,16.4705886841,17.0,,,,,,,,1.5625,-7.03125,0.78125,-5.46875
336.753684324,459,2082,84400,42.2303933333,-83.6987627778,0.0,5.42000007629,703.0,16.4705886841,17.0,,,,,,,,1.5625,-7.03125,0.78125,-5.46875
336.753684324,459,2082,84500,42.2303933333,-83.6987627778,0.0,5.5,703.0,16.4705886841,17.0,,,,,,,,1.5625,-7.03125,0.78125,-5.46875
336.753684324,459,2082,84600,42.2303933333,-83.6987627778,0.0,5.5,703.0,21.9607849121,17.0,,,,,,,,1.5625,-7.03125,0.78125,-5.46875
336.753684324,459,2082,84800,42.2303933333,-83.6987627778,0.0,5.5,703.0,21.9607849121,16.0,,,,,,,,1.5625,-7.03125,0.78125,-5.46875
336.753684324,459,2082,84900,42.2303933333,-83.6987627778,0.0,5.5,703.0,21.9607849121,16.0,,,,,,,,2.34375,-7.03125,0.78125,-5.46875
336.753684324,459,2082,85000,42.2303933333,-83.6987627778,0.0,5.5,703.0,21.9607849121,16.0,,,,,,,,2.34375,-7.03125,2.34375,-5.46875
336.753684324,459,2082,85100,42.2303933333,-83.6987627778,0.0,5.5,703.0,21.9607849121,16.0,,,,,,,,2.34375,-5.46875,2.34375,-3.90625
336.753684324,459,2082,86400,42.2303933333,-83.6987627778,0.0,5.5,721.0,21.9607849121,16.0,,,,,,,,2.34375,-5.46875,2.34375,-3.90625
336.753684324,459,2082,88400,42.2303933333,-83.6987627778,0.0,5.5,716.0,21.9607849121,16.0,,,,,,,,2.34375,-5.46875,2.34375,-3.90625
336.753684324,459,2082,89500,42.2303933333,-83.6987627778,0.0,5.46999979019,716.0,21.9607849121,16.0,,,,,,,,2.34375,-5.46875,2.34375,-3.90625
336.753684324,459,2082,89600,42.2303933333,-83.6987627778,0.0,5.46999979019,716.0,21.5686283112,16.0,,,,,,,,2.34375,-5.46875,2.34375,-3.90625
336.753684324,459,2082,90400,42.2303933333,-83.6987627778,0.0,5.46999979019,721.0,21.5686283112,16.0,,,,,,,,2.34375,-5.46875,2.34375,-3.90625
336.753684324,459,2082,92400,42.2303933333,-83.6987627778,0.0,5.46999979019,718.0,21.5686283112,16.0,,,,,,,,2.34375,-5.46875,2.34375,-3.90625
336.753684324,459,2082,94400,42.2303933333,-83.6987627778,0.0,5.46999979019,723.0,21.5686283112,16.0,,,,,,,,2.34375,-5.46875,2.34375,-3.90625
336.753684324,459,2082,94600,42.2303933333,-83.6987627778,0.0,5.51999998093,723.0,21.5686283112,16.0,,,,,,,,2.34375,-5.46875,2.34375,-3.90625
336.753684324,459,2082,95000,42.2303933333,-83.6987627778,0.0,5.51999998093,723.0,21.5686283112,16.0,,,,,,,,-0.78125,-5.46875,2.34375,-3.90625
336.753684324,459,2082,95100,42.2303933333,-83.6987627778,0.0,5.51999998093,723.0,21.5686283112,16.0,,,,,,,,-0.78125,-5.46875,3.125,-3.90625
336.753684324,459,2082,98400,42.2303933333,-83.6987627778,0.0,5.51999998093,705.0,21.5686283112,16.0,,,,,,,,-0.78125,-5.46875,3.125,-3.90625
336.753684324,459,2082,99600,42.2303933333,-83.6987627778,0.0,5.46000003815,705.0,21.5686283112,16.0,,,,,,,,-0.78125,-5.46875,3.125,-3.90625
336.753684324,459,2082,99700,42.2303933333,-83.6987627778,0.0,5.46000003815,705.0,21.1764717102,16.0,,,,,,,,-0.78125,-5.46875,3.125,-3.90625
336.753684324,459,2082,100400,42.2303933333,-83.6987627778,0.0,5.46000003815,722.0,21.1764717102,16.0,,,,,,,,-0.78125,-5.46875,3.125,-3.90625
336.753684324,459,2082,102400,42.2303933333,-83.6987627778,0.0,5.46000003815,716.0,21.1764717102,16.0,,,,,,,,-0.78125,-5.46875,3.125,-3.90625
336.753684324,459,2082,102800,42.2304016667,-83.6988158333,0.0,5.46000003815,716.0,21.1764717102,16.0,,,,,,,,-0.78125,-5.46875,3.125,-3.90625
336.753684324,459,2082,103600,42.2304016667,-83.6988158333,8.0,5.46000003815,1795.0,21.1764717102,16.0,,,,,,,,-0.78125,-5.46875,3.125,-3.90625
336.753684324,459,2082,103700,42.2304016667,-83.6988158333,8.0,27.0100002289,1795.0,21.1764717102,16.0,,,,,,,,-0.78125,-5.46875,3.125,-3.90625
336.753684324,459,2082,103800,42.2304016667,-83.6988158333,8.0,27.0100002289,1795.0,41.5686264038,16.0,,,,,,,,-0.78125,-5.46875,3.125,-3.90625
336.753684324,459,2082,104100,42.2304016667,-83.6988158333,8.0,27.0100002289,1795.0,41.5686264038,16.0,,,,,,,,0.0,-5.46875,3.125,-3.90625
336.753684324,459,2082,104200,42.2304016667,-83.6988158333,8.0,27.0100002289,1795.0,41.5686264038,16.0,,,,,,,,0.0,-5.46875,5.46875,-3.90625
336.753684324,459,2082,104300,42.2304016667,-83.6988158333,8.0,27.0100002289,1795.0,41.5686264038,16.0,,,,,,,,0.0,-4.6875,5.46875,-2.34375
336.753684324,459,2082,105600,42.2304016667,-83.6988158333,17.0,27.0100002289,2396.0,41.5686264038,16.0,,,,,,,,0.0,-4.6875,5.46875,-2.34375
336.753684324,459,2082,105700,42.2304016667,-83.6988158333,17.0,47.7099990845,2396.0,41.5686264038,16.0,,,,,,,,0.0,-4.6875,5.46875,-2.34375
336.753684324,459,2082,105900,42.2304116667,-83.6989402778,17.0,47.7099990845,2396.0,41.5686264038,16.0,,,,,,,,0.0,-4.6875,5.46875,-2.34375
336.753684324,459,2082,106700,42.2304116667,-83.6989402778,26.0,47.7099990845,2396.0,41.5686264038,16.0,,,,,,,,0.0,-4.6875,5.46875,-2.34375
336.753684324,459,2082,106900,42.2304116667,-83.6989402778,26.0,47.7099990845,2396.0,41.5686264038,16.0,,,,,,,,0.0,-4.6875,5.46875,-2.34375
336.753684324,459,2082,107700,42.2304116667,-83.6989402778,32.0,47.7099990845,2422.0,41.5686264038,16.0,,,,,,,,0.0,-4.6875,5.46875,-2.34375
336.753684324,459,2082,107800,42.2304116667,-83.6989402778,32.0,40.0900001526,2422.0,41.5686264038,16.0,,,,,,,,0.0,-4.6875,5.46875,-2.34375
336.753684324,459,2082,108700,42.2304116667,-83.6989402778,36.0,40.0900001526,2422.0,41.5686264038,16.0,,,,,,,,0.0,-4.6875,5.46875,-2.34375
336.753684324,459,2082,108900,42.2304116667,-83.6989402778,36.0,40.0900001526,2422.0,43.9215698242,16.0,,,,,,,,0.0,-4.6875,5.46875,-2.34375
336.753684324,459,2082,109000,42.2303952778,-83.6992897222,36.0,40.0900001526,2422.0,43.9215698242,16.0,,,,,,,,0.0,-4.6875,5.46875,-2.34375
336.753684324,459,2082,109700,42.2303952778,-83.6992897222,36.0,40.0900001526,1993.0,43.9215698242,16.0,,,,,,,,0.0,-4.6875,5.46875,-2.34375
336.753684324,459,2082,109800,42.2303952778,-83.6992897222,39.0,21.9300003052,1993.0,43.9215698242,16.0,,,,,,,,0.0,-4.6875,5.46875,-2.34375
336.753684324,459,2082,110800,42.2303952778,-83.6992897222,41.0,21.9300003052,1993.0,43.9215698242,16.0,,,,,,,,0.0,-4.6875,5.46875,-2.34375
336.753684324,459,2082,111700,42.2303952778,-83.6992897222,41.0,21.9300003052,1533.0,43.9215698242,16.0,,,,,,,,0.0,-4.6875,5.46875,-2.34375
336.753684324,459,2082,111900,42.2303811111,-83.699725,43.0,10.2699995041,1533.0,43.9215698242,16.0,,,,,,,,0.0,-4.6875,5.46875,-2.34375
336.753684324,459,2082,113700,42.2303811111,-83.699725,43.0,10.2699995041,1743.0,43.9215698242,16.0,,,,,,,,0.0,-4.6875,5.46875,-2.34375
336.753684324,459,2082,113900,42.2303811111,-83.699725,45.0,32.4899978638,1743.0,50.9803924561,16.0,,,,,,,,0.0,-4.6875,5.46875,-2.34375
336.753684324,459,2082,114300,42.2303811111,-83.699725,45.0,32.4899978638,1743.0,50.9803924561,16.0,,,,,,,,0.0,-4.6875,-3.90625,-2.34375
336.753684324,459,2082,115000,42.2303627778,-83.7001991667,48.0,32.4899978638,1743.0,50.9803924561,16.0,,,,,,,,0.0,-4.6875,-3.90625,-2.34375
336.753684324,459,2082,115700,42.2303627778,-83.7001991667,48.0,32.4899978638,1670.0,50.9803924561,16.0,,,,,,,,0.0,-4.6875,-3.90625,-2.34375
336.753684324,459,2082,115900,42.2303627778,-83.7001991667,48.0,10.1300001144,1670.0,50.9803924561,16.0,,,,,,,,0.0,-4.6875,-3.90625,-2.34375
336.753684324,459,2082,116000,42.2303627778,-83.7001991667,50.0,10.1300001144,1670.0,50.9803924561,16.0,,,,,,,,0.0,-4.6875,-3.90625,-2.34375
336.753684324,459,2082,117700,42.2303627778,-83.7001991667,50.0,10.1300001144,1279.0,50.9803924561,16.0,,,,,,,,0.0,-4.6875,-3.90625,-2.34375
336.753684324,459,2082,117900,42.2303488889,-83.7007144444,50.0,13.7100000381,1279.0,50.9803924561,16.0,,,,,,,,0.0,-4.6875,-3.90625,-2.34375
336.753684324,459,2082,118100,42.2303488889,-83.7007144444,51.0,13.7100000381,1279.0,50.9803924561,16.0,,,,,,,,0.0,-4.6875,-3.90625,-2.34375
336.753684324,459,2082,118900,42.2303488889,-83.7007144444,51.0,13.7100000381,1279.0,6.27450990677,16.0,,,,,,,,0.0,-4.6875,-3.90625,-2.34375
336.753684324,459,2082,119100,42.2303488889,-83.7007144444,51.0,13.7100000381,1279.0,6.27450990677,16.0,,,,,,,,1.5625,-4.6875,-3.90625,-2.34375
336.753684324,459,2082,119300,42.2303488889,-83.7007144444,51.0,13.7100000381,1279.0,6.27450990677,16.0,,,,,,,,1.5625,-4.6875,-5.46875,-2.34375
336.753684324,459,2082,119700,42.2303488889,-83.7007144444,51.0,13.7100000381,1117.0,6.27450990677,16.0,,,,,,,,1.5625,-4.6875,-5.46875,-2.34375
336.753684324,459,2082,119900,42.2303488889,-83.7007144444,51.0,4.7999997139,1117.0,6.27450990677,16.0,,,,,,,,1.5625,-4.6875,-5.46875,-2.34375
336.753684324,459,2082,120200,42.2303488889,-83.7007144444,52.0,4.7999997139,1117.0,6.27450990677,16.0,,,,,,,,1.5625,-4.6875,-5.46875,-2.34375
336.753684324,459,2082,121700,42.2303488889,-83.7007144444,52.0,4.7999997139,1171.0,6.27450990677,16.0,,,,,,,,1.5625,-4.6875,-5.46875,-2.34375
336.753684324,459,2082,121900,42.2303194444,-83.7014219444,52.0,4.21999979019,1171.0,6.27450990677,16.0,,,,,,,,1.5625,-4.6875,-5.46875,-2.34375
336.753684324,459,2082,122300,42.2303194444,-83.7014219444,51.0,4.21999979019,1171.0,6.27450990677,16.0,,,,,,,,1.5625,-4.6875,-5.46875,-2.34375
336.753684324,459,2082,123300,42.2303194444,-83.7014219444,52.0,4.21999979019,1171.0,6.27450990677,16.0,,,,,,,,1.5625,-4.6875,-5.46875,-2.34375
336.753684324,459,2082,123700,42.2303194444,-83.7014219444,52.0,4.21999979019,1495.0,6.27450990677,16.0,,,,,,,,1.5625,-4.6875,-5.46875,-2.34375
336.753684324,459,2082,123900,42.2303194444,-83.7014219444,52.0,18.3699989319,1495.0,48.235294342,16.0,,,,,,,,1.5625,-4.6875,-5.46875,-2.34375
336.753684324,459,2082,124200,42.2303194444,-83.7014219444,52.0,18.3699989319,1495.0,48.235294342,16.0,,,,,,,,-0.78125,-4.6875,-5.46875,-2.34375
336.753684324,459,2082,124300,42.2303194444,-83.7014219444,52.0,18.3699989319,1495.0,48.235294342,16.0,,,,,,,,-0.78125,-4.6875,0.0,-2.34375
336.753684324,459,2082,124900,42.2302911111,-83.7019666667,52.0,18.3699989319,1495.0,48.235294342,16.0,,,,,,,,-0.78125,-4.6875,0.0,-2.34375
336.753684324,459,2082,125400,42.2302911111,-83.7019666667,55.0,18.3699989319,1495.0,48.235294342,16.0,,,,,,,,-0.78125,-4.6875,0.0,-2.34375
336.753684324,459,2082,125700,42.2302911111,-83.7019666667,55.0,18.3699989319,1451.0,48.235294342,16.0,,,,,,,,-0.78125,-4.6875,0.0,-2.34375
336.753684324,459,2082,125900,42.2302911111,-83.7019666667,55.0,29.6499996185,1451.0,48.235294342,16.0,,,,,,,,-0.78125,-4.6875,0.0,-2.34375
336.753684324,459,2082,126400,42.2302911111,-83.7019666667,57.0,29.6499996185,1451.0,48.235294342,16.0,,,,,,,,-0.78125,-4.6875,0.0,-2.34375
336.753684324,459,2082,127500,42.2302911111,-83.7019666667,59.0,29.6499996185,1451.0,48.235294342,16.0,,,,,,,,-0.78125,-4.6875,0.0,-2.34375
336.753684324,459,2082,127700,42.2302911111,-83.7019666667,59.0,29.6499996185,1340.0,48.235294342,16.0,,,,,,,,-0.78125,-4.6875,0.0,-2.34375
336.753684324,459,2082,127900,42.23026,-83.7025652778,59.0,5.17999982834,1340.0,48.235294342,16.0,,,,,,,,-0.78125,-4.6875,0.0,-2.34375
336.753684324,459,2082,129000,42.23026,-83.7025652778,59.0,5.17999982834,1340.0,11.372549057,16.0,,,,,,,,-0.78125,-4.6875,0.0,-2.34375
336.753684324,459,2082,129200,42.23026,-83.7025652778,59.0,5.17999982834,1340.0,11.372549057,16.0,,,,,,,,-3.90625,-4.6875,0.0,-2.34375
336.753684324,459,2082,129400,42.23026,-83.7025652778,59.0,5.17999982834,1340.0,11.372549057,16.0,,,,,,,,-3.90625,-4.6875,-3.125,-2.34375
336.753684324,459,2082,129700,42.23026,-83.7025652778,59.0,5.17999982834,1333.0,11.372549057,16.0,,,,,,,,-3.90625,-4.6875,-3.125,-2.34375
336.753684324,459,2082,129900,42.2302469444,-83.7029644444,59.0,5.25,1333.0,11.372549057,16.0,,,,,,,,-3.90625,-4.6875,-3.125,-2.34375
336.753684324,459,2082,130600,42.2302469444,-83.7029644444,58.0,5.25,1333.0,11.372549057,16.0,,,,,,,,-3.90625,-4.6875,-3.125,-2.34375
336.753684324,459,2082,131700,42.2302469444,-83.7029644444,58.0,5.25,1288.0,11.372549057,16.0,,,,,,,,-3.90625,-4.6875,-3.125,-2.34375
336.753684324,459,2082,131900,42.2302469444,-83.7029644444,58.0,5.23000001907,1288.0,11.372549057,16.0,,,,,,,,-3.90625,-4.6875,-3.125,-2.34375
336.753684324,459,2082,132700,42.2302469444,-83.7029644444,57.0,5.23000001907,1288.0,11.372549057,16.0,,,,,,,,-3.90625,-4.6875,-3.125,-2.34375
336.753684324,459,2082,133700,42.2302469444,-83.7029644444,57.0,5.23000001907,1278.0,11.372549057,16.0,,,,,,,,-3.90625,-4.6875,-3.125,-2.34375
336.753684324,459,2082,133900,42.2302094444,-83.7037416667,57.0,5.21000003815,1278.0,11.372549057,16.0,,,,,,,,-3.90625,-4.6875,-3.125,-2.34375
336.753684324,459,2082,134300,42.2302094444,-83.7037416667,57.0,5.21000003815,1278.0,11.372549057,16.0,,,,,,,,0.0,-4.6875,-3.125,-2.34375
336.753684324,459,2082,134400,42.2302094444,-83.7037416667,57.0,5.21000003815,1278.0,11.372549057,16.0,,,,,,,,0.0,-4.6875,0.0,-2.34375
336.753684324,459,2082,134700,42.2302094444,-83.7037416667,56.0,5.21000003815,1278.0,11.372549057,16.0,,,,,,,,0.0,-4.6875,0.0,-2.34375
336.753684324,459,2082,135700,42.2302094444,-83.7037416667,56.0,5.21000003815,1234.0,11.372549057,16.0,,,,,,,,0.0,-4.6875,0.0,-2.34375
336.753684324,459,2082,135800,42.2302094444,-83.7037416667,55.0,5.21000003815,1234.0,11.372549057,16.0,,,,,,,,0.0,-4.6875,0.0,-2.34375
336.753684324,459,2082,135900,42.2302052778,-83.7041069444,55.0,5.0,1234.0,11.372549057,16.0,,,,,,,,0.0,-4.6875,0.0,-2.34375
336.753684324,459,2082,136800,42.2302052778,-83.7041069444,54.0,5.0,1234.0,11.372549057,16.0,,,,,,,,0.0,-4.6875,0.0,-2.34375
336.753684324,459,2082,137000,42.2302052778,-83.7041069444,54.0,5.0,1234.0,11.372549057,16.0,,,,,,,,0.0,-4.6875,0.0,-2.34375
336.753684324,459,2082,137700,42.2302052778,-83.7041069444,54.0,5.0,1174.0,11.372549057,16.0,,,,,,,,0.0,-4.6875,0.0,-2.34375
336.753684324,459,2082,137900,42.2302052778,-83.7041069444,52.0,4.73000001907,1174.0,11.372549057,16.0,,,,,,,,0.0,-4.6875,0.0,-2.34375
336.753684324,459,2082,138900,42.2302052778,-83.7041069444,51.0,4.73000001907,1174.0,11.372549057,16.0,,,,,,,,0.0,-4.6875,0.0,-2.34375
336.753684324,459,2082,139100,42.2302052778,-83.7041069444,51.0,4.73000001907,1174.0,22.3529415131,16.0,,,,,,,,0.0,-4.6875,0.0,-2.34375
336.753684324,459,2082,139700,42.2302052778,-83.7041069444,51.0,4.73000001907,1218.0,22.3529415131,16.0,,,,,,,,0.0,-4.6875,0.0,-2.34375
336.753684324,459,2082,139900,42.2301991667,-83.7048038889,51.0,9.89999961853,1218.0,22.3529415131,16.0,,,,,,,,0.0,-4.6875,0.0,-2.34375
336.753684324,459,2082,141000,42.2301991667,-83.7048038889,52.0,9.89999961853,1218.0,22.3529415131,16.0,,,,,,,,0.0,-4.6875,0.0,-2.34375
336.753684324,459,2082,141700,42.2301991667,-83.7048038889,52.0,9.89999961853,1431.0,22.3529415131,16.0,,,,,,,,0.0,-4.6875,0.0,-2.34375
336.753684324,459,2082,141900,42.2301991667,-83.7048038889,52.0,20.5699996948,1431.0,22.3529415131,16.0,,,,,,,,0.0,-4.6875,0.0,-2.34375
336.753684324,459,2082,142100,42.2301991667,-83.7048038889,53.0,20.5699996948,1431.0,22.3529415131,16.0,,,,,,,,0.0,-4.6875,0.0,-2.34375
336.753684324,459,2082,142900,42.2301866667,-83.70534,53.0,20.5699996948,1431.0,22.3529415131,16.0,,,,,,,,0.0,-4.6875,0.0,-2.34375
336.753684324,459,2082,143200,42.2301866667,-83.70534,55.0,20.5699996948,1431.0,22.3529415131,16.0,,,,,,,,0.0,-4.6875,0.0,-2.34375
336.753684324,459,2082,143800,42.2301866667,-83.70534,55.0,20.5699996948,1459.0,22.3529415131,16.0,,,,,,,,0.0,-4.6875,0.0,-2.34375
336.753684324,459,2082,143900,42.2301866667,-83.70534,55.0,24.6299991608,1459.0,22.3529415131,16.0,,,,,,,,0.0,-4.6875,0.0,-2.34375
336.753684324,459,2082,144100,42.2301866667,-83.70534,55.0,24.6299991608,1459.0,46.2745094299,16.0,,,,,,,,0.0,-4.6875,0.0,-2.34375
336.753684324,459,2082,144200,42.2301866667,-83.70534,56.0,24.6299991608,1459.0,46.2745094299,16.0,,,,,,,,0.0,-4.6875,0.0,-2.34375
336.753684324,459,2082,144300,42.2301866667,-83.70534,56.0,24.6299991608,1459.0,46.2745094299,16.0,,,,,,,,21.875,-4.6875,0.0,-2.34375
336.753684324,459,2082,144500,42.2301866667,-83.70534,56.0,24.6299991608,1459.0,46.2745094299,16.0,,,,,,,,21.875,-4.6875,21.875,-2.34375
336.753684324,459,2082,145200,42.2301866667,-83.70534,58.0,24.6299991608,1459.0,46.2745094299,16.0,,,,,,,,21.875,-4.6875,21.875,-2.34375
336.753684324,459,2082,145800,42.2301866667,-83.70534,58.0,24.6299991608,1429.0,46.2745094299,16.0,,,,,,,,21.875,-4.6875,21.875,-2.34375
336.753684324,459,2082,145900,42.2301866667,-83.70534,58.0,15.7699995041,1429.0,46.2745094299,16.0,,,,,,,,21.875,-4.6875,21.875,-2.34375
336.753684324,459,2082,146000,42.2301761111,-83.7059180556,58.0,15.7699995041,1429.0,46.2745094299,16.0,,,,,,,,21.875,-4.6875,21.875,-2.34375
336.753684324,459,2082,146300,42.2301761111,-83.7059180556,59.0,15.7699995041,1429.0,46.2745094299,16.0,,,,,,,,21.875,-4.6875,21.875,-2.34375
336.753684324,459,2082,147300,42.2301761111,-83.7059180556,60.0,15.7699995041,1429.0,46.2745094299,16.0,,,,,,,,21.875,-4.6875,21.875,-2.34375
336.753684324,459,2082,147800,42.2301761111,-83.7059180556,60.0,15.7699995041,1468.0,46.2745094299,16.0,,,,,,,,21.875,-4.6875,21.875,-2.34375
336.753684324,459,2082,147900,42.2301761111,-83.7059180556,60.0,9.19999980927,1468.0,46.2745094299,16.0,,,,,,,,21.875,-4.6875,21.875,-2.34375
336.753684324,459,2082,148900,42.2301719444,-83.7065183333,60.0,9.19999980927,1468.0,46.2745094299,16.0,,,,,,,,21.875,-4.6875,21.875,-2.34375
336.753684324,459,2082,149100,42.2301719444,-83.7065183333,60.0,9.19999980927,1468.0,25.882352829,16.0,,,,,,,,21.875,-4.6875,21.875,-2.34375
336.753684324,459,2082,149400,42.2301719444,-83.7065183333,60.0,9.19999980927,1468.0,25.882352829,16.0,,,,,,,,-3.125,-4.6875,21.875,-2.34375
336.753684324,459,2082,149500,42.2301719444,-83.7065183333,60.0,9.19999980927,1468.0,25.882352829,16.0,,,,,,,,-3.125,-4.6875,3.125,-2.34375
336.753684324,459,2082,149800,42.2301719444,-83.7065183333,60.0,9.19999980927,1470.0,25.882352829,16.0,,,,,,,,-3.125,-4.6875,3.125,-2.34375
336.753684324,459,2082,149900,42.2301719444,-83.7065183333,60.0,9.80999946594,1470.0,25.882352829,16.0,,,,,,,,-3.125,-4.6875,3.125,-2.34375
336.753684324,459,2082,151800,42.2301719444,-83.7065183333,60.0,9.80999946594,1494.0,25.882352829,16.0,,,,,,,,-3.125,-4.6875,3.125,-2.34375
336.753684324,459,2082,151900,42.2301575,-83.7071297222,60.0,21.3699989319,1494.0,25.882352829,16.0,,,,,,,,-3.125,-4.6875,3.125,-2.34375
336.753684324,459,2082,152500,42.2301575,-83.7071297222,61.0,21.3699989319,1494.0,25.882352829,16.0,,,,,,,,-3.125,-4.6875,3.125,-2.34375
336.753684324,459,2082,153500,42.2301575,-83.7071297222,62.0,21.3699989319,1494.0,25.882352829,16.0,,,,,,,,-3.125,-4.6875,3.125,-2.34375
336.753684324,459,2082,153800,42.2301575,-83.7071297222,62.0,21.3699989319,1421.0,25.882352829,16.0,,,,,,,,-3.125,-4.6875,3.125,-2.34375
336.753684324,459,2082,153900,42.2301575,-83.7071297222,62.0,7.00999975204,1421.0,25.882352829,16.0,,,,,,,,-3.125,-4.6875,3.125,-2.34375
336.753684324,459,2082,154200,42.2301575,-83.7071297222,62.0,7.00999975204,1421.0,16.4705886841,16.0,,,,,,,,-3.125,-4.6875,3.125,-2.34375
336.753684324,459,2082,154400,42.2301575,-83.7071297222,62.0,7.00999975204,1421.0,16.4705886841,16.0,,,,,,,,3.125,-4.6875,3.125,-2.34375
336.753684324,459,2082,154600,42.2301575,-83.7071297222,63.0,7.00999975204,1421.0,16.4705886841,16.0,,,,,,,,3.125,-4.6875,0.0,-2.34375
336.753684324,459,2082,154900,42.2301386111,-83.7077591667,63.0,7.00999975204,1421.0,16.4705886841,16.0,,,,,,,,3.125,-4.6875,0.0,-2.34375
336.753684324,459,2082,155600,42.2301386111,-83.7077591667,62.0,7.00999975204,1421.0,16.4705886841,16.0,,,,,,,,3.125,-4.6875,0.0,-2.34375
336.753684324,459,2082,155800,42.2301386111,-83.7077591667,62.0,7.00999975204,1454.0,16.4705886841,16.0,,,,,,,,3.125,-4.6875,0.0,-2.34375
336.753684324,459,2082,155900,42.2301386111,-83.7077591667,62.0,9.71000003815,1454.0,16.4705886841,16.0,,,,,,,,3.125,-4.6875,0.0,-2.34375
336.753684324,459,2082,157700,42.2301386111,-83.7077591667,61.0,9.71000003815,1454.0,16.4705886841,16.0,,,,,,,,3.125,-4.6875,0.0,-2.34375
336.753684324,459,2082,157800,42.2301386111,-83.7077591667,61.0,9.71000003815,1581.0,16.4705886841,16.0,,,,,,,,3.125,-4.6875,0.0,-2.34375
336.753684324,459,2082,157900,42.2301386111,-83.7077591667,61.0,17.5699996948,1581.0,16.4705886841,16.0,,,,,,,,3.125,-4.6875,0.0,-2.34375
336.753684324,459,2082,158000,42.2301191667,-83.7083858333,61.0,17.5699996948,1581.0,16.4705886841,16.0,,,,,,,,3.125,-4.6875,0.0,-2.34375
336.753684324,459,2082,158700,42.2301191667,-83.7083858333,62.0,17.5699996948,1581.0,16.4705886841,16.0,,,,,,,,3.125,-4.6875,0.0,-2.34375
336.753684324,459,2082,159200,42.2301191667,-83.7083858333,62.0,17.5699996948,1581.0,48.6274528503,16.0,,,,,,,,3.125,-4.6875,0.0,-2.34375
336.753684324,459,2082,159500,42.2301191667,-83.7083858333,62.0,17.5699996948,1581.0,48.6274528503,16.0,,,,,,,,-3.90625,-4.6875,0.0,-2.34375
336.753684324,459,2082,159600,42.2301191667,-83.7083858333,62.0,17.5699996948,1581.0,48.6274528503,16.0,,,,,,,,-3.90625,-4.6875,3.125,-2.34375
336.753684324,459,2082,159800,42.2301191667,-83.7083858333,63.0,17.5699996948,1612.0,48.6274528503,16.0,,,,,,,,-3.90625,-4.6875,3.125,-2.34375
336.753684324,459,2082,159900,42.2301191667,-83.7083858333,63.0,18.3500003815,1612.0,48.6274528503,16.0,,,,,,,,-3.90625,-4.6875,3.125,-2.34375
336.753684324,459,2082,160900,42.230095,-83.7090236111,63.0,18.3500003815,1612.0,48.6274528503,16.0,,,,,,,,-3.90625,-4.6875,3.125,-2.34375
336.753684324,459,2082,161800,42.230095,-83.7090236111,63.0,18.3500003815,1476.0,48.6274528503,16.0,,,,,,,,-3.90625,-4.6875,3.125,-2.34375
336.753684324,459,2082,161900,42.230095,-83.7090236111,62.0,12.8400001526,1476.0,48.6274528503,16.0,,,,,,,,-3.90625,-4.6875,3.125,-2.34375
336.753684324,459,2082,163800,42.230095,-83.7090236111,62.0,12.8400001526,1433.0,48.6274528503,16.0,,,,,,,,-3.90625,-4.6875,3.125,-2.34375
336.753684324,459,2082,163900,42.2300766667,-83.7096538889,62.0,8.06999969482,1433.0,48.6274528503,16.0,,,,,,,,-3.90625,-4.6875,3.125,-2.34375
336.753684324,459,2082,164300,42.2300766667,-83.7096538889,62.0,8.06999969482,1433.0,25.0980396271,16.0,,,,,,,,-3.90625,-9.375,3.125,-5.46875
336.753684324,459,2082,164500,42.2300766667,-83.7096538889,62.0,8.06999969482,1433.0,25.0980396271,16.0,,,,,,,,-5.46875,-9.375,3.125,-5.46875
336.753684324,459,2082,164700,42.2300766667,-83.7096538889,62.0,8.06999969482,1433.0,25.0980396271,16.0,,,,,,,,-5.46875,-9.375,2.34375,-5.46875
336.753684324,459,2082,165800,42.2300766667,-83.7096538889,62.0,8.06999969482,1642.0,25.0980396271,16.0,,,,,,,,-5.46875,-9.375,2.34375,-5.46875
336.753684324,459,2082,165900,42.2300766667,-83.7096538889,62.0,18.75,1642.0,25.0980396271,16.0,,,,,,,,-5.46875,-9.375,2.34375,-5.46875
336.753684324,459,2082,166900,42.2300566667,-83.7102811111,62.0,18.75,1642.0,25.0980396271,16.0,,,,,,,,-5.46875,-9.375,2.34375,-5.46875
336.753684324,459,2082,167000,42.2300566667,-83.7102811111,62.0,18.75,1642.0,25.0980396271,16.0,,,,,,,,-5.46875,-9.375,2.34375,-5.46875
336.753684324,459,2082,167800,42.2300566667,-83.7102811111,62.0,18.75,1500.0,25.0980396271,16.0,,,,,,,,-5.46875,-9.375,2.34375,-5.46875
336.753684324,459,2082,167900,42.2300566667,-83.7102811111,62.0,26.3699989319,1500.0,25.0980396271,16.0,,,,,,,,-5.46875,-9.375,2.34375,-5.46875
336.753684324,459,2082,168100,42.2300566667,-83.7102811111,63.0,26.3699989319,1500.0,25.0980396271,16.0,,,,,,,,-5.46875,-9.375,2.34375,-5.46875
336.753684324,459,2082,169300,42.2300566667,-83.7102811111,63.0,26.3699989319,1500.0,59.6078453064,16.0,,,,,,,,-5.46875,-9.375,2.34375,-5.46875
336.753684324,459,2082,169500,42.2300566667,-83.7102811111,63.0,26.3699989319,1500.0,59.6078453064,16.0,,,,,,,,1.5625,-9.375,2.34375,-5.46875
336.753684324,459,2082,169700,42.2300566667,-83.7102811111,63.0,26.3699989319,1500.0,59.6078453064,16.0,,,,,,,,1.5625,-9.375,0.78125,-5.46875
336.753684324,459,2082,169800,42.2300566667,-83.7102811111,63.0,26.3699989319,1459.0,59.6078453064,16.0,,,,,,,,1.5625,-9.375,0.78125,-5.46875
336.753684324,459,2082,169900,42.2300369444,-83.7109233333,63.0,31.2099990845,1459.0,59.6078453064,16.0,,,,,,,,1.5625,-9.375,0.78125,-5.46875
336.753684324,459,2082,170200,42.2300369444,-83.7109233333,64.0,31.2099990845,1459.0,59.6078453064,16.0,,,,,,,,1.5625,-9.375,0.78125,-5.46875
336.753684324,459,2082,171200,42.2300369444,-83.7109233333,65.0,31.2099990845,1459.0,59.6078453064,16.0,,,,,,,,1.5625,-9.375,0.78125,-5.46875
336.753684324,459,2082,171800,42.2300369444,-83.7109233333,65.0,31.2099990845,1533.0,59.6078453064,16.0,,,,,,,,1.5625,-9.375,0.78125,-5.46875
336.753684324,459,2082,171900,42.2300369444,-83.7109233333,65.0,25.5299987793,1533.0,59.6078453064,16.0,,,,,,,,1.5625,-9.375,0.78125,-5.46875
336.753684324,459,2082,172300,42.2300369444,-83.7109233333,67.0,25.5299987793,1533.0,59.6078453064,16.0,,,,,,,,1.5625,-9.375,0.78125,-5.46875
336.753684324,459,2082,172900,42.2300183333,-83.7115975,67.0,25.5299987793,1533.0,59.6078453064,16.0,,,,,,,,1.5625,-9.375,0.78125,-5.46875
336.753684324,459,2082,173800,42.2300183333,-83.7115975,67.0,25.5299987793,1614.0,59.6078453064,16.0,,,,,,,,1.5625,-9.375,0.78125,-5.46875
336.753684324,459,2082,173900,42.2300183333,-83.7115975,67.0,10.1499996185,1614.0,59.6078453064,16.0,,,,,,,,1.5625,-9.375,0.78125,-5.46875
336.753684324,459,2082,174400,42.2300183333,-83.7115975,67.0,10.1499996185,1614.0,27.0588245392,16.0,,,,,,,,1.5625,-9.375,0.78125,-5.46875
336.753684324,459,2082,174600,42.2300183333,-83.7115975,67.0,10.1499996185,1614.0,27.0588245392,16.0,,,,,,,,0.0,-9.375,0.78125,-5.46875
336.753684324,459,2082,174700,42.2300183333,-83.7115975,67.0,10.1499996185,1614.0,27.0588245392,16.0,,,,,,,,0.0,-9.375,-1.5625,-5.46875
336.753684324,459,2082,175500,42.2300183333,-83.7115975,65.0,10.1499996185,1614.0,27.0588245392,16.0,,,,,,,,0.0,-9.375,-1.5625,-5.46875
336.753684324,459,2082,175800,42.2300183333,-83.7115975,65.0,10.1499996185,1548.0,27.0588245392,16.0,,,,,,,,0.0,-9.375,-1.5625,-5.46875
336.753684324,459,2082,175900,42.2300019444,-83.7122658333,65.0,10.1300001144,1548.0,27.0588245392,16.0,,,,,,,,0.0,-9.375,-1.5625,-5.46875
336.753684324,459,2082,176500,42.2300019444,-83.7122658333,64.0,10.1300001144,1548.0,27.0588245392,16.0,,,,,,,,0.0,-9.375,-1.5625,-5.46875
336.753684324,459,2082,177500,42.2300019444,-83.7122658333,63.0,10.1300001144,1548.0,27.0588245392,16.0,,,,,,,,0.0,-9.375,-1.5625,-5.46875
336.753684324,459,2082,177900,42.2300019444,-83.7122658333,63.0,10.0,1335.0,27.0588245392,16.0,,,,,,,,0.0,-9.375,-1.5625,-5.46875
336.753684324,459,2082,178600,42.2300019444,-83.7122658333,61.0,10.0,1335.0,27.0588245392,16.0,,,,,,,,0.0,-9.375,-1.5625,-5.46875
336.753684324,459,2082,178900,42.2299844444,-83.7128938889,61.0,10.0,1335.0,27.0588245392,16.0,,,,,,,,0.0,-9.375,-1.5625,-5.46875
336.753684324,459,2082,179400,42.2299844444,-83.7128938889,61.0,10.0,1335.0,14.509803772,16.0,,,,,,,,0.0,-9.375,-1.5625,-5.46875
336.753684324,459,2082,179600,42.2299844444,-83.7128938889,56.0,10.0,1335.0,14.509803772,16.0,,,,,,,,-3.90625,-9.375,-1.5625,-5.46875
336.753684324,459,2082,179800,42.2299844444,-83.7128938889,56.0,10.0,1335.0,14.509803772,16.0,,,,,,,,-3.90625,-9.375,2.34375,-5.46875
336.753684324,459,2082,179900,42.2299844444,-83.7128938889,56.0,4.19999980927,1242.0,14.509803772,16.0,,,,,,,,-3.90625,-9.375,2.34375,-5.46875
336.753684324,459,2082,180700,42.2299844444,-83.7128938889,52.0,4.19999980927,1242.0,14.509803772,16.0,,,,,,,,-3.90625,-9.375,2.34375,-5.46875
336.753684324,459,2082,181700,42.2299844444,-83.7128938889,51.0,4.19999980927,1242.0,14.509803772,16.0,,,,,,,,-3.90625,-9.375,2.34375,-5.46875
336.753684324,459,2082,181900,42.2299844444,-83.7128938889,51.0,39.2399978638,1549.0,14.509803772,16.0,,,,,,,,-3.90625,-9.375,2.34375,-5.46875
336.753684324,459,2082,182000,42.2299652778,-83.7134288889,51.0,39.2399978638,1549.0,14.509803772,16.0,,,,,,,,-3.90625,-9.375,2.34375,-5.46875
336.753684324,459,2082,182700,42.2299652778,-83.7134288889,53.0,39.2399978638,1549.0,14.509803772,16.0,,,,,,,,-3.90625,-9.375,2.34375,-5.46875
336.753684324,459,2082,183800,42.2299652778,-83.7134288889,54.0,39.2399978638,1549.0,14.509803772,16.0,,,,,,,,-3.90625,-9.375,2.34375,-5.46875
336.753684324,459,2082,183900,42.2299652778,-83.7134288889,54.0,30.0599994659,1228.0,14.509803772,16.0,,,,,,,,-3.90625,-9.375,2.34375,-5.46875
336.753684324,459,2082,184400,42.2299652778,-83.7134288889,54.0,30.0599994659,1228.0,70.5882339478,16.0,,,,,,,,-3.90625,-9.375,2.34375,-5.46875
336.753684324,459,2082,184700,42.2299652778,-83.7134288889,54.0,30.0599994659,1228.0,70.5882339478,16.0,,,,,,,,-3.125,-9.375,2.34375,-5.46875
336.753684324,459,2082,184800,42.2299652778,-83.7134288889,55.0,30.0599994659,1228.0,70.5882339478,16.0,,,,,,,,-3.125,-9.375,-3.125,-5.46875
336.753684324,459,2082,184900,42.2299555556,-83.7139777778,55.0,30.0599994659,1228.0,70.5882339478,16.0,,,,,,,,-3.125,-9.375,-3.125,-5.46875
336.753684324,459,2082,185900,42.2299555556,-83.7139777778,57.0,33.0400009155,1303.0,70.5882339478,16.0,,,,,,,,-3.125,-9.375,-3.125,-5.46875
336.753684324,459,2082,186900,42.2299555556,-83.7139777778,58.0,33.0400009155,1303.0,70.5882339478,16.0,,,,,,,,-3.125,-9.375,-3.125,-5.46875
336.753684324,459,2082,187900,42.2299372222,-83.7145705556,60.0,65.8399963379,2061.0,70.5882339478,16.0,,,,,,,,-3.125,-9.375,-3.125,-5.46875
336.753684324,459,2082,189000,42.2299372222,-83.7145705556,63.0,65.8399963379,2061.0,70.5882339478,16.0,,,,,,,,-3.125,-9.375,-3.125,-5.46875
336.753684324,459,2082,189500,42.2299372222,-83.7145705556,63.0,65.8399963379,2061.0,60.3921585083,16.0,,,,,,,,-3.125,-9.375,-3.125,-5.46875
336.753684324,459,2082,189700,42.2299372222,-83.7145705556,63.0,65.8399963379,2061.0,60.3921585083,16.0,,,,,,,,1.5625,-9.375,-3.125,-5.46875
336.753684324,459,2082,189900,42.2299372222,-83.7145705556,63.0,37.1599998474,2212.0,60.3921585083,16.0,,,,,,,,1.5625,-9.375,0.0,-5.46875
336.753684324,459,2082,190000,42.2299372222,-83.7145705556,65.0,37.1599998474,2212.0,60.3921585083,16.0,,,,,,,,1.5625,-9.375,0.0,-5.46875
336.753684324,459,2082,191100,42.2299372222,-83.7145705556,67.0,37.1599998474,2212.0,60.3921585083,16.0,,,,,,,,1.5625,-9.375,0.0,-5.46875
336.753684324,459,2082,191900,42.2299102778,-83.7154458333,67.0,3.70999979973,1586.0,60.3921585083,16.0,,,,,,,,1.5625,-9.375,0.0,-5.46875
336.753684324,459,2082,193900,42.2298938889,-83.7158908333,67.0,5.40999984741,1506.0,60.3921585083,16.0,,,,,,,,1.5625,-9.375,0.0,-5.46875
336.753684324,459,2082,194300,42.2298938889,-83.7158908333,67.0,5.40999984741,1506.0,60.3921585083,16.0,,,,,,,,1.5625,-7.03125,0.0,-4.6875
336.753684324,459,2082,194500,42.2298938889,-83.7158908333,67.0,5.40999984741,1506.0,14.9019613266,16.0,,,,,,,,1.5625,-7.03125,0.0,-4.6875
336.753684324,459,2082,194700,42.2298938889,-83.7158908333,67.0,5.40999984741,1506.0,14.9019613266,16.0,,,,,,,,-6.25,-7.03125,0.0,-4.6875
336.753684324,459,2082,194900,42.2298938889,-83.7158908333,67.0,5.40999984741,1506.0,14.9019613266,16.0,,,,,,,,-6.25,-7.03125,-7.03125,-4.6875
336.753684324,459,2082,195900,42.2298938889,-83.7158908333,67.0,5.15000009537,1478.0,14.9019613266,16.0,,,,,,,,-6.25,-7.03125,-7.03125,-4.6875
336.753684324,459,2082,197000,42.2298938889,-83.7158908333,67.0,5.15000009537,1478.0,14.9019613266,16.0,,,,,,,,-6.25,-7.03125,-7.03125,-4.6875
336.753684324,459,2082,197300,42.2298938889,-83.7158908333,65.0,5.15000009537,1478.0,14.9019613266,16.0,,,,,,,,-6.25,-7.03125,-7.03125,-4.6875
336.753684324,459,2082,197900,42.22987,-83.7167616667,65.0,4.63000011444,1354.0,14.9019613266,16.0,,,,,,,,-6.25,-7.03125,-7.03125,-4.6875
336.753684324,459,2082,198300,42.22987,-83.7167616667,60.0,4.63000011444,1354.0,14.9019613266,16.0,,,,,,,,-6.25,-7.03125,-7.03125,-4.6875
336.753684324,459,2082,199400,42.22987,-83.7167616667,54.0,4.63000011444,1354.0,14.9019613266,16.0,,,,,,,,-6.25,-7.03125,-7.03125,-4.6875
336.753684324,459,2082,199500,42.22987,-83.7167616667,54.0,4.63000011444,1354.0,14.509803772,16.0,,,,,,,,-6.25,-7.03125,-7.03125,-4.6875
336.753684324,459,2082,199800,42.22987,-83.7167616667,54.0,4.63000011444,1354.0,14.509803772,16.0,,,,,,,,0.0,-7.03125,-7.03125,-4.6875
336.753684324,459,2082,199900,42.22987,-83.7167616667,54.0,4.15000009537,1136.0,14.509803772,16.0,,,,,,,,0.0,-7.03125,0.0,-4.6875
336.753684324,459,2082,200400,42.22987,-83.7167616667,50.0,4.15000009537,1136.0,14.509803772,16.0,,,,,,,,0.0,-7.03125,0.0,-4.6875
336.753684324,459,2082,200900,42.2298530556,-83.7172961111,50.0,4.15000009537,1136.0,14.509803772,16.0,,,,,,,,0.0,-7.03125,0.0,-4.6875
336.753684324,459,2082,201500,42.2298530556,-83.7172961111,48.0,4.15000009537,1136.0,14.509803772,16.0,,,,,,,,0.0,-7.03125,0.0,-4.6875
336.753684324,459,2082,201900,42.2298530556,-83.7172961111,48.0,4.11999988556,1099.0,14.509803772,16.0,,,,,,,,0.0,-7.03125,0.0,-4.6875
336.753684324,459,2082,203900,42.2298338889,-83.7177833333,48.0,4.17000007629,1083.0,14.509803772,16.0,,,,,,,,0.0,-7.03125,0.0,-4.6875
336.753684324,459,2082,204600,42.2298338889,-83.7177833333,44.0,4.17000007629,1083.0,14.9019613266,16.0,,,,,,,,0.0,-7.03125,0.0,-4.6875
336.753684324,459,2082,205600,42.2298338889,-83.7177833333,37.0,4.17000007629,1083.0,14.9019613266,16.0,,,,,,,,0.0,-7.03125,0.0,-4.6875
336.753684324,459,2082,205900,42.2298338889,-83.7177833333,37.0,4.19000005722,1211.0,14.9019613266,16.0,,,,,,,,0.0,-7.03125,0.0,-4.6875
336.753684324,459,2082,206700,42.2298338889,-83.7177833333,34.0,4.19000005722,1211.0,14.9019613266,16.0,,,,,,,,0.0,-7.03125,0.0,-4.6875
336.753684324,459,2082,207000,42.22982,-83.7181661111,34.0,4.19000005722,1211.0,14.9019613266,16.0,,,,,,,,0.0,-7.03125,0.0,-4.6875
336.753684324,459,2082,207700,42.22982,-83.7181661111,32.0,4.19000005722,1211.0,14.9019613266,16.0,,,,,,,,0.0,-7.03125,0.0,-4.6875
336.753684324,459,2082,207900,42.22982,-83.7181661111,32.0,4.19000005722,947.0,14.9019613266,16.0,,,,,,,,0.0,-7.03125,0.0,-4.6875
336.753684324,459,2082,208000,42.22982,-83.7181661111,32.0,4.58999967575,947.0,14.9019613266,16.0,,,,,,,,0.0,-7.03125,0.0,-4.6875
336.753684324,459,2082,208800,42.22982,-83.7181661111,31.0,4.58999967575,947.0,14.9019613266,16.0,,,,,,,,0.0,-7.03125,0.0,-4.6875
336.753684324,459,2082,209700,42.22982,-83.7181661111,31.0,4.58999967575,947.0,13.3333339691,16.0,,,,,,,,0.0,-7.03125,0.0,-4.6875
336.753684324,459,2082,209900,42.22982,-83.7181661111,27.0,4.58999967575,1055.0,13.3333339691,16.0,,,,,,,,21.875,-7.03125,0.0,-4.6875
336.753684324,459,2082,210000,42.2298072222,-83.71847,27.0,5.13000011444,1055.0,13.3333339691,16.0,,,,,,,,21.875,-7.03125,21.875,-4.6875
336.753684324,459,2082,211000,42.2298072222,-83.71847,24.0,5.13000011444,1055.0,13.3333339691,16.0,,,,,,,,21.875,-7.03125,21.875,-4.6875
336.753684324,459,2082,211900,42.2298072222,-83.71847,24.0,5.13000011444,775.0,13.3333339691,16.0,,,,,,,,21.875,-7.03125,21.875,-4.6875
336.753684324,459,2082,212000,42.2298072222,-83.71847,21.0,3.86999988556,775.0,13.3333339691,16.0,,,,,,,,21.875,-7.03125,21.875,-4.6875
336.753684324,459,2082,212900,42.2298022222,-83.7186827778,21.0,3.86999988556,775.0,13.3333339691,16.0,,,,,,,,21.875,-7.03125,21.875,-4.6875
336.753684324,459,2082,213100,42.2298022222,-83.7186827778,17.0,3.86999988556,775.0,13.3333339691,16.0,,,,,,,,21.875,-7.03125,21.875,-4.6875
336.753684324,459,2082,213900,42.2298022222,-83.7186827778,17.0,3.86999988556,769.0,13.3333339691,16.0,,,,,,,,21.875,-7.03125,21.875,-4.6875
336.753684324,459,2082,214000,42.2298022222,-83.7186827778,17.0,5.0,769.0,13.3333339691,16.0,,,,,,,,21.875,-7.03125,21.875,-4.6875
336.753684324,459,2082,214100,42.2298022222,-83.7186827778,11.0,5.0,769.0,13.3333339691,16.0,,,,,,,,21.875,-7.03125,21.875,-4.6875
336.753684324,459,2082,214700,42.2298022222,-83.7186827778,11.0,5.0,769.0,18.8235301971,16.0,,,,,,,,21.875,-7.03125,21.875,-4.6875
336.753684324,459,2082,215100,42.2298022222,-83.7186827778,5.0,5.0,769.0,18.8235301971,16.0,,,,,,,,21.875,-7.03125,21.875,-4.6875
336.753684324,459,2082,215900,42.2298022222,-83.7186827778,5.0,5.0,677.0,18.8235301971,16.0,,,,,,,,21.875,-7.03125,21.875,-4.6875
336.753684324,459,2082,216000,42.2298016667,-83.71875,5.0,4.90999984741,677.0,18.8235301971,16.0,,,,,,,,21.875,-7.03125,21.875,-4.6875
336.753684324,459,2082,216200,42.2298016667,-83.71875,1.0,4.90999984741,677.0,18.8235301971,16.0,,,,,,,,21.875,-7.03125,21.875,-4.6875
336.753684324,459,2082,216800,42.2298016667,-83.71875,0.0,4.90999984741,677.0,18.8235301971,16.0,,,,,,,,21.875,-7.03125,21.875,-4.6875
336.753684324,459,2082,216900,42.2298016667,-83.71875,0.0,4.90999984741,668.0,18.8235301971,16.0,,,,,,,,21.875,-7.03125,21.875,-4.6875
336.753684324,459,2082,217000,42.2298016667,-83.71875,0.0,5.02999973297,668.0,18.8235301971,16.0,,,,,,,,21.875,-7.03125,21.875,-4.6875
336.753684324,459,2082,217100,42.2298016667,-83.71875,0.0,5.02999973297,668.0,20.7843132019,16.0,,,,,,,,21.875,-7.03125,21.875,-4.6875
336.753684324,459,2082,217300,42.2298016667,-83.71875,0.0,5.02999973297,668.0,20.7843132019,15.0,,,,,,,,21.875,-7.03125,21.875,-4.6875
336.753684324,459,2082,217400,42.2298016667,-83.71875,0.0,5.02999973297,668.0,20.7843132019,15.0,,,,,,,,1.5625,-7.03125,21.875,-4.6875
336.753684324,459,2082,217500,42.2298016667,-83.71875,0.0,5.02999973297,668.0,20.7843132019,15.0,,,,,,,,1.5625,-6.25,2.34375,-4.6875
336.753684324,459,2082,217600,42.2298016667,-83.71875,0.0,5.02999973297,668.0,20.7843132019,15.0,,,,,,,,1.5625,-6.25,2.34375,-3.90625
336.753684324,459,2082,218900,42.2298016667,-83.71875,0.0,5.02999973297,680.0,20.7843132019,15.0,,,,,,,,1.5625,-6.25,2.34375,-3.90625
336.753684324,459,2082,220900,42.2298016667,-83.71875,0.0,5.02999973297,684.0,20.7843132019,15.0,,,,,,,,1.5625,-6.25,2.34375,-3.90625
336.753684324,459,2082,222000,42.2298016667,-83.71875,0.0,5.19999980927,684.0,20.7843132019,15.0,,,,,,,,1.5625,-6.25,2.34375,-3.90625
336.753684324,459,2082,222900,42.2298016667,-83.71875,0.0,5.19999980927,688.0,20.7843132019,15.0,,,,,,,,1.5625,-6.25,2.34375,-3.90625
336.753684324,459,2082,224900,42.2298016667,-83.71875,0.0,5.19999980927,689.0,20.7843132019,15.0,,,,,,,,1.5625,-6.25,2.34375,-3.90625
336.753684324,459,2082,226900,42.2298016667,-83.71875,0.0,5.19999980927,693.0,20.7843132019,15.0,,,,,,,,1.5625,-6.25,2.34375,-3.90625
336.753684324,459,2082,227100,42.2298016667,-83.71875,0.0,5.33999967575,693.0,21.5686283112,15.0,,,,,,,,1.5625,-6.25,2.34375,-3.90625
336.753684324,459,2082,227500,42.2298016667,-83.71875,0.0,5.33999967575,693.0,21.5686283112,15.0,,,,,,,,0.0,-6.25,-0.78125,-3.90625
336.753684324,459,2082,228900,42.2298016667,-83.71875,0.0,5.33999967575,695.0,21.5686283112,15.0,,,,,,,,0.0,-6.25,-0.78125,-3.90625
336.753684324,459,2082,230900,42.2298016667,-83.71875,0.0,5.33999967575,700.0,21.5686283112,15.0,,,,,,,,0.0,-6.25,-0.78125,-3.90625
336.753684324,459,2082,232100,42.2298016667,-83.71875,0.0,5.27999973297,700.0,21.5686283112,15.0,,,,,,,,0.0,-6.25,-0.78125,-3.90625
336.753684324,459,2082,232200,42.2298016667,-83.71875,0.0,5.27999973297,700.0,21.1764717102,15.0,,,,,,,,0.0,-6.25,-0.78125,-3.90625
336.753684324,459,2082,232500,42.2298016667,-83.71875,0.0,5.27999973297,700.0,21.1764717102,15.0,,,,,,,,0.78125,-6.25,-0.78125,-3.90625
336.753684324,459,2082,232600,42.2298016667,-83.71875,0.0,5.27999973297,700.0,21.1764717102,15.0,,,,,,,,0.78125,-6.25,0.78125,-3.90625
336.753684324,459,2082,232900,42.2298016667,-83.71875,0.0,5.27999973297,697.0,21.1764717102,15.0,,,,,,,,0.78125,-6.25,0.78125,-3.90625
336.753684324,459,2082,234900,42.2298016667,-83.71875,0.0,5.27999973297,706.0,21.1764717102,15.0,,,,,,,,0.78125,-6.25,0.78125,-3.90625
336.753684324,459,2082,236900,42.2298016667,-83.71875,0.0,5.27999973297,692.0,21.1764717102,15.0,,,,,,,,0.78125,-6.25,0.78125,-3.90625
336.753684324,459,2082,237100,42.2298016667,-83.71875,0.0,5.23000001907,692.0,21.1764717102,15.0,,,,,,,,0.78125,-6.25,0.78125,-3.90625
336.753684324,459,2082,237200,42.2298016667,-83.71875,0.0,5.23000001907,692.0,20.7843132019,15.0,,,,,,,,0.78125,-6.25,0.78125,-3.90625
336.753684324,459,2082,237500,42.2298016667,-83.71875,0.0,5.23000001907,692.0,20.7843132019,15.0,,,,,,,,3.125,-6.25,0.78125,-3.90625
336.753684324,459,2082,237600,42.2298016667,-83.71875,0.0,5.23000001907,692.0,20.7843132019,15.0,,,,,,,,3.125,-6.25,0.0,-3.90625
336.753684324,459,2082,238900,42.2298016667,-83.71875,0.0,5.23000001907,697.0,20.7843132019,15.0,,,,,,,,3.125,-6.25,0.0,-3.90625
336.753684324,459,2082,240900,42.2298202778,-83.7187652778,0.0,5.23000001907,697.0,20.7843132019,15.0,,,,,,,,3.125,-6.25,0.0,-3.90625
336.753684324,459,2082,241200,42.2298202778,-83.7187652778,1.0,5.23000001907,697.0,20.7843132019,15.0,,,,,,,,3.125,-6.25,0.0,-3.90625
336.753684324,459,2082,241300,42.2298202778,-83.7187652778,1.0,5.23000001907,712.0,20.7843132019,15.0,,,,,,,,3.125,-6.25,0.0,-3.90625
336.753684324,459,2082,241500,42.2298202778,-83.7187652778,1.0,5.23999977112,712.0,20.7843132019,15.0,,,,,,,,3.125,-6.25,0.0,-3.90625
336.753684324,459,2082,241900,42.2298202778,-83.7187652778,1.0,5.23999977112,712.0,20.7843132019,16.0,,,,,,,,3.125,-6.25,0.0,-3.90625
336.753684324,459,2082,242100,42.2298202778,-83.7187652778,1.0,5.23999977112,712.0,20.7843132019,16.0,,,,,,,,0.0,-6.25,0.0,-3.90625
336.753684324,459,2082,242200,42.2298202778,-83.7187652778,1.0,5.23999977112,712.0,20.7843132019,16.0,,,,,,,,0.0,-6.25,3.90625,-3.90625
336.753684324,459,2082,242300,42.2298202778,-83.7187652778,1.0,5.23999977112,712.0,20.7843132019,16.0,,,,,,,,0.0,-5.46875,3.90625,-3.90625
336.753684324,459,2082,242400,42.2298202778,-83.7187652778,1.0,5.23999977112,712.0,20.7843132019,16.0,,,,,,,,0.0,-5.46875,3.90625,-3.125
336.753684324,459,2082,243000,42.2298202778,-83.7187652778,0.0,5.23999977112,712.0,20.7843132019,16.0,,,,,,,,0.0,-5.46875,3.90625,-3.125
336.753684324,459,2082,243100,42.2298202778,-83.7187652778,0.0,5.23999977112,717.0,20.7843132019,16.0,,,,,,,,0.0,-5.46875,3.90625,-3.125
336.753684324,459,2082,243300,42.2298202778,-83.7187652778,0.0,5.21999979019,717.0,20.7843132019,16.0,,,,,,,,0.0,-5.46875,3.90625,-3.125
336.753684324,459,2082,243400,42.2298202778,-83.7187652778,0.0,5.21999979019,717.0,21.1764717102,16.0,,,,,,,,0.0,-5.46875,3.90625,-3.125
336.753684324,459,2082,245100,42.2298202778,-83.7187652778,0.0,5.21999979019,707.0,21.1764717102,16.0,,,,,,,,0.0,-5.46875,3.90625,-3.125
336.753684324,459,2082,247100,42.2298202778,-83.7187652778,0.0,5.21999979019,705.0,21.1764717102,16.0,,,,,,,,0.0,-5.46875,3.90625,-3.125
336.753684324,459,2082,247800,42.2298225,-83.7187925,0.0,5.21999979019,705.0,21.1764717102,16.0,,,,,,,,0.0,-5.46875,3.90625,-3.125
336.753684324,459,2082,248000,42.2298225,-83.7187925,6.0,5.21999979019,1737.0,21.1764717102,16.0,,,,,,,,0.0,-5.46875,3.90625,-3.125
336.753684324,459,2082,248100,42.2298225,-83.7187925,6.0,24.6000003815,1737.0,21.1764717102,16.0,,,,,,,,0.0,-5.46875,3.90625,-3.125
336.753684324,459,2082,248200,42.2298225,-83.7187925,6.0,24.6000003815,1737.0,38.8235282898,16.0,,,,,,,,0.0,-5.46875,3.90625,-3.125
336.753684324,459,2082,248500,42.2298225,-83.7187925,6.0,24.6000003815,1737.0,38.8235282898,16.0,,,,,,,,7.03125,-5.46875,3.90625,-3.125
336.753684324,459,2082,248600,42.2298225,-83.7187925,6.0,24.6000003815,1737.0,38.8235282898,16.0,,,,,,,,7.03125,-5.46875,-1.5625,-3.125
336.753684324,459,2082,248700,42.2298225,-83.7187925,6.0,24.6000003815,1737.0,38.8235282898,16.0,,,,,,,,7.03125,-6.25,-1.5625,-3.125
336.753684324,459,2082,250000,42.2298225,-83.7187925,14.0,24.6000003815,1945.0,38.8235282898,16.0,,,,,,,,7.03125,-6.25,-1.5625,-3.125
336.753684324,459,2082,250100,42.2298225,-83.7187925,14.0,27.0299987793,1945.0,38.8235282898,16.0,,,,,,,,7.03125,-6.25,-1.5625,-3.125
336.753684324,459,2082,250900,42.2298161111,-83.7189411111,14.0,27.0299987793,1945.0,38.8235282898,16.0,,,,,,,,7.03125,-6.25,-1.5625,-3.125
336.753684324,459,2082,251100,42.2298161111,-83.7189411111,20.0,27.0299987793,1945.0,38.8235282898,16.0,,,,,,,,7.03125,-6.25,-1.5625,-3.125
336.753684324,459,2082,251900,42.2298161111,-83.7189411111,20.0,27.0299987793,1945.0,38.8235282898,16.0,,,,,,,,7.03125,-6.25,-1.5625,-3.125
336.753684324,459,2082,252000,42.2298161111,-83.7189411111,20.0,27.0299987793,2239.0,38.8235282898,16.0,,,,,,,,7.03125,-6.25,-1.5625,-3.125
336.753684324,459,2082,252100,42.2298161111,-83.7189411111,26.0,39.7299995422,2239.0,38.8235282898,16.0,,,,,,,,7.03125,-6.25,-1.5625,-3.125
336.753684324,459,2082,253100,42.2298161111,-83.7189411111,32.0,39.7299995422,2239.0,38.8235282898,16.0,,,,,,,,7.03125,-6.25,-1.5625,-3.125
336.753684324,459,2082,253200,42.2298161111,-83.7189411111,32.0,39.7299995422,2239.0,39.2156867981,16.0,,,,,,,,7.03125,-6.25,-1.5625,-3.125
336.753684324,459,2082,253900,42.2298111111,-83.719255,32.0,39.7299995422,2239.0,39.2156867981,16.0,,,,,,,,7.03125,-6.25,-1.5625,-3.125
336.753684324,459,2082,254000,42.2298111111,-83.719255,32.0,39.7299995422,1861.0,39.2156867981,16.0,,,,,,,,7.03125,-6.25,-1.5625,-3.125
336.753684324,459,2082,254100,42.2298111111,-83.719255,32.0,22.3799991608,1861.0,39.2156867981,16.0,,,,,,,,7.03125,-6.25,-1.5625,-3.125
336.753684324,459,2082,254200,42.2298111111,-83.719255,35.0,22.3799991608,1861.0,39.2156867981,16.0,,,,,,,,7.03125,-6.25,-1.5625,-3.125
336.753684324,459,2082,255200,42.2298111111,-83.719255,37.0,22.3799991608,1861.0,39.2156867981,16.0,,,,,,,,7.03125,-6.25,-1.5625,-3.125
336.753684324,459,2082,256000,42.2298111111,-83.719255,37.0,22.3799991608,1566.0,39.2156867981,16.0,,,,,,,,7.03125,-6.25,-1.5625,-3.125
336.753684324,459,2082,256100,42.2298111111,-83.719255,37.0,22.7099990845,1566.0,39.2156867981,16.0,,,,,,,,7.03125,-6.25,-1.5625,-3.125
336.753684324,459,2082,256300,42.2298111111,-83.719255,39.0,22.7099990845,1566.0,39.2156867981,16.0,,,,,,,,7.03125,-6.25,-1.5625,-3.125
336.753684324,459,2082,256900,42.2298052778,-83.7196494444,39.0,22.7099990845,1566.0,39.2156867981,16.0,,,,,,,,7.03125,-6.25,-1.5625,-3.125
336.753684324,459,2082,257300,42.2298052778,-83.7196494444,41.0,22.7099990845,1566.0,39.2156867981,16.0,,,,,,,,7.03125,-6.25,-1.5625,-3.125
336.753684324,459,2082,258000,42.2298052778,-83.7196494444,41.0,22.7099990845,1601.0,39.2156867981,16.0,,,,,,,,7.03125,-6.25,-1.5625,-3.125
336.753684324,459,2082,258100,42.2298052778,-83.7196494444,41.0,23.9499988556,1601.0,39.2156867981,16.0,,,,,,,,7.03125,-6.25,-1.5625,-3.125
336.753684324,459,2082,258300,42.2298052778,-83.7196494444,44.0,23.9499988556,1601.0,41.9607849121,16.0,,,,,,,,7.03125,-6.25,-1.5625,-3.125
336.753684324,459,2082,258600,42.2298052778,-83.7196494444,44.0,23.9499988556,1601.0,41.9607849121,16.0,,,,,,,,-5.46875,-6.25,-1.5625,-3.125
336.753684324,459,2082,258700,42.2298052778,-83.7196494444,44.0,23.9499988556,1601.0,41.9607849121,16.0,,,,,,,,-5.46875,-6.25,-4.6875,-3.125
336.753684324,459,2082,259400,42.2298052778,-83.7196494444,46.0,23.9499988556,1601.0,41.9607849121,16.0,,,,,,,,-5.46875,-6.25,-4.6875,-3.125
336.753684324,459,2082,259900,42.2297991667,-83.7201136111,46.0,23.9499988556,1601.0,41.9607849121,16.0,,,,,,,,-5.46875,-6.25,-4.6875,-3.125
336.753684324,459,2082,260000,42.2297991667,-83.7201136111,46.0,23.9499988556,1540.0,41.9607849121,16.0,,,,,,,,-5.46875,-6.25,-4.6875,-3.125
336.753684324,459,2082,260100,42.2297991667,-83.7201136111,46.0,27.9399986267,1540.0,41.9607849121,16.0,,,,,,,,-5.46875,-6.25,-4.6875,-3.125
336.753684324,459,2082,260400,42.2297991667,-83.7201136111,47.0,27.9399986267,1540.0,41.9607849121,16.0,,,,,,,,-5.46875,-6.25,-4.6875,-3.125
336.753684324,459,2082,262000,42.2297991667,-83.7201136111,47.0,27.9399986267,1488.0,41.9607849121,16.0,,,,,,,,-5.46875,-6.25,-4.6875,-3.125
336.753684324,459,2082,262100,42.2297991667,-83.7201136111,47.0,5.46000003815,1488.0,41.9607849121,16.0,,,,,,,,-5.46875,-6.25,-4.6875,-3.125
336.753684324,459,2082,262500,42.2297991667,-83.7201136111,48.0,5.46000003815,1488.0,41.9607849121,16.0,,,,,,,,-5.46875,-6.25,-4.6875,-3.125
336.753684324,459,2082,262900,42.2297802778,-83.7205977778,48.0,5.46000003815,1488.0,41.9607849121,16.0,,,,,,,,-5.46875,-6.25,-4.6875,-3.125
336.753684324,459,2082,263300,42.2297802778,-83.7205977778,48.0,5.46000003815,1488.0,25.882352829,16.0,,,,,,,,-5.46875,-6.25,-4.6875,-3.125
336.753684324,459,2082,263500,42.2297802778,-83.7205977778,47.0,5.46000003815,1488.0,25.882352829,16.0,,,,,,,,-5.46875,-6.25,-4.6875,-3.125
336.753684324,459,2082,264000,42.2297802778,-83.7205977778,47.0,5.46000003815,1775.0,25.882352829,16.0,,,,,,,,-5.46875,-6.25,-4.6875,-3.125
336.753684324,459,2082,264100,42.2297802778,-83.7205977778,47.0,18.4899997711,1775.0,25.882352829,16.0,,,,,,,,-5.46875,-6.25,-4.6875,-3.125
336.753684324,459,2082,264600,42.2297802778,-83.7205977778,48.0,18.4899997711,1775.0,25.882352829,16.0,,,,,,,,-5.46875,-6.25,-4.6875,-3.125
336.753684324,459,2082,265600,42.2297802778,-83.7205977778,50.0,18.4899997711,1775.0,25.882352829,16.0,,,,,,,,-5.46875,-6.25,-4.6875,-3.125
336.753684324,459,2082,265900,42.2297736111,-83.7210941667,50.0,18.4899997711,1775.0,25.882352829,16.0,,,,,,,,-5.46875,-6.25,-4.6875,-3.125
336.753684324,459,2082,266000,42.2297736111,-83.7210941667,50.0,18.4899997711,1600.0,25.882352829,16.0,,,,,,,,-5.46875,-6.25,-4.6875,-3.125
336.753684324,459,2082,266100,42.2297736111,-83.7210941667,50.0,4.81999969482,1600.0,25.882352829,16.0,,,,,,,,-5.46875,-6.25,-4.6875,-3.125
336.753684324,459,2082,268000,42.2297736111,-83.7210941667,50.0,4.81999969482,1141.0,25.882352829,16.0,,,,,,,,-5.46875,-6.25,-4.6875,-3.125
336.753684324,459,2082,268100,42.2297736111,-83.7210941667,50.0,4.48999977112,1141.0,25.882352829,16.0,,,,,,,,-5.46875,-6.25,-4.6875,-3.125
336.753684324,459,2082,268300,42.2297736111,-83.7210941667,50.0,4.48999977112,1141.0,10.9803924561,16.0,,,,,,,,-5.46875,-6.25,-4.6875,-3.125
336.753684324,459,2082,268700,42.2297736111,-83.7210941667,51.0,4.48999977112,1141.0,10.9803924561,16.0,,,,,,,,10.15625,-6.25,12.5,-3.125
336.753684324,459,2082,269000,42.2297652778,-83.7216041667,51.0,4.48999977112,1141.0,10.9803924561,16.0,,,,,,,,10.15625,-6.25,12.5,-3.125
336.753684324,459,2082,270000,42.2297652778,-83.7216041667,51.0,4.48999977112,1145.0,10.9803924561,16.0,,,,,,,,10.15625,-6.25,12.5,-3.125
336.753684324,459,2082,270100,42.2297652778,-83.7216041667,51.0,4.61999988556,1145.0,10.9803924561,16.0,,,,,,,,10.15625,-6.25,12.5,-3.125
336.753684324,459,2082,270800,42.2297652778,-83.7216041667,50.0,4.61999988556,1145.0,10.9803924561,16.0,,,,,,,,10.15625,-6.25,12.5,-3.125
336.753684324,459,2082,271900,42.2297536111,-83.7221086111,50.0,4.61999988556,1145.0,10.9803924561,16.0,,,,,,,,10.15625,-6.25,12.5,-3.125
336.753684324,459,2082,272000,42.2297536111,-83.7221086111,50.0,4.61999988556,1107.0,10.9803924561,16.0,,,,,,,,10.15625,-6.25,12.5,-3.125
336.753684324,459,2082,272100,42.2297536111,-83.7221086111,50.0,4.44000005722,1107.0,10.9803924561,16.0,,,,,,,,10.15625,-6.25,12.5,-3.125
336.753684324,459,2082,272900,42.2297536111,-83.7221086111,49.0,4.44000005722,1107.0,10.9803924561,16.0,,,,,,,,10.15625,-6.25,12.5,-3.125
336.753684324,459,2082,273400,42.2297536111,-83.7221086111,49.0,4.44000005722,1107.0,39.2156867981,16.0,,,,,,,,10.15625,-6.25,12.5,-3.125
336.753684324,459,2082,273700,42.2297536111,-83.7221086111,49.0,4.44000005722,1107.0,39.2156867981,16.0,,,,,,,,0.0,-6.25,12.5,-3.125
336.753684324,459,2082,273800,42.2297536111,-83.7221086111,49.0,4.44000005722,1107.0,39.2156867981,16.0,,,,,,,,0.0,-6.25,0.0,-3.125
336.753684324,459,2082,274000,42.2297536111,-83.7221086111,49.0,4.44000005722,1177.0,39.2156867981,16.0,,,,,,,,0.0,-6.25,0.0,-3.125
336.753684324,459,2082,274100,42.2297536111,-83.7221086111,49.0,16.5,1177.0,39.2156867981,16.0,,,,,,,,0.0,-6.25,0.0,-3.125
336.753684324,459,2082,274900,42.229745,-83.722605,50.0,16.5,1177.0,39.2156867981,16.0,,,,,,,,0.0,-6.25,0.0,-3.125
336.753684324,459,2082,276000,42.229745,-83.722605,53.0,16.5,1436.0,39.2156867981,16.0,,,,,,,,0.0,-6.25,0.0,-3.125
336.753684324,459,2082,276100,42.229745,-83.722605,53.0,22.7799987793,1436.0,39.2156867981,16.0,,,,,,,,0.0,-6.25,0.0,-3.125
336.753684324,459,2082,277100,42.229745,-83.722605,54.0,22.7799987793,1436.0,39.2156867981,16.0,,,,,,,,0.0,-6.25,0.0,-3.125
336.753684324,459,2082,277900,42.2297277778,-83.7231619444,54.0,22.7799987793,1436.0,39.2156867981,16.0,,,,,,,,0.0,-6.25,0.0,-3.125
336.753684324,459,2082,278100,42.2297277778,-83.7231619444,54.0,22.7799987793,1531.0,39.2156867981,16.0,,,,,,,,0.0,-6.25,0.0,-3.125
336.753684324,459,2082,278200,42.2297277778,-83.7231619444,56.0,23.0299987793,1531.0,39.2156867981,16.0,,,,,,,,0.0,-6.25,0.0,-3.125
336.753684324,459,2082,278400,42.2297277778,-83.7231619444,56.0,23.0299987793,1531.0,38.4313735962,16.0,,,,,,,,0.0,-6.25,0.0,-3.125
336.753684324,459,2082,278700,42.2297277778,-83.7231619444,56.0,23.0299987793,1531.0,38.4313735962,16.0,,,,,,,,1.5625,-9.375,0.0,-3.125
336.753684324,459,2082,278800,42.2297277778,-83.7231619444,56.0,23.0299987793,1531.0,38.4313735962,16.0,,,,,,,,1.5625,-9.375,1.5625,-3.125
336.753684324,459,2082,279200,42.2297277778,-83.7231619444,58.0,23.0299987793,1531.0,38.4313735962,16.0,,,,,,,,1.5625,-9.375,1.5625,-3.125
336.753684324,459,2082,280100,42.2297277778,-83.7231619444,58.0,23.0299987793,1403.0,38.4313735962,16.0,,,,,,,,1.5625,-9.375,1.5625,-3.125
336.753684324,459,2082,280200,42.2297277778,-83.7231619444,58.0,9.02999973297,1403.0,38.4313735962,16.0,,,,,,,,1.5625,-9.375,1.5625,-3.125
336.753684324,459,2082,280900,42.2297061111,-83.7237511111,58.0,9.02999973297,1403.0,38.4313735962,16.0,,,,,,,,1.5625,-9.375,1.5625,-3.125
336.753684324,459,2082,282100,42.2297061111,-83.7237511111,58.0,9.02999973297,1299.0,38.4313735962,16.0,,,,,,,,1.5625,-9.375,1.5625,-3.125
336.753684324,459,2082,282200,42.2297061111,-83.7237511111,58.0,4.67999982834,1299.0,38.4313735962,16.0,,,,,,,,1.5625,-9.375,1.5625,-3.125
336.753684324,459,2082,282300,42.2297061111,-83.7237511111,57.0,4.67999982834,1299.0,38.4313735962,16.0,,,,,,,,1.5625,-9.375,1.5625,-3.125
336.753684324,459,2082,283500,42.2297061111,-83.7237511111,57.0,4.67999982834,1299.0,17.6470584869,16.0,,,,,,,,1.5625,-9.375,1.5625,-3.125
336.753684324,459,2082,283800,42.2297061111,-83.7237511111,57.0,4.67999982834,1299.0,17.6470584869,16.0,,,,,,,,3.90625,-9.375,1.5625,-3.125
336.753684324,459,2082,283900,42.2296930556,-83.7243341667,57.0,4.67999982834,1299.0,17.6470584869,16.0,,,,,,,,3.90625,-9.375,3.90625,-3.125
336.753684324,459,2082,284100,42.2296930556,-83.7243341667,57.0,4.67999982834,1242.0,17.6470584869,16.0,,,,,,,,3.90625,-9.375,3.90625,-3.125
336.753684324,459,2082,284200,42.2296930556,-83.7243341667,57.0,4.90000009537,1242.0,17.6470584869,16.0,,,,,,,,3.90625,-9.375,3.90625,-3.125
336.753684324,459,2082,284400,42.2296930556,-83.7243341667,56.0,4.90000009537,1242.0,17.6470584869,16.0,,,,,,,,3.90625,-9.375,3.90625,-3.125
336.753684324,459,2082,285500,42.2296930556,-83.7243341667,55.0,4.90000009537,1242.0,17.6470584869,16.0,,,,,,,,3.90625,-9.375,3.90625,-3.125
336.753684324,459,2082,286100,42.2296930556,-83.7243341667,55.0,4.90000009537,1708.0,17.6470584869,16.0,,,,,,,,3.90625,-9.375,3.90625,-3.125
336.753684324,459,2082,286200,42.2296930556,-83.7243341667,55.0,16.4099998474,1708.0,17.6470584869,16.0,,,,,,,,3.90625,-9.375,3.90625,-3.125
336.753684324,459,2082,286900,42.2296802778,-83.7249080556,55.0,16.4099998474,1708.0,17.6470584869,16.0,,,,,,,,3.90625,-9.375,3.90625,-3.125
336.753684324,459,2082,287500,42.2296802778,-83.7249080556,56.0,16.4099998474,1708.0,17.6470584869,16.0,,,,,,,,3.90625,-9.375,3.90625,-3.125
336.753684324,459,2082,288100,42.2296802778,-83.7249080556,56.0,16.4099998474,1509.0,17.6470584869,16.0,,,,,,,,3.90625,-9.375,3.90625,-3.125
336.753684324,459,2082,288200,42.2296802778,-83.7249080556,56.0,28.0999984741,1509.0,17.6470584869,16.0,,,,,,,,3.90625,-9.375,3.90625,-3.125
336.753684324,459,2082,288500,42.2296802778,-83.7249080556,56.0,28.0999984741,1509.0,51.3725509644,16.0,,,,,,,,3.90625,-9.375,3.90625,-3.125
336.753684324,459,2082,288600,42.2296802778,-83.7249080556,58.0,28.0999984741,1509.0,51.3725509644,16.0,,,,,,,,3.90625,-9.375,3.90625,-3.125
336.753684324,459,2082,288800,42.2296802778,-83.7249080556,58.0,28.0999984741,1509.0,51.3725509644,16.0,,,,,,,,21.875,-9.375,3.90625,-3.125
336.753684324,459,2082,288900,42.2296802778,-83.7249080556,58.0,28.0999984741,1509.0,51.3725509644,16.0,,,,,,,,21.875,-9.375,21.875,-3.125
336.753684324,459,2082,289600,42.2296802778,-83.7249080556,59.0,28.0999984741,1509.0,51.3725509644,16.0,,,,,,,,21.875,-9.375,21.875,-3.125
336.753684324,459,2082,290000,42.2296583333,-83.7255022222,59.0,28.0999984741,1509.0,51.3725509644,16.0,,,,,,,,21.875,-9.375,21.875,-3.125
336.753684324,459,2082,290100,42.2296583333,-83.7255022222,59.0,28.0999984741,1409.0,51.3725509644,16.0,,,,,,,,21.875,-9.375,21.875,-3.125
336.753684324,459,2082,290200,42.2296583333,-83.7255022222,59.0,19.5599994659,1409.0,51.3725509644,16.0,,,,,,,,21.875,-9.375,21.875,-3.125
336.753684324,459,2082,290700,42.2296583333,-83.7255022222,61.0,19.5599994659,1409.0,51.3725509644,16.0,,,,,,,,21.875,-9.375,21.875,-3.125
336.753684324,459,2082,291700,42.2296583333,-83.7255022222,62.0,19.5599994659,1409.0,51.3725509644,16.0,,,,,,,,21.875,-9.375,21.875,-3.125
336.753684324,459,2082,292100,42.2296583333,-83.7255022222,62.0,19.5599994659,1494.0,51.3725509644,16.0,,,,,,,,21.875,-9.375,21.875,-3.125
336.753684324,459,2082,292200,42.2296583333,-83.7255022222,62.0,24.4399986267,1494.0,51.3725509644,16.0,,,,,,,,21.875,-9.375,21.875,-3.125
336.753684324,459,2082,292700,42.2296583333,-83.7255022222,63.0,24.4399986267,1494.0,51.3725509644,16.0,,,,,,,,21.875,-9.375,21.875,-3.125
336.753684324,459,2082,292900,42.2296386111,-83.7261369444,63.0,24.4399986267,1494.0,51.3725509644,16.0,,,,,,,,21.875,-9.375,21.875,-3.125
336.753684324,459,2082,293500,42.2296386111,-83.7261369444,63.0,24.4399986267,1494.0,48.235294342,16.0,,,,,,,,21.875,-9.375,21.875,-3.125
336.753684324,459,2082,293800,42.2296386111,-83.7261369444,64.0,24.4399986267,1494.0,48.235294342,16.0,,,,,,,,21.875,-9.375,21.875,-3.125
336.753684324,459,2082,293900,42.2296386111,-83.7261369444,64.0,24.4399986267,1494.0,48.235294342,16.0,,,,,,,,2.34375,-9.375,1.5625,-3.125
336.753684324,459,2082,294100,42.2296386111,-83.7261369444,64.0,24.4399986267,1514.0,48.235294342,16.0,,,,,,,,2.34375,-9.375,1.5625,-3.125
336.753684324,459,2082,294200,42.2296386111,-83.7261369444,64.0,26.3099994659,1514.0,48.235294342,16.0,,,,,,,,2.34375,-9.375,1.5625,-3.125
336.753684324,459,2082,294800,42.2296386111,-83.7261369444,65.0,26.3099994659,1514.0,48.235294342,16.0,,,,,,,,2.34375,-9.375,1.5625,-3.125
336.753684324,459,2082,295900,42.2296211111,-83.7268086111,67.0,26.3099994659,1514.0,48.235294342,16.0,,,,,,,,2.34375,-9.375,1.5625,-3.125
336.753684324,459,2082,296100,42.2296211111,-83.7268086111,67.0,26.3099994659,1523.0,48.235294342,16.0,,,,,,,,2.34375,-9.375,1.5625,-3.125
336.753684324,459,2082,296200,42.2296211111,-83.7268086111,67.0,10.5699996948,1523.0,48.235294342,16.0,,,,,,,,2.34375,-9.375,1.5625,-3.125
336.753684324,459,2082,296900,42.2296211111,-83.7268086111,68.0,10.5699996948,1523.0,48.235294342,16.0,,,,,,,,2.34375,-9.375,1.5625,-3.125
336.753684324,459,2082,297900,42.2296211111,-83.7268086111,67.0,10.5699996948,1523.0,48.235294342,16.0,,,,,,,,2.34375,-9.375,1.5625,-3.125
336.753684324,459,2082,298100,42.2296211111,-83.7268086111,67.0,10.5699996948,1643.0,48.235294342,16.0,,,,,,,,2.34375,-9.375,1.5625,-3.125
336.753684324,459,2082,298200,42.2296211111,-83.7268086111,67.0,16.5799999237,1643.0,48.235294342,16.0,,,,,,,,2.34375,-9.375,1.5625,-3.125
336.753684324,459,2082,298600,42.2296211111,-83.7268086111,67.0,16.5799999237,1643.0,42.3529434204,16.0,,,,,,,,2.34375,-9.375,1.5625,-3.125
336.753684324,459,2082,299000,42.2296127778,-83.7274916667,67.0,16.5799999237,1643.0,42.3529434204,16.0,,,,,,,,2.34375,-9.375,-2.34375,-3.125
336.753684324,459,2082,300100,42.2296127778,-83.7274916667,67.0,16.5799999237,1666.0,42.3529434204,16.0,,,,,,,,2.34375,-9.375,-2.34375,-3.125
336.753684324,459,2082,300200,42.2296127778,-83.7274916667,67.0,18.0900001526,1666.0,42.3529434204,16.0,,,,,,,,2.34375,-9.375,-2.34375,-3.125
336.753684324,459,2082,301900,42.2295983333,-83.7281766667,67.0,18.0900001526,1666.0,42.3529434204,16.0,,,,,,,,2.34375,-9.375,-2.34375,-3.125
336.753684324,459,2082,302100,42.2295983333,-83.7281766667,67.0,18.0900001526,1656.0,42.3529434204,16.0,,,,,,,,2.34375,-9.375,-2.34375,-3.125
336.753684324,459,2082,302200,42.2295983333,-83.7281766667,67.0,16.9499988556,1656.0,42.3529434204,16.0,,,,,,,,2.34375,-9.375,-2.34375,-3.125
336.753684324,459,2082,303600,42.2295983333,-83.7281766667,67.0,16.9499988556,1656.0,16.862745285,16.0,,,,,,,,2.34375,-9.375,-2.34375,-3.125
336.753684324,459,2082,303900,42.2295983333,-83.7281766667,67.0,16.9499988556,1656.0,16.862745285,16.0,,,,,,,,-1.5625,-9.375,-2.34375,-3.125
336.753684324,459,2082,304000,42.2295983333,-83.7281766667,67.0,16.9499988556,1656.0,16.862745285,16.0,,,,,,,,-1.5625,-9.375,-3.125,-3.125
336.753684324,459,2082,304100,42.2295983333,-83.7281766667,67.0,16.9499988556,1666.0,16.862745285,16.0,,,,,,,,-1.5625,-9.375,-3.125,-3.125
336.753684324,459,2082,304200,42.2295983333,-83.7281766667,67.0,10.1399993896,1666.0,16.862745285,16.0,,,,,,,,-1.5625,-9.375,-3.125,-3.125
336.753684324,459,2082,304900,42.2295875,-83.7288561111,67.0,10.1399993896,1666.0,16.862745285,16.0,,,,,,,,-1.5625,-9.375,-3.125,-3.125
336.753684324,459,2082,305200,42.2295875,-83.7288561111,66.0,10.1399993896,1666.0,16.862745285,16.0,,,,,,,,-1.5625,-9.375,-3.125,-3.125
336.753684324,459,2082,306100,42.2295875,-83.7288561111,66.0,10.1399993896,1443.0,16.862745285,16.0,,,,,,,,-1.5625,-9.375,-3.125,-3.125
336.753684324,459,2082,306200,42.2295875,-83.7288561111,66.0,5.98999977112,1443.0,16.862745285,16.0,,,,,,,,-1.5625,-9.375,-3.125,-3.125
336.753684324,459,2082,306300,42.2295875,-83.7288561111,64.0,5.98999977112,1443.0,16.862745285,16.0,,,,,,,,-1.5625,-9.375,-3.125,-3.125
336.753684324,459,2082,307300,42.2295875,-83.7288561111,63.0,5.98999977112,1443.0,16.862745285,16.0,,,,,,,,-1.5625,-9.375,-3.125,-3.125
336.753684324,459,2082,307900,42.2295811111,-83.7295052778,63.0,5.98999977112,1443.0,16.862745285,16.0,,,,,,,,-1.5625,-9.375,-3.125,-3.125
336.753684324,459,2082,308100,42.2295811111,-83.7295052778,63.0,5.98999977112,1463.0,16.862745285,16.0,,,,,,,,-1.5625,-9.375,-3.125,-3.125
336.753684324,459,2082,308200,42.2295811111,-83.7295052778,63.0,8.23999977112,1463.0,16.862745285,16.0,,,,,,,,-1.5625,-9.375,-3.125,-3.125
336.753684324,459,2082,308300,42.2295811111,-83.7295052778,61.0,8.23999977112,1463.0,16.862745285,16.0,,,,,,,,-1.5625,-9.375,-3.125,-3.125
336.753684324,459,2082,308700,42.2295811111,-83.7295052778,61.0,8.23999977112,1463.0,14.9019613266,16.0,,,,,,,,-1.5625,-9.375,-3.125,-3.125
336.753684324,459,2082,308800,42.2295811111,-83.7295052778,61.0,8.23999977112,1463.0,14.9019613266,16.0,,,,,,,,-1.5625,-9.375,-3.125,-7.03125
336.753684324,459,2082,309000,42.2295811111,-83.7295052778,61.0,8.23999977112,1463.0,14.9019613266,16.0,,,,,,,,0.0,-9.375,0.0,-7.03125
336.753684324,459,2082,309400,42.2295811111,-83.7295052778,62.0,8.23999977112,1463.0,14.9019613266,16.0,,,,,,,,0.0,-9.375,0.0,-7.03125
336.753684324,459,2082,310100,42.2295811111,-83.7295052778,62.0,8.23999977112,1353.0,14.9019613266,16.0,,,,,,,,0.0,-9.375,0.0,-7.03125
336.753684324,459,2082,310200,42.2295811111,-83.7295052778,62.0,5.67000007629,1353.0,14.9019613266,16.0,,,,,,,,0.0,-9.375,0.0,-7.03125
336.753684324,459,2082,310500,42.2295811111,-83.7295052778,61.0,5.67000007629,1353.0,14.9019613266,16.0,,,,,,,,0.0,-9.375,0.0,-7.03125
336.753684324,459,2082,311000,42.2295666667,-83.7301294444,61.0,5.67000007629,1353.0,14.9019613266,16.0,,,,,,,,0.0,-9.375,0.0,-7.03125
336.753684324,459,2082,311900,42.2295666667,-83.7301294444,61.0,5.67000007629,1353.0,14.9019613266,16.0,,,,,,,,0.0,-9.375,0.0,-7.03125
336.753684324,459,2082,312100,42.2295666667,-83.7301294444,61.0,5.67000007629,1282.0,14.9019613266,16.0,,,,,,,,0.0,-9.375,0.0,-7.03125
336.753684324,459,2082,312300,42.2295666667,-83.7301294444,61.0,10.8599996567,1282.0,14.9019613266,16.0,,,,,,,,0.0,-9.375,0.0,-7.03125
336.753684324,459,2082,313700,42.2295666667,-83.7301294444,61.0,10.8599996567,1282.0,11.764705658,16.0,,,,,,,,0.0,-9.375,0.0,-7.03125
336.753684324,459,2082,313900,42.2295533333,-83.7307405556,61.0,10.8599996567,1282.0,11.764705658,16.0,,,,,,,,0.0,-9.375,0.0,-7.03125
336.753684324,459,2082,314100,42.2295533333,-83.7307405556,61.0,10.8599996567,1424.0,11.764705658,16.0,,,,,,,,0.0,-9.375,0.0,-7.03125
336.753684324,459,2082,314300,42.2295533333,-83.7307405556,61.0,11.0900001526,1424.0,11.764705658,16.0,,,,,,,,0.0,-9.375,0.0,-7.03125
336.753684324,459,2082,314700,42.2295533333,-83.7307405556,62.0,11.0900001526,1424.0,11.764705658,16.0,,,,,,,,0.0,-9.375,0.0,-7.03125
336.753684324,459,2082,315700,42.2295533333,-83.7307405556,61.0,11.0900001526,1424.0,11.764705658,16.0,,,,,,,,0.0,-9.375,0.0,-7.03125
336.753684324,459,2082,316100,42.2295533333,-83.7307405556,61.0,11.0900001526,1460.0,11.764705658,16.0,,,,,,,,0.0,-9.375,0.0,-7.03125
336.753684324,459,2082,316300,42.2295533333,-83.7307405556,61.0,9.61999988556,1460.0,11.764705658,16.0,,,,,,,,0.0,-9.375,0.0,-7.03125
336.753684324,459,2082,317900,42.2295486111,-83.7315738889,61.0,9.61999988556,1460.0,11.764705658,16.0,,,,,,,,0.0,-9.375,0.0,-7.03125
336.753684324,459,2082,318100,42.2295486111,-83.7315738889,61.0,9.61999988556,1388.0,11.764705658,16.0,,,,,,,,0.0,-9.375,0.0,-7.03125
336.753684324,459,2082,318300,42.2295486111,-83.7315738889,61.0,5.25999975204,1388.0,11.764705658,16.0,,,,,,,,0.0,-9.375,0.0,-7.03125
336.753684324,459,2082,318700,42.2295486111,-83.7315738889,61.0,5.25999975204,1388.0,12.1568632126,16.0,,,,,,,,0.0,-9.375,0.0,-7.03125
336.753684324,459,2082,318800,42.2295486111,-83.7315738889,60.0,5.25999975204,1388.0,12.1568632126,16.0,,,,,,,,0.0,-9.375,0.0,-7.03125
336.753684324,459,2082,319100,42.2295486111,-83.7315738889,60.0,5.25999975204,1388.0,12.1568632126,16.0,,,,,,,,21.875,-9.375,21.875,-7.03125
336.753684324,459,2082,319900,42.2295436111,-83.7319777778,59.0,5.25999975204,1388.0,12.1568632126,16.0,,,,,,,,21.875,-9.375,21.875,-7.03125
336.753684324,459,2082,320100,42.2295436111,-83.7319777778,59.0,5.25999975204,1373.0,12.1568632126,16.0,,,,,,,,21.875,-9.375,21.875,-7.03125
336.753684324,459,2082,320300,42.2295436111,-83.7319777778,59.0,10.0799999237,1373.0,12.1568632126,16.0,,,,,,,,21.875,-9.375,21.875,-7.03125
336.753684324,459,2082,322100,42.2295436111,-83.7319777778,59.0,10.0799999237,1439.0,12.1568632126,16.0,,,,,,,,21.875,-9.375,21.875,-7.03125
336.753684324,459,2082,322300,42.2295436111,-83.7319777778,59.0,19.1399993896,1439.0,12.1568632126,16.0,,,,,,,,21.875,-9.375,21.875,-7.03125
336.753684324,459,2082,323800,42.2295436111,-83.7319777778,59.0,19.1399993896,1439.0,18.8235301971,16.0,,,,,,,,21.875,-9.375,21.875,-7.03125
336.753684324,459,2082,323900,42.2295244444,-83.7327769444,59.0,19.1399993896,1439.0,18.8235301971,16.0,,,,,,,,21.875,-9.375,21.875,-7.03125
336.753684324,459,2082,324100,42.2295244444,-83.7327769444,59.0,19.1399993896,1406.0,18.8235301971,16.0,,,,,,,,-4.6875,-9.375,2.34375,-7.03125
336.753684324,459,2082,324300,42.2295244444,-83.7327769444,59.0,8.02999973297,1406.0,18.8235301971,16.0,,,,,,,,-4.6875,-9.375,2.34375,-7.03125
336.753684324,459,2082,325100,42.2295244444,-83.7327769444,58.0,8.02999973297,1406.0,18.8235301971,16.0,,,,,,,,-4.6875,-9.375,2.34375,-7.03125
336.753684324,459,2082,326100,42.2295244444,-83.7327769444,58.0,8.02999973297,1299.0,18.8235301971,16.0,,,,,,,,-4.6875,-9.375,2.34375,-7.03125
336.753684324,459,2082,326300,42.2295244444,-83.7327769444,58.0,4.56999969482,1299.0,18.8235301971,16.0,,,,,,,,-4.6875,-9.375,2.34375,-7.03125
336.753684324,459,2082,326900,42.2295133333,-83.7333736111,58.0,4.56999969482,1299.0,18.8235301971,16.0,,,,,,,,-4.6875,-9.375,2.34375,-7.03125
336.753684324,459,2082,327100,42.2295133333,-83.7333736111,57.0,4.56999969482,1299.0,18.8235301971,16.0,,,,,,,,-4.6875,-9.375,2.34375,-7.03125
336.753684324,459,2082,328100,42.2295133333,-83.7333736111,57.0,4.56999969482,1228.0,18.8235301971,16.0,,,,,,,,-4.6875,-9.375,2.34375,-7.03125
336.753684324,459,2082,328200,42.2295133333,-83.7333736111,56.0,4.56999969482,1228.0,18.8235301971,16.0,,,,,,,,-4.6875,-9.375,2.34375,-7.03125
336.753684324,459,2082,328300,42.2295133333,-83.7333736111,56.0,4.40000009537,1228.0,18.8235301971,16.0,,,,,,,,-4.6875,-9.375,2.34375,-7.03125
336.753684324,459,2082,328800,42.2295133333,-83.7333736111,56.0,4.40000009537,1228.0,14.9019613266,16.0,,,,,,,,-4.6875,-9.375,2.34375,-7.03125
336.753684324,459,2082,329100,42.2295133333,-83.7333736111,56.0,4.40000009537,1228.0,14.9019613266,16.0,,,,,,,,0.0,-9.375,0.0,-7.03125
336.753684324,459,2082,329200,42.2295133333,-83.7333736111,55.0,4.40000009537,1228.0,14.9019613266,16.0,,,,,,,,0.0,-9.375,0.0,-7.03125
336.753684324,459,2082,329900,42.2295036111,-83.7339330556,55.0,4.40000009537,1228.0,14.9019613266,16.0,,,,,,,,0.0,-9.375,0.0,-7.03125
336.753684324,459,2082,330100,42.2295036111,-83.7339330556,55.0,4.40000009537,1200.0,14.9019613266,16.0,,,,,,,,0.0,-9.375,0.0,-7.03125
336.753684324,459,2082,330300,42.2295036111,-83.7339330556,54.0,4.32999992371,1200.0,14.9019613266,16.0,,,,,,,,0.0,-9.375,0.0,-7.03125
336.753684324,459,2082,331300,42.2295036111,-83.7339330556,53.0,4.32999992371,1200.0,14.9019613266,16.0,,,,,,,,0.0,-9.375,0.0,-7.03125
336.753684324,459,2082,332100,42.2295036111,-83.7339330556,53.0,4.32999992371,1509.0,14.9019613266,16.0,,,,,,,,0.0,-9.375,0.0,-7.03125
336.753684324,459,2082,332300,42.2295036111,-83.7339330556,54.0,19.109998703,1509.0,14.9019613266,16.0,,,,,,,,0.0,-9.375,0.0,-7.03125
336.753684324,459,2082,333000,42.2294852778,-83.7344841667,54.0,19.109998703,1509.0,14.9019613266,16.0,,,,,,,,0.0,-9.375,0.0,-7.03125
336.753684324,459,2082,333400,42.2294852778,-83.7344841667,55.0,19.109998703,1509.0,14.9019613266,16.0,,,,,,,,0.0,-9.375,0.0,-7.03125
336.753684324,459,2082,333900,42.2294852778,-83.7344841667,55.0,19.109998703,1509.0,40.0,16.0,,,,,,,,0.0,-9.375,0.0,-7.03125
336.753684324,459,2082,334100,42.2294852778,-83.7344841667,55.0,19.109998703,1423.0,40.0,16.0,,,,,,,,0.0,-9.375,0.0,-7.03125
336.753684324,459,2082,334200,42.2294852778,-83.7344841667,55.0,19.109998703,1423.0,40.0,16.0,,,,,,,,21.875,-9.375,21.875,-7.03125
336.753684324,459,2082,334300,42.2294852778,-83.7344841667,55.0,6.53999996185,1423.0,40.0,16.0,,,,,,,,21.875,-9.375,21.875,-7.03125
336.753684324,459,2082,334400,42.2294852778,-83.7344841667,56.0,6.53999996185,1423.0,40.0,16.0,,,,,,,,21.875,-9.375,21.875,-7.03125
336.753684324,459,2082,335900,42.2294786111,-83.7350511111,56.0,6.53999996185,1423.0,40.0,16.0,,,,,,,,21.875,-9.375,21.875,-7.03125
336.753684324,459,2082,336100,42.2294786111,-83.7350511111,56.0,6.53999996185,1253.0,40.0,16.0,,,,,,,,21.875,-9.375,21.875,-7.03125
336.753684324,459,2082,336300,42.2294786111,-83.7350511111,56.0,5.09999990463,1253.0,40.0,16.0,,,,,,,,21.875,-9.375,21.875,-7.03125
336.753684324,459,2082,336500,42.2294786111,-83.7350511111,55.0,5.09999990463,1253.0,40.0,16.0,,,,,,,,21.875,-9.375,21.875,-7.03125
336.753684324,459,2082,337500,42.2294786111,-83.7350511111,54.0,5.09999990463,1253.0,40.0,16.0,,,,,,,,21.875,-9.375,21.875,-7.03125
336.753684324,459,2082,338100,42.2294786111,-83.7350511111,54.0,5.09999990463,1174.0,40.0,16.0,,,,,,,,21.875,-9.375,21.875,-7.03125
336.753684324,459,2082,338300,42.2294786111,-83.7350511111,54.0,4.00999975204,1174.0,40.0,16.0,,,,,,,,21.875,-9.375,21.875,-7.03125
336.753684324,459,2082,338600,42.2294786111,-83.7350511111,53.0,4.00999975204,1174.0,40.0,16.0,,,,,,,,21.875,-9.375,21.875,-7.03125
336.753684324,459,2082,338700,42.2294786111,-83.7350511111,53.0,4.00999975204,1174.0,40.0,16.0,,,,,,,,21.875,-7.03125,21.875,-7.03125
336.753684324,459,2082,338800,42.2294786111,-83.7350511111,53.0,4.00999975204,1174.0,40.0,16.0,,,,,,,,21.875,-7.03125,21.875,-4.6875
336.753684324,459,2082,338900,42.2294544444,-83.7355877778,53.0,4.00999975204,1174.0,15.2941179276,16.0,,,,,,,,21.875,-7.03125,21.875,-4.6875
336.753684324,459,2082,339200,42.2294544444,-83.7355877778,53.0,4.00999975204,1174.0,15.2941179276,16.0,,,,,,,,0.0,-7.03125,0.0,-4.6875
336.753684324,459,2082,339600,42.2294544444,-83.7355877778,52.0,4.00999975204,1174.0,15.2941179276,16.0,,,,,,,,0.0,-7.03125,0.0,-4.6875
336.753684324,459,2082,340100,42.2294544444,-83.7355877778,52.0,4.00999975204,1134.0,15.2941179276,16.0,,,,,,,,0.0,-7.03125,0.0,-4.6875
336.753684324,459,2082,340300,42.2294544444,-83.7355877778,52.0,9.30999946594,1134.0,15.2941179276,16.0,,,,,,,,0.0,-7.03125,0.0,-4.6875
336.753684324,459,2082,340700,42.2294544444,-83.7355877778,50.0,9.30999946594,1134.0,15.2941179276,16.0,,,,,,,,0.0,-7.03125,0.0,-4.6875
336.753684324,459,2082,341900,42.2294497222,-83.7361011111,50.0,9.30999946594,1134.0,15.2941179276,16.0,,,,,,,,0.0,-7.03125,0.0,-4.6875
336.753684324,459,2082,342100,42.2294497222,-83.7361011111,50.0,9.30999946594,1365.0,15.2941179276,16.0,,,,,,,,0.0,-7.03125,0.0,-4.6875
336.753684324,459,2082,342300,42.2294497222,-83.7361011111,50.0,15.8599996567,1365.0,15.2941179276,16.0,,,,,,,,0.0,-7.03125,0.0,-4.6875
336.753684324,459,2082,343800,42.2294497222,-83.7361011111,51.0,15.8599996567,1365.0,15.2941179276,16.0,,,,,,,,0.0,-7.03125,0.0,-4.6875
336.753684324,459,2082,343900,42.2294497222,-83.7361011111,51.0,15.8599996567,1365.0,65.8823547363,16.0,,,,,,,,0.0,-7.03125,0.0,-4.6875
336.753684324,459,2082,344200,42.2294497222,-83.7361011111,51.0,15.8599996567,1362.0,65.8823547363,16.0,,,,,,,,0.0,-7.03125,0.0,-4.6875
336.753684324,459,2082,344300,42.2294497222,-83.7361011111,51.0,15.6399993896,1362.0,65.8823547363,16.0,,,,,,,,21.875,-7.03125,21.875,-4.6875
336.753684324,459,2082,344900,42.2294497222,-83.7361011111,52.0,15.6399993896,1362.0,65.8823547363,16.0,,,,,,,,21.875,-7.03125,21.875,-4.6875
336.753684324,459,2082,345000,42.2294452778,-83.7366244444,52.0,15.6399993896,1362.0,65.8823547363,16.0,,,,,,,,21.875,-7.03125,21.875,-4.6875
336.753684324,459,2082,345900,42.2294452778,-83.7366244444,54.0,15.6399993896,1362.0,65.8823547363,16.0,,,,,,,,21.875,-7.03125,21.875,-4.6875
336.753684324,459,2082,346200,42.2294452778,-83.7366244444,54.0,15.6399993896,1420.0,65.8823547363,16.0,,,,,,,,21.875,-7.03125,21.875,-4.6875
336.753684324,459,2082,346300,42.2294452778,-83.7366244444,54.0,8.38000011444,1420.0,65.8823547363,16.0,,,,,,,,21.875,-7.03125,21.875,-4.6875
336.753684324,459,2082,347000,42.2294452778,-83.7366244444,55.0,8.38000011444,1420.0,65.8823547363,16.0,,,,,,,,21.875,-7.03125,21.875,-4.6875
336.753684324,459,2082,347900,42.2294441667,-83.7371794444,55.0,8.38000011444,1420.0,65.8823547363,16.0,,,,,,,,21.875,-7.03125,21.875,-4.6875
336.753684324,459,2082,348000,42.2294441667,-83.7371794444,54.0,8.38000011444,1420.0,65.8823547363,16.0,,,,,,,,21.875,-7.03125,21.875,-4.6875
336.753684324,459,2082,348200,42.2294441667,-83.7371794444,54.0,8.38000011444,1256.0,65.8823547363,16.0,,,,,,,,21.875,-7.03125,21.875,-4.6875
336.753684324,459,2082,348300,42.2294441667,-83.7371794444,54.0,3.13999986649,1256.0,65.8823547363,16.0,,,,,,,,21.875,-7.03125,21.875,-4.6875
336.753684324,459,2082,349000,42.2294441667,-83.7371794444,54.0,3.13999986649,1256.0,32.5490188599,16.0,,,,,,,,21.875,-7.03125,21.875,-4.6875
336.753684324,459,2082,349100,42.2294441667,-83.7371794444,53.0,3.13999986649,1256.0,32.5490188599,16.0,,,,,,,,21.875,-7.03125,21.875,-4.6875
336.753684324,459,2082,349300,42.2294441667,-83.7371794444,53.0,3.13999986649,1256.0,32.5490188599,16.0,,,,,,,,0.78125,-7.03125,0.78125,-4.6875
336.753684324,459,2082,350100,42.2294441667,-83.7371794444,52.0,3.13999986649,1256.0,32.5490188599,16.0,,,,,,,,0.78125,-7.03125,0.78125,-4.6875
336.753684324,459,2082,350200,42.2294441667,-83.7371794444,52.0,3.13999986649,1390.0,32.5490188599,16.0,,,,,,,,0.78125,-7.03125,0.78125,-4.6875
336.753684324,459,2082,350300,42.2294441667,-83.7371794444,52.0,10.8599996567,1390.0,32.5490188599,16.0,,,,,,,,0.78125,-7.03125,0.78125,-4.6875
336.753684324,459,2082,350900,42.2294372222,-83.7377161111,52.0,10.8599996567,1390.0,32.5490188599,16.0,,,,,,,,0.78125,-7.03125,0.78125,-4.6875
336.753684324,459,2082,351100,42.2294372222,-83.7377161111,51.0,10.8599996567,1390.0,32.5490188599,16.0,,,,,,,,0.78125,-7.03125,0.78125,-4.6875
336.753684324,459,2082,352200,42.2294372222,-83.7377161111,51.0,10.8599996567,1268.0,32.5490188599,16.0,,,,,,,,0.78125,-7.03125,0.78125,-4.6875
336.753684324,459,2082,352300,42.2294372222,-83.7377161111,51.0,1.62000000477,1268.0,32.5490188599,16.0,,,,,,,,0.78125,-7.03125,0.78125,-4.6875
336.753684324,459,2082,353200,42.2294372222,-83.7377161111,50.0,1.62000000477,1268.0,32.5490188599,16.0,,,,,,,,0.78125,-7.03125,0.78125,-4.6875
336.753684324,459,2082,353900,42.2294058333,-83.7382277778,50.0,1.62000000477,1268.0,32.5490188599,16.0,,,,,,,,0.78125,-7.03125,0.78125,-4.6875
336.753684324,459,2082,354000,42.2294058333,-83.7382277778,50.0,1.62000000477,1268.0,16.4705886841,16.0,,,,,,,,0.78125,-7.03125,0.78125,-4.6875
336.753684324,459,2082,354200,42.2294058333,-83.7382277778,50.0,1.62000000477,1015.0,16.4705886841,16.0,,,,,,,,0.78125,-7.03125,0.78125,-4.6875
336.753684324,459,2082,354300,42.2294058333,-83.7382277778,47.0,3.27999997139,1015.0,16.4705886841,16.0,,,,,,,,-4.6875,-7.03125,-3.90625,-4.6875
336.753684324,459,2082,355300,42.2294058333,-83.7382277778,39.0,3.27999997139,1015.0,16.4705886841,16.0,,,,,,,,-4.6875,-7.03125,-3.90625,-4.6875
336.753684324,459,2082,356200,42.2294058333,-83.7382277778,39.0,3.27999997139,1031.0,16.4705886841,16.0,,,,,,,,-4.6875,-7.03125,-3.90625,-4.6875
336.753684324,459,2082,356300,42.2294058333,-83.7382277778,34.0,6.46999979019,1031.0,16.4705886841,16.0,,,,,,,,-4.6875,-7.03125,-3.90625,-4.6875
336.753684324,459,2082,356900,42.2293986111,-83.7386069444,34.0,6.46999979019,1031.0,16.4705886841,16.0,,,,,,,,-4.6875,-7.03125,-3.90625,-4.6875
336.753684324,459,2082,357400,42.2293986111,-83.7386069444,32.0,6.46999979019,1031.0,16.4705886841,16.0,,,,,,,,-4.6875,-7.03125,-3.90625,-4.6875
336.753684324,459,2082,358200,42.2293986111,-83.7386069444,32.0,6.46999979019,1196.0,16.4705886841,16.0,,,,,,,,-4.6875,-7.03125,-3.90625,-4.6875
336.753684324,459,2082,358300,42.2293986111,-83.7386069444,32.0,7.48999977112,1196.0,16.4705886841,16.0,,,,,,,,-4.6875,-7.03125,-3.90625,-4.6875
336.753684324,459,2082,358400,42.2293986111,-83.7386069444,31.0,7.48999977112,1196.0,16.4705886841,16.0,,,,,,,,-4.6875,-7.03125,-3.90625,-4.6875
336.753684324,459,2082,359100,42.2293986111,-83.7386069444,31.0,7.48999977112,1196.0,25.882352829,16.0,,,,,,,,-4.6875,-7.03125,-3.90625,-4.6875
336.753684324,459,2082,359400,42.2293986111,-83.7386069444,31.0,7.48999977112,1196.0,25.882352829,16.0,,,,,,,,1.5625,-7.03125,2.34375,-4.6875
336.753684324,459,2082,359500,42.2293986111,-83.7386069444,30.0,7.48999977112,1196.0,25.882352829,16.0,,,,,,,,1.5625,-7.03125,2.34375,-4.6875
336.753684324,459,2082,359900,42.2295044444,-83.7389069444,30.0,7.48999977112,1196.0,25.882352829,16.0,,,,,,,,1.5625,-7.03125,2.34375,-4.6875
336.753684324,459,2082,360200,42.2295044444,-83.7389069444,30.0,7.48999977112,1168.0,25.882352829,16.0,,,,,,,,1.5625,-7.03125,2.34375,-4.6875
336.753684324,459,2082,360300,42.2295044444,-83.7389069444,30.0,7.06999969482,1168.0,25.882352829,16.0,,,,,,,,1.5625,-7.03125,2.34375,-4.6875
336.753684324,459,2082,361500,42.2295044444,-83.7389069444,29.0,7.06999969482,1168.0,25.882352829,16.0,,,,,,,,1.5625,-7.03125,2.34375,-4.6875
336.753684324,459,2082,362200,42.2295044444,-83.7389069444,29.0,7.06999969482,2160.0,25.882352829,16.0,,,,,,,,1.5625,-7.03125,2.34375,-4.6875
336.753684324,459,2082,362300,42.2295044444,-83.7389069444,29.0,38.6800003052,2160.0,25.882352829,16.0,,,,,,,,1.5625,-7.03125,2.34375,-4.6875
336.753684324,459,2082,362600,42.2295044444,-83.7389069444,31.0,38.6800003052,2160.0,25.882352829,16.0,,,,,,,,1.5625,-7.03125,2.34375,-4.6875
336.753684324,459,2082,363000,42.2295163889,-83.7391936111,31.0,38.6800003052,2160.0,25.882352829,16.0,,,,,,,,1.5625,-7.03125,2.34375,-4.6875
336.753684324,459,2082,363600,42.2295163889,-83.7391936111,36.0,38.6800003052,2160.0,25.882352829,16.0,,,,,,,,1.5625,-7.03125,2.34375,-4.6875
336.753684324,459,2082,364100,42.2295163889,-83.7391936111,36.0,38.6800003052,2160.0,55.2941169739,16.0,,,,,,,,1.5625,-7.03125,2.34375,-4.6875
336.753684324,459,2082,364200,42.2295163889,-83.7391936111,36.0,38.6800003052,2299.0,55.2941169739,16.0,,,,,,,,1.5625,-7.03125,2.34375,-4.6875
336.753684324,459,2082,364300,42.2295163889,-83.7391936111,36.0,41.219997406,2299.0,55.2941169739,16.0,,,,,,,,1.5625,-7.03125,2.34375,-4.6875
336.753684324,459,2082,364400,42.2295163889,-83.7391936111,36.0,41.219997406,2299.0,55.2941169739,16.0,,,,,,,,3.125,-7.03125,5.46875,-4.6875
336.753684324,459,2082,364700,42.2295163889,-83.7391936111,42.0,41.219997406,2299.0,55.2941169739,16.0,,,,,,,,3.125,-7.03125,5.46875,-4.6875
336.753684324,459,2082,365700,42.2295163889,-83.7391936111,46.0,41.219997406,2299.0,55.2941169739,16.0,,,,,,,,3.125,-7.03125,5.46875,-4.6875
336.753684324,459,2082,365900,42.2294633333,-83.7396016667,46.0,41.219997406,2299.0,55.2941169739,16.0,,,,,,,,3.125,-7.03125,5.46875,-4.6875
336.753684324,459,2082,366200,42.2294633333,-83.7396016667,46.0,41.219997406,2285.0,55.2941169739,16.0,,,,,,,,3.125,-7.03125,5.46875,-4.6875
336.753684324,459,2082,366300,42.2294633333,-83.7396016667,46.0,51.8799972534,2285.0,55.2941169739,16.0,,,,,,,,3.125,-7.03125,5.46875,-4.6875
336.753684324,459,2082,366700,42.2294633333,-83.7396016667,51.0,51.8799972534,2285.0,55.2941169739,16.0,,,,,,,,3.125,-7.03125,5.46875,-4.6875
336.753684324,459,2082,367800,42.2294633333,-83.7396016667,56.0,51.8799972534,2285.0,55.2941169739,16.0,,,,,,,,3.125,-7.03125,5.46875,-4.6875
336.753684324,459,2082,368200,42.2294633333,-83.7396016667,56.0,51.8799972534,2377.0,55.2941169739,16.0,,,,,,,,3.125,-7.03125,5.46875,-4.6875
336.753684324,459,2082,368300,42.2294633333,-83.7396016667,56.0,48.4399986267,2377.0,55.2941169739,16.0,,,,,,,,3.125,-7.03125,5.46875,-4.6875
336.753684324,459,2082,368700,42.2294633333,-83.7396016667,56.0,48.4399986267,2377.0,55.2941169739,16.0,,,,,,,,3.125,-9.375,5.46875,-4.6875
336.753684324,459,2082,368800,42.2294633333,-83.7396016667,59.0,48.4399986267,2377.0,55.2941169739,16.0,,,,,,,,3.125,-9.375,5.46875,-5.46875
336.753684324,459,2082,369000,42.2294202778,-83.7401291667,59.0,48.4399986267,2377.0,55.2941169739,16.0,,,,,,,,3.125,-9.375,5.46875,-5.46875
336.753684324,459,2082,369100,42.2294202778,-83.7401291667,59.0,48.4399986267,2377.0,47.8431396484,16.0,,,,,,,,3.125,-9.375,5.46875,-5.46875
336.753684324,459,2082,369500,42.2294202778,-83.7401291667,59.0,48.4399986267,2377.0,47.8431396484,16.0,,,,,,,,-6.25,-9.375,-1.5625,-5.46875
336.753684324,459,2082,369900,42.2294202778,-83.7401291667,61.0,48.4399986267,2377.0,47.8431396484,16.0,,,,,,,,-6.25,-9.375,-1.5625,-5.46875
336.753684324,459,2082,370200,42.2294202778,-83.7401291667,61.0,48.4399986267,2056.0,47.8431396484,16.0,,,,,,,,-6.25,-9.375,-1.5625,-5.46875
336.753684324,459,2082,370300,42.2294202778,-83.7401291667,61.0,21.5599994659,2056.0,47.8431396484,16.0,,,,,,,,-6.25,-9.375,-1.5625,-5.46875
336.753684324,459,2082,371900,42.2293822222,-83.7407475,61.0,21.5599994659,2056.0,47.8431396484,16.0,,,,,,,,-6.25,-9.375,-1.5625,-5.46875
336.753684324,459,2082,372200,42.2293822222,-83.7407475,61.0,21.5599994659,1492.0,47.8431396484,16.0,,,,,,,,-6.25,-9.375,-1.5625,-5.46875
336.753684324,459,2082,372300,42.2293822222,-83.7407475,61.0,13.4299993515,1492.0,47.8431396484,16.0,,,,,,,,-6.25,-9.375,-1.5625,-5.46875
336.753684324,459,2082,374200,42.2293822222,-83.7407475,61.0,13.4299993515,1418.0,26.2745094299,16.0,,,,,,,,-6.25,-9.375,-1.5625,-5.46875
336.753684324,459,2082,374300,42.2293822222,-83.7407475,61.0,8.38000011444,1418.0,26.2745094299,16.0,,,,,,,,-6.25,-9.375,-1.5625,-5.46875
336.753684324,459,2082,374500,42.2293822222,-83.7407475,61.0,8.38000011444,1418.0,26.2745094299,16.0,,,,,,,,0.78125,-9.375,3.125,-5.46875
336.753684324,459,2082,374900,42.2293563889,-83.7413708333,61.0,8.38000011444,1418.0,26.2745094299,16.0,,,,,,,,0.78125,-9.375,3.125,-5.46875
336.753684324,459,2082,375100,42.2293563889,-83.7413708333,60.0,8.38000011444,1418.0,26.2745094299,16.0,,,,,,,,0.78125,-9.375,3.125,-5.46875
336.753684324,459,2082,376100,42.2293563889,-83.7413708333,61.0,8.38000011444,1418.0,26.2745094299,16.0,,,,,,,,0.78125,-9.375,3.125,-5.46875
336.753684324,459,2082,376200,42.2293563889,-83.7413708333,61.0,8.38000011444,1543.0,26.2745094299,16.0,,,,,,,,0.78125,-9.375,3.125,-5.46875
336.753684324,459,2082,376300,42.2293563889,-83.7413708333,61.0,18.1000003815,1543.0,26.2745094299,16.0,,,,,,,,0.78125,-9.375,3.125,-5.46875
336.753684324,459,2082,378300,42.2293563889,-83.7413708333,61.0,18.1000003815,1484.0,26.2745094299,16.0,,,,,,,,0.78125,-9.375,3.125,-5.46875
336.753684324,459,2082,378400,42.2293563889,-83.7413708333,61.0,9.18999958038,1484.0,26.2745094299,16.0,,,,,,,,0.78125,-9.375,3.125,-5.46875
336.753684324,459,2082,378900,42.2293319444,-83.7422002778,61.0,9.18999958038,1484.0,26.2745094299,16.0,,,,,,,,0.78125,-9.375,3.125,-5.46875
336.753684324,459,2082,379200,42.2293319444,-83.7422002778,61.0,9.18999958038,1484.0,38.4313735962,16.0,,,,,,,,0.78125,-9.375,3.125,-5.46875
336.753684324,459,2082,379500,42.2293319444,-83.7422002778,61.0,9.18999958038,1484.0,38.4313735962,16.0,,,,,,,,-3.125,-9.375,2.34375,-5.46875
336.753684324,459,2082,380300,42.2293319444,-83.7422002778,61.0,9.18999958038,1538.0,38.4313735962,16.0,,,,,,,,-3.125,-9.375,2.34375,-5.46875
336.753684324,459,2082,380400,42.2293319444,-83.7422002778,61.0,12.8299999237,1538.0,38.4313735962,16.0,,,,,,,,-3.125,-9.375,2.34375,-5.46875
336.753684324,459,2082,382000,42.2293086111,-83.7428291667,61.0,12.8299999237,1538.0,38.4313735962,16.0,,,,,,,,-3.125,-9.375,2.34375,-5.46875
336.753684324,459,2082,382300,42.2293086111,-83.7428291667,61.0,12.8299999237,1484.0,38.4313735962,16.0,,,,,,,,-3.125,-9.375,2.34375,-5.46875
336.753684324,459,2082,382400,42.2293086111,-83.7428291667,61.0,9.25,1484.0,38.4313735962,16.0,,,,,,,,-3.125,-9.375,2.34375,-5.46875
336.753684324,459,2082,383500,42.2293086111,-83.7428291667,59.0,9.25,1484.0,38.4313735962,16.0,,,,,,,,-3.125,-9.375,2.34375,-5.46875
336.753684324,459,2082,384300,42.2293086111,-83.7428291667,59.0,9.25,1224.0,15.2941179276,16.0,,,,,,,,-3.125,-9.375,2.34375,-5.46875
336.753684324,459,2082,384400,42.2293086111,-83.7428291667,59.0,4.17999982834,1224.0,15.2941179276,16.0,,,,,,,,-3.125,-9.375,2.34375,-5.46875
336.753684324,459,2082,384500,42.2293086111,-83.7428291667,56.0,4.17999982834,1224.0,15.2941179276,16.0,,,,,,,,-3.125,-9.375,2.34375,-5.46875
336.753684324,459,2082,384600,42.2293086111,-83.7428291667,56.0,4.17999982834,1224.0,15.2941179276,16.0,,,,,,,,-2.34375,-9.375,3.90625,-5.46875
336.753684324,459,2082,385000,42.2292872222,-83.7434227778,56.0,4.17999982834,1224.0,15.2941179276,16.0,,,,,,,,-2.34375,-9.375,3.90625,-5.46875
336.753684324,459,2082,385500,42.2292872222,-83.7434227778,52.0,4.17999982834,1224.0,15.2941179276,16.0,,,,,,,,-2.34375,-9.375,3.90625,-5.46875
336.753684324,459,2082,386300,42.2292872222,-83.7434227778,52.0,4.17999982834,1113.0,15.2941179276,16.0,,,,,,,,-2.34375,-9.375,3.90625,-5.46875
336.753684324,459,2082,386400,42.2292872222,-83.7434227778,52.0,4.15999984741,1113.0,15.2941179276,16.0,,,,,,,,-2.34375,-9.375,3.90625,-5.46875
336.753684324,459,2082,386600,42.2292872222,-83.7434227778,51.0,4.15999984741,1113.0,15.2941179276,16.0,,,,,,,,-2.34375,-9.375,3.90625,-5.46875
336.753684324,459,2082,387600,42.2292872222,-83.7434227778,49.0,4.15999984741,1113.0,15.2941179276,16.0,,,,,,,,-2.34375,-9.375,3.90625,-5.46875
336.753684324,459,2082,387900,42.2292733333,-83.7439358333,49.0,4.15999984741,1113.0,15.2941179276,16.0,,,,,,,,-2.34375,-9.375,3.90625,-5.46875
336.753684324,459,2082,388300,42.2292733333,-83.7439358333,49.0,4.15999984741,1011.0,15.2941179276,16.0,,,,,,,,-2.34375,-9.375,3.90625,-5.46875
336.753684324,459,2082,388400,42.2292733333,-83.7439358333,49.0,3.83999991417,1011.0,15.2941179276,16.0,,,,,,,,-2.34375,-9.375,3.90625,-5.46875
336.753684324,459,2082,388700,42.2292733333,-83.7439358333,45.0,3.83999991417,1011.0,15.2941179276,16.0,,,,,,,,-2.34375,-9.375,3.90625,-5.46875
336.753684324,459,2082,389300,42.2292733333,-83.7439358333,45.0,3.83999991417,1011.0,15.6862745285,16.0,,,,,,,,-2.34375,-9.375,3.90625,-5.46875
336.753684324,459,2082,389600,42.2292733333,-83.7439358333,45.0,3.83999991417,1011.0,15.6862745285,16.0,,,,,,,,0.0,-9.375,0.0,-5.46875
336.753684324,459,2082,389700,42.2292733333,-83.7439358333,42.0,3.83999991417,1011.0,15.6862745285,16.0,,,,,,,,0.0,-9.375,0.0,-5.46875
336.753684324,459,2082,390300,42.2292733333,-83.7439358333,42.0,3.83999991417,1268.0,15.6862745285,16.0,,,,,,,,0.0,-9.375,0.0,-5.46875
336.753684324,459,2082,390400,42.2292733333,-83.7439358333,42.0,4.26999998093,1268.0,15.6862745285,16.0,,,,,,,,0.0,-9.375,0.0,-5.46875
336.753684324,459,2082,390700,42.2292733333,-83.7439358333,40.0,4.26999998093,1268.0,15.6862745285,16.0,,,,,,,,0.0,-9.375,0.0,-5.46875
336.753684324,459,2082,390900,42.2292652778,-83.7443630556,40.0,4.26999998093,1268.0,15.6862745285,16.0,,,,,,,,0.0,-9.375,0.0,-5.46875
336.753684324,459,2082,391800,42.2292652778,-83.7443630556,36.0,4.26999998093,1268.0,15.6862745285,16.0,,,,,,,,0.0,-9.375,0.0,-5.46875
336.753684324,459,2082,392300,42.2292652778,-83.7443630556,36.0,4.26999998093,1107.0,15.6862745285,16.0,,,,,,,,0.0,-9.375,0.0,-5.46875
336.753684324,459,2082,392400,42.2292652778,-83.7443630556,36.0,4.48999977112,1107.0,15.6862745285,16.0,,,,,,,,0.0,-9.375,0.0,-5.46875
336.753684324,459,2082,392800,42.2292652778,-83.7443630556,34.0,4.48999977112,1107.0,15.6862745285,16.0,,,,,,,,0.0,-9.375,0.0,-5.46875
336.753684324,459,2082,393900,42.2292611111,-83.7447125,32.0,4.48999977112,1107.0,15.6862745285,16.0,,,,,,,,0.0,-9.375,0.0,-5.46875
336.753684324,459,2082,394300,42.2292611111,-83.7447125,32.0,4.48999977112,929.0,15.2941179276,16.0,,,,,,,,0.0,-9.375,0.0,-5.46875
336.753684324,459,2082,394400,42.2292611111,-83.7447125,32.0,4.40000009537,929.0,15.2941179276,16.0,,,,,,,,0.0,-9.375,0.0,-5.46875
336.753684324,459,2082,394700,42.2292611111,-83.7447125,32.0,4.40000009537,929.0,15.2941179276,16.0,,,,,,,,21.875,-9.375,21.875,-5.46875
336.753684324,459,2082,394900,42.2292611111,-83.7447125,30.0,4.40000009537,929.0,15.2941179276,16.0,,,,,,,,21.875,-9.375,21.875,-5.46875
336.753684324,459,2082,395900,42.2292611111,-83.7447125,26.0,4.40000009537,929.0,15.2941179276,16.0,,,,,,,,21.875,-9.375,21.875,-5.46875
336.753684324,459,2082,396300,42.2292611111,-83.7447125,26.0,4.40000009537,991.0,15.2941179276,16.0,,,,,,,,21.875,-9.375,21.875,-5.46875
336.753684324,459,2082,396400,42.2292611111,-83.7447125,26.0,4.65000009537,991.0,15.2941179276,16.0,,,,,,,,21.875,-9.375,21.875,-5.46875
336.753684324,459,2082,397000,42.2292533333,-83.7449736111,19.0,4.65000009537,991.0,15.2941179276,16.0,,,,,,,,21.875,-9.375,21.875,-5.46875
336.753684324,459,2082,398000,42.2292533333,-83.7449736111,12.0,4.65000009537,991.0,15.2941179276,16.0,,,,,,,,21.875,-9.375,21.875,-5.46875
336.753684324,459,2082,398300,42.2292533333,-83.7449736111,12.0,4.65000009537,805.0,15.2941179276,16.0,,,,,,,,21.875,-9.375,21.875,-5.46875
336.753684324,459,2082,398400,42.2292533333,-83.7449736111,12.0,4.69999980927,805.0,15.2941179276,16.0,,,,,,,,21.875,-9.375,21.875,-5.46875
336.753684324,459,2082,398700,42.2292533333,-83.7449736111,12.0,4.69999980927,805.0,15.2941179276,16.0,,,,,,,,21.875,-7.03125,21.875,-5.46875
336.753684324,459,2082,398800,42.2292533333,-83.7449736111,12.0,4.69999980927,805.0,15.2941179276,16.0,,,,,,,,21.875,-7.03125,21.875,-4.6875
336.753684324,459,2082,399100,42.2292533333,-83.7449736111,4.0,4.69999980927,805.0,15.2941179276,16.0,,,,,,,,21.875,-7.03125,21.875,-4.6875
336.753684324,459,2082,399400,42.2292533333,-83.7449736111,4.0,4.69999980927,805.0,20.392156601,16.0,,,,,,,,21.875,-7.03125,21.875,-4.6875
336.753684324,459,2082,399900,42.2292511111,-83.7450511111,4.0,4.69999980927,805.0,20.392156601,16.0,,,,,,,,21.875,-7.03125,21.875,-4.6875
336.753684324,459,2082,400100,42.2292511111,-83.7450511111,1.0,4.69999980927,805.0,20.392156601,16.0,,,,,,,,21.875,-7.03125,21.875,-4.6875
336.753684324,459,2082,400300,42.2292511111,-83.7450511111,1.0,4.69999980927,684.0,20.392156601,16.0,,,,,,,,21.875,-7.03125,21.875,-4.6875
336.753684324,459,2082,400400,42.2292511111,-83.7450511111,1.0,4.92000007629,684.0,20.392156601,16.0,,,,,,,,21.875,-7.03125,21.875,-4.6875
336.753684324,459,2082,400900,42.2292511111,-83.7450511111,0.0,4.92000007629,684.0,20.392156601,16.0,,,,,,,,21.875,-7.03125,21.875,-4.6875
336.753684324,459,2082,401000,42.2292511111,-83.7450511111,0.0,4.92000007629,677.0,20.392156601,16.0,,,,,,,,21.875,-7.03125,21.875,-4.6875
336.753684324,459,2082,401100,42.2292511111,-83.7450511111,0.0,4.92999982834,677.0,19.607843399,16.0,,,,,,,,21.875,-7.03125,21.875,-4.6875
336.753684324,459,2082,401500,42.2292511111,-83.7450511111,0.0,4.92999982834,677.0,19.607843399,16.0,,,,,,,,21.875,-7.03125,21.09375,-4.6875
336.753684324,459,2082,401600,42.2292511111,-83.7450511111,0.0,4.92999982834,677.0,19.607843399,16.0,,,,,,,,21.875,-5.46875,21.09375,-4.6875
336.753684324,459,2082,401700,42.2292511111,-83.7450511111,0.0,4.92999982834,677.0,19.607843399,16.0,,,,,,,,21.875,-5.46875,21.09375,-3.125
336.753684324,459,2082,403000,42.2292511111,-83.7450511111,0.0,4.92999982834,692.0,19.607843399,16.0,,,,,,,,21.875,-5.46875,21.09375,-3.125
336.753684324,459,2082,405000,42.2292511111,-83.7450511111,0.0,4.92999982834,697.0,19.607843399,16.0,,,,,,,,21.875,-5.46875,21.09375,-3.125
336.753684324,459,2082,406100,42.2292511111,-83.7450511111,0.0,5.06999969482,697.0,19.607843399,16.0,,,,,,,,21.875,-5.46875,21.09375,-3.125
336.753684324,459,2082,406200,42.2292511111,-83.7450511111,0.0,5.06999969482,697.0,20.7843132019,16.0,,,,,,,,21.875,-5.46875,21.09375,-3.125
336.753684324,459,2082,407000,42.2292511111,-83.7450511111,0.0,5.06999969482,703.0,20.7843132019,16.0,,,,,,,,21.875,-5.46875,21.09375,-3.125
336.753684324,459,2082,409000,42.2292511111,-83.7450511111,0.0,5.06999969482,695.0,20.7843132019,16.0,,,,,,,,21.875,-5.46875,21.09375,-3.125
336.753684324,459,2082,411000,42.2292511111,-83.7450511111,0.0,5.06999969482,694.0,20.7843132019,16.0,,,,,,,,21.875,-5.46875,21.09375,-3.125
336.753684324,459,2082,411100,42.2292511111,-83.7450511111,0.0,5.13999986649,694.0,20.7843132019,16.0,,,,,,,,21.875,-5.46875,21.09375,-3.125
336.753684324,459,2082,411300,42.2292511111,-83.7450511111,0.0,5.13999986649,694.0,20.392156601,16.0,,,,,,,,21.875,-5.46875,21.09375,-3.125
336.753684324,459,2082,411500,42.2292511111,-83.7450511111,0.0,5.13999986649,694.0,20.392156601,16.0,,,,,,,,1.5625,-5.46875,21.09375,-3.125
336.753684324,459,2082,411600,42.2292511111,-83.7450511111,0.0,5.13999986649,694.0,20.392156601,16.0,,,,,,,,1.5625,-5.46875,-1.5625,-3.125
336.753684324,459,2082,412900,42.2292694444,-83.7450516667,0.0,5.13999986649,694.0,20.392156601,16.0,,,,,,,,1.5625,-5.46875,-1.5625,-3.125
336.753684324,459,2082,413000,42.2292694444,-83.7450516667,5.0,5.13999986649,694.0,20.392156601,16.0,,,,,,,,1.5625,-5.46875,-1.5625,-3.125
336.753684324,459,2082,413100,42.2292694444,-83.7450516667,5.0,29.8899993896,1843.0,20.392156601,16.0,,,,,,,,1.5625,-5.46875,-1.5625,-3.125
336.753684324,459,2082,413200,42.2292694444,-83.7450516667,5.0,29.8899993896,1843.0,45.490196228,16.0,,,,,,,,1.5625,-5.46875,-1.5625,-3.125
336.753684324,459,2082,413500,42.2292694444,-83.7450516667,5.0,29.8899993896,1843.0,45.490196228,16.0,,,,,,,,0.0,-5.46875,-1.5625,-3.125
336.753684324,459,2082,413700,42.2292694444,-83.7450516667,5.0,29.8899993896,1843.0,45.490196228,16.0,,,,,,,,0.0,-6.25,-1.5625,-3.125
336.753684324,459,2082,414900,42.2292694444,-83.7451261111,5.0,29.8899993896,1843.0,45.490196228,16.0,,,,,,,,0.0,-6.25,-1.5625,-3.125
336.753684324,459,2082,415100,42.2292694444,-83.7451261111,14.0,38.7700004578,2197.0,45.490196228,16.0,,,,,,,,0.0,-6.25,-1.5625,-3.125
336.753684324,459,2082,416100,42.2292694444,-83.7451261111,23.0,38.7700004578,2197.0,45.490196228,16.0,,,,,,,,0.0,-6.25,-1.5625,-3.125
336.753684324,459,2082,417000,42.2292694444,-83.7451261111,23.0,38.7700004578,2197.0,45.490196228,16.0,,,,,,,,0.0,-6.25,-1.5625,-3.125
336.753684324,459,2082,417100,42.2292694444,-83.7451261111,29.0,45.219997406,2395.0,45.490196228,16.0,,,,,,,,0.0,-6.25,-1.5625,-3.125
336.753684324,459,2082,418200,42.2292694444,-83.7451261111,35.0,45.219997406,2395.0,45.490196228,16.0,,,,,,,,0.0,-6.25,-1.5625,-3.125
336.753684324,459,2082,418300,42.2292694444,-83.7451261111,35.0,45.219997406,2395.0,50.9803924561,16.0,,,,,,,,0.0,-6.25,-1.5625,-3.125
336.753684324,459,2082,418900,42.2292641667,-83.7455458333,35.0,45.219997406,2395.0,50.9803924561,16.0,,,,,,,,0.0,-6.25,-1.5625,-3.125
336.753684324,459,2082,419100,42.2292641667,-83.7455458333,35.0,55.5699996948,2040.0,50.9803924561,16.0,,,,,,,,0.0,-6.25,-1.5625,-3.125
336.753684324,459,2082,419200,42.2292641667,-83.7455458333,39.0,55.5699996948,2040.0,50.9803924561,16.0,,,,,,,,0.0,-6.25,-1.5625,-3.125
336.753684324,459,2082,420300,42.2292641667,-83.7455458333,45.0,55.5699996948,2040.0,50.9803924561,16.0,,,,,,,,0.0,-6.25,-1.5625,-3.125
336.753684324,459,2082,421100,42.2292641667,-83.7455458333,45.0,44.5699996948,2206.0,50.9803924561,16.0,,,,,,,,0.0,-6.25,-1.5625,-3.125
336.753684324,459,2082,421300,42.2292641667,-83.7455458333,51.0,44.5699996948,2206.0,50.9803924561,16.0,,,,,,,,0.0,-6.25,-1.5625,-3.125
336.753684324,459,2082,421900,42.22925,-83.7460455556,51.0,44.5699996948,2206.0,50.9803924561,16.0,,,,,,,,0.0,-6.25,-1.5625,-3.125
336.753684324,459,2082,422300,42.22925,-83.7460455556,54.0,44.5699996948,2206.0,50.9803924561,16.0,,,,,,,,0.0,-6.25,-1.5625,-3.125
336.753684324,459,2082,423100,42.22925,-83.7460455556,54.0,39.3499984741,2028.0,50.9803924561,16.0,,,,,,,,0.0,-6.25,-1.5625,-3.125
336.753684324,459,2082,423300,42.22925,-83.7460455556,54.0,39.3499984741,2028.0,54.1176490784,16.0,,,,,,,,0.0,-6.25,-1.5625,-3.125
336.753684324,459,2082,423400,42.22925,-83.7460455556,58.0,39.3499984741,2028.0,54.1176490784,16.0,,,,,,,,0.0,-6.25,-1.5625,-3.125
336.753684324,459,2082,423600,42.22925,-83.7460455556,58.0,39.3499984741,2028.0,54.1176490784,16.0,,,,,,,,-4.6875,-6.25,-1.5625,-3.125
336.753684324,459,2082,423700,42.22925,-83.7460455556,58.0,39.3499984741,2028.0,54.1176490784,16.0,,,,,,,,-4.6875,-6.25,-5.46875,-3.125
336.753684324,459,2082,424400,42.22925,-83.7460455556,61.0,39.3499984741,2028.0,54.1176490784,16.0,,,,,,,,-4.6875,-6.25,-5.46875,-3.125
336.753684324,459,2082,424900,42.2292333333,-83.7466505556,61.0,39.3499984741,2028.0,54.1176490784,16.0,,,,,,,,-4.6875,-6.25,-5.46875,-3.125
336.753684324,459,2082,425100,42.2292333333,-83.7466505556,61.0,23.3500003815,1670.0,54.1176490784,16.0,,,,,,,,-4.6875,-6.25,-5.46875,-3.125
336.753684324,459,2082,425500,42.2292333333,-83.7466505556,62.0,23.3500003815,1670.0,54.1176490784,16.0,,,,,,,,-4.6875,-6.25,-5.46875,-3.125
336.753684324,459,2082,426500,42.2292333333,-83.7466505556,63.0,23.3500003815,1670.0,54.1176490784,16.0,,,,,,,,-4.6875,-6.25,-5.46875,-3.125
336.753684324,459,2082,427100,42.2292333333,-83.7466505556,63.0,8.26999950409,1457.0,54.1176490784,16.0,,,,,,,,-4.6875,-6.25,-5.46875,-3.125
336.753684324,459,2082,427500,42.2292333333,-83.7466505556,64.0,8.26999950409,1457.0,54.1176490784,16.0,,,,,,,,-4.6875,-6.25,-5.46875,-3.125
336.753684324,459,2082,427900,42.2292152778,-83.7472969444,64.0,8.26999950409,1457.0,54.1176490784,16.0,,,,,,,,-4.6875,-6.25,-5.46875,-3.125
336.753684324,459,2082,428300,42.2292152778,-83.7472969444,64.0,8.26999950409,1457.0,36.4705886841,16.0,,,,,,,,-4.6875,-6.25,-5.46875,-3.125
336.753684324,459,2082,428700,42.2292152778,-83.7472969444,64.0,8.26999950409,1457.0,36.4705886841,16.0,,,,,,,,-3.90625,-6.25,-3.125,-3.125
336.753684324,459,2082,429100,42.2292152778,-83.7472969444,64.0,15.5499992371,1562.0,36.4705886841,16.0,,,,,,,,-3.90625,-6.25,-3.125,-3.125
336.753684324,459,2082,430900,42.2291944444,-83.74795,64.0,15.5499992371,1562.0,36.4705886841,16.0,,,,,,,,-3.90625,-6.25,-3.125,-3.125
336.753684324,459,2082,431100,42.2291944444,-83.74795,64.0,17.7999992371,1586.0,36.4705886841,16.0,,,,,,,,-3.90625,-6.25,-3.125,-3.125
336.753684324,459,2082,431700,42.2291944444,-83.74795,65.0,17.7999992371,1586.0,36.4705886841,16.0,,,,,,,,-3.90625,-6.25,-3.125,-3.125
336.753684324,459,2082,433100,42.2291944444,-83.74795,65.0,12.5699996948,1508.0,36.4705886841,16.0,,,,,,,,-3.90625,-6.25,-3.125,-3.125
336.753684324,459,2082,433400,42.2291944444,-83.74795,65.0,12.5699996948,1508.0,21.9607849121,16.0,,,,,,,,-3.90625,-6.25,-3.125,-3.125
336.753684324,459,2082,433700,42.2291944444,-83.74795,65.0,12.5699996948,1508.0,21.9607849121,16.0,,,,,,,,5.46875,-6.25,-3.125,-3.125
336.753684324,459,2082,433800,42.2291944444,-83.74795,66.0,12.5699996948,1508.0,21.9607849121,16.0,,,,,,,,5.46875,-6.25,6.25,-3.125
336.753684324,459,2082,433900,42.2291791667,-83.7486163889,66.0,12.5699996948,1508.0,21.9607849121,16.0,,,,,,,,5.46875,-6.25,6.25,-3.125
336.753684324,459,2082,435100,42.2291791667,-83.7486163889,66.0,15.1499996185,1663.0,21.9607849121,16.0,,,,,,,,5.46875,-6.25,6.25,-3.125
336.753684324,459,2082,436900,42.2291552778,-83.7492908333,66.0,15.1499996185,1663.0,21.9607849121,16.0,,,,,,,,5.46875,-6.25,6.25,-3.125
336.753684324,459,2082,437100,42.2291552778,-83.7492908333,66.0,26.7699985504,1623.0,21.9607849121,16.0,,,,,,,,5.46875,-6.25,6.25,-3.125
336.753684324,459,2082,437900,42.2291552778,-83.7492908333,67.0,26.7699985504,1623.0,21.9607849121,16.0,,,,,,,,5.46875,-6.25,6.25,-3.125
336.753684324,459,2082,438400,42.2291552778,-83.7492908333,67.0,26.7699985504,1623.0,18.4313735962,16.0,,,,,,,,5.46875,-6.25,6.25,-3.125
336.753684324,459,2082,438700,42.2291552778,-83.7492908333,67.0,26.7699985504,1623.0,18.4313735962,16.0,,,,,,,,2.34375,-6.25,6.25,-3.125
336.753684324,459,2082,438800,42.2291552778,-83.7492908333,67.0,26.7699985504,1623.0,18.4313735962,16.0,,,,,,,,2.34375,-6.25,5.46875,-3.125
336.753684324,459,2082,439000,42.2291552778,-83.7492908333,68.0,26.7699985504,1623.0,18.4313735962,16.0,,,,,,,,2.34375,-6.25,5.46875,-3.125
336.753684324,459,2082,439100,42.2291552778,-83.7492908333,68.0,10.1799993515,1548.0,18.4313735962,16.0,,,,,,,,2.34375,-6.25,5.46875,-3.125
336.753684324,459,2082,439900,42.2291286111,-83.7499827778,68.0,10.1799993515,1548.0,18.4313735962,16.0,,,,,,,,2.34375,-6.25,5.46875,-3.125
336.753684324,459,2082,441100,42.2291286111,-83.7499827778,68.0,23.0,1679.0,18.4313735962,16.0,,,,,,,,2.34375,-6.25,5.46875,-3.125
336.753684324,459,2082,442100,42.2291286111,-83.7499827778,69.0,23.0,1679.0,18.4313735962,16.0,,,,,,,,2.34375,-6.25,5.46875,-3.125
336.753684324,459,2082,443000,42.2290991667,-83.7506786111,69.0,23.0,1679.0,18.4313735962,16.0,,,,,,,,2.34375,-6.25,5.46875,-3.125
336.753684324,459,2082,443100,42.2290991667,-83.7506786111,69.0,23.0,1568.0,18.4313735962,16.0,,,,,,,,2.34375,-6.25,5.46875,-3.125
336.753684324,459,2082,443200,42.2290991667,-83.7506786111,69.0,9.93999958038,1568.0,18.4313735962,16.0,,,,,,,,2.34375,-6.25,5.46875,-3.125
336.753684324,459,2082,443400,42.2290991667,-83.7506786111,69.0,9.93999958038,1568.0,17.6470584869,16.0,,,,,,,,2.34375,-6.25,5.46875,-3.125
336.753684324,459,2082,443800,42.2290991667,-83.7506786111,69.0,9.93999958038,1568.0,17.6470584869,16.0,,,,,,,,-1.5625,-6.25,5.46875,-3.125
336.753684324,459,2082,443900,42.2290991667,-83.7506786111,69.0,9.93999958038,1568.0,17.6470584869,16.0,,,,,,,,-1.5625,-6.25,1.5625,-3.125
336.753684324,459,2082,445100,42.2290991667,-83.7506786111,69.0,9.93999958038,1290.0,17.6470584869,16.0,,,,,,,,-1.5625,-6.25,1.5625,-3.125
336.753684324,459,2082,445200,42.2290991667,-83.7506786111,69.0,15.0,1290.0,17.6470584869,16.0,,,,,,,,-1.5625,-6.25,1.5625,-3.125
336.753684324,459,2082,446000,42.229065,-83.7513766667,69.0,15.0,1290.0,17.6470584869,16.0,,,,,,,,-1.5625,-6.25,1.5625,-3.125
336.753684324,459,2082,447100,42.229065,-83.7513766667,69.0,15.0,1298.0,17.6470584869,16.0,,,,,,,,-1.5625,-6.25,1.5625,-3.125
336.753684324,459,2082,447200,42.229065,-83.7513766667,69.0,16.9799995422,1298.0,17.6470584869,16.0,,,,,,,,-1.5625,-6.25,1.5625,-3.125
336.753684324,459,2082,447400,42.229065,-83.7513766667,70.0,16.9799995422,1298.0,17.6470584869,16.0,,,,,,,,-1.5625,-6.25,1.5625,-3.125
336.753684324,459,2082,448400,42.229065,-83.7513766667,70.0,16.9799995422,1298.0,48.235294342,16.0,,,,,,,,-1.5625,-6.25,1.5625,-3.125
336.753684324,459,2082,448800,42.229065,-83.7513766667,70.0,16.9799995422,1298.0,48.235294342,16.0,,,,,,,,5.46875,-6.25,1.5625,-3.125
336.753684324,459,2082,448900,42.2290302778,-83.7520869444,70.0,16.9799995422,1298.0,48.235294342,16.0,,,,,,,,5.46875,-6.25,4.6875,-3.125
336.753684324,459,2082,449100,42.2290302778,-83.7520869444,70.0,16.9799995422,1373.0,48.235294342,16.0,,,,,,,,5.46875,-6.25,4.6875,-3.125
336.753684324,459,2082,449200,42.2290302778,-83.7520869444,70.0,11.0699996948,1373.0,48.235294342,16.0,,,,,,,,5.46875,-6.25,4.6875,-3.125
336.753684324,459,2082,449500,42.2290302778,-83.7520869444,71.0,11.0699996948,1373.0,48.235294342,16.0,,,,,,,,5.46875,-6.25,4.6875,-3.125
336.753684324,459,2082,451100,42.2290302778,-83.7520869444,71.0,11.0699996948,1270.0,48.235294342,16.0,,,,,,,,5.46875,-6.25,4.6875,-3.125
336.753684324,459,2082,451200,42.2290302778,-83.7520869444,71.0,9.81999969482,1270.0,48.235294342,16.0,,,,,,,,5.46875,-6.25,4.6875,-3.125
336.753684324,459,2082,451900,42.2290063889,-83.7528083333,71.0,9.81999969482,1270.0,48.235294342,16.0,,,,,,,,5.46875,-6.25,4.6875,-3.125
336.753684324,459,2082,453100,42.2290063889,-83.7528083333,71.0,9.81999969482,1222.0,48.235294342,16.0,,,,,,,,5.46875,-6.25,4.6875,-3.125
336.753684324,459,2082,453200,42.2290063889,-83.7528083333,71.0,10.0799999237,1222.0,48.235294342,16.0,,,,,,,,5.46875,-6.25,4.6875,-3.125
336.753684324,459,2082,453500,42.2290063889,-83.7528083333,71.0,10.0799999237,1222.0,37.254901886,16.0,,,,,,,,5.46875,-6.25,4.6875,-3.125
336.753684324,459,2082,453600,42.2290063889,-83.7528083333,70.0,10.0799999237,1222.0,37.254901886,16.0,,,,,,,,5.46875,-6.25,4.6875,-3.125
336.753684324,459,2082,453900,42.2290063889,-83.7528083333,70.0,10.0799999237,1222.0,37.254901886,16.0,,,,,,,,4.6875,-6.25,-0.78125,-3.125
336.753684324,459,2082,455000,42.22898,-83.7535238889,70.0,10.0799999237,1222.0,37.254901886,16.0,,,,,,,,4.6875,-6.25,-0.78125,-3.125
336.753684324,459,2082,455100,42.22898,-83.7535238889,70.0,10.0799999237,1215.0,37.254901886,16.0,,,,,,,,4.6875,-6.25,-0.78125,-3.125
336.753684324,459,2082,455200,42.22898,-83.7535238889,70.0,11.6499996185,1215.0,37.254901886,16.0,,,,,,,,4.6875,-6.25,-0.78125,-3.125
336.753684324,459,2082,455700,42.22898,-83.7535238889,71.0,11.6499996185,1215.0,37.254901886,16.0,,,,,,,,4.6875,-6.25,-0.78125,-3.125
336.753684324,459,2082,456700,42.22898,-83.7535238889,70.0,11.6499996185,1215.0,37.254901886,16.0,,,,,,,,4.6875,-6.25,-0.78125,-3.125
336.753684324,459,2082,457100,42.22898,-83.7535238889,70.0,11.6499996185,1277.0,37.254901886,16.0,,,,,,,,4.6875,-6.25,-0.78125,-3.125
336.753684324,459,2082,457200,42.22898,-83.7535238889,70.0,11.7599992752,1277.0,37.254901886,16.0,,,,,,,,4.6875,-6.25,-0.78125,-3.125
336.753684324,459,2082,457800,42.22898,-83.7535238889,69.0,11.7599992752,1277.0,37.254901886,16.0,,,,,,,,4.6875,-6.25,-0.78125,-3.125
336.753684324,459,2082,457900,42.2289161111,-83.7542008333,69.0,11.7599992752,1277.0,37.254901886,16.0,,,,,,,,4.6875,-6.25,-0.78125,-3.125
336.753684324,459,2082,458500,42.2289161111,-83.7542008333,69.0,11.7599992752,1277.0,32.1568641663,16.0,,,,,,,,4.6875,-6.25,-0.78125,-3.125
336.753684324,459,2082,458900,42.2289161111,-83.7542008333,69.0,11.7599992752,1277.0,32.1568641663,16.0,,,,,,,,5.46875,-6.25,-0.78125,-3.125
336.753684324,459,2082,459000,42.2289161111,-83.7542008333,69.0,11.7599992752,1277.0,32.1568641663,16.0,,,,,,,,5.46875,-6.25,5.46875,-3.125
336.753684324,459,2082,459100,42.2289161111,-83.7542008333,69.0,11.7599992752,1225.0,32.1568641663,16.0,,,,,,,,5.46875,-6.25,5.46875,-3.125
336.753684324,459,2082,459200,42.2289161111,-83.7542008333,69.0,10.3000001907,1225.0,32.1568641663,16.0,,,,,,,,5.46875,-6.25,5.46875,-3.125
336.753684324,459,2082,461000,42.2288766667,-83.7548747222,69.0,10.3000001907,1225.0,32.1568641663,16.0,,,,,,,,5.46875,-6.25,5.46875,-3.125
336.753684324,459,2082,461100,42.2288766667,-83.7548747222,69.0,10.3000001907,1215.0,32.1568641663,16.0,,,,,,,,5.46875,-6.25,5.46875,-3.125
336.753684324,459,2082,461200,42.2288766667,-83.7548747222,69.0,13.3599996567,1215.0,32.1568641663,16.0,,,,,,,,5.46875,-6.25,5.46875,-3.125
336.753684324,459,2082,463000,42.2288766667,-83.7548747222,70.0,13.3599996567,1215.0,32.1568641663,16.0,,,,,,,,5.46875,-6.25,5.46875,-3.125
336.753684324,459,2082,463100,42.2288766667,-83.7548747222,70.0,13.3599996567,1271.0,32.1568641663,16.0,,,,,,,,5.46875,-6.25,5.46875,-3.125
336.753684324,459,2082,463200,42.2288766667,-83.7548747222,70.0,13.8099994659,1271.0,32.1568641663,16.0,,,,,,,,5.46875,-6.25,5.46875,-3.125
336.753684324,459,2082,463500,42.2288766667,-83.7548747222,70.0,13.8099994659,1271.0,33.3333320618,16.0,,,,,,,,5.46875,-6.25,5.46875,-3.125
336.753684324,459,2082,463900,42.2288591667,-83.7555833333,70.0,13.8099994659,1271.0,33.3333320618,16.0,,,,,,,,0.0,-6.25,5.46875,-3.125
336.753684324,459,2082,464000,42.2288591667,-83.7555833333,69.0,13.8099994659,1271.0,33.3333320618,16.0,,,,,,,,0.0,-6.25,5.46875,-3.125
336.753684324,459,2082,465100,42.2288591667,-83.7555833333,69.0,13.8099994659,1242.0,33.3333320618,16.0,,,,,,,,0.0,-6.25,5.46875,-3.125
336.753684324,459,2082,465200,42.2288591667,-83.7555833333,69.0,9.19999980927,1242.0,33.3333320618,16.0,,,,,,,,0.0,-6.25,5.46875,-3.125
336.753684324,459,2082,466100,42.2288591667,-83.7555833333,70.0,9.19999980927,1242.0,33.3333320618,16.0,,,,,,,,0.0,-6.25,5.46875,-3.125
336.753684324,459,2082,467000,42.2288305556,-83.7562952778,70.0,9.19999980927,1242.0,33.3333320618,16.0,,,,,,,,0.0,-6.25,5.46875,-3.125
336.753684324,459,2082,467100,42.2288305556,-83.7562952778,69.0,9.19999980927,1301.0,33.3333320618,16.0,,,,,,,,0.0,-6.25,5.46875,-3.125
336.753684324,459,2082,467200,42.2288305556,-83.7562952778,69.0,10.1499996185,1301.0,33.3333320618,16.0,,,,,,,,0.0,-6.25,5.46875,-3.125
336.753684324,459,2082,468200,42.2288305556,-83.7562952778,68.0,10.1499996185,1301.0,33.3333320618,16.0,,,,,,,,0.0,-6.25,5.46875,-3.125
336.753684324,459,2082,468600,42.2288305556,-83.7562952778,68.0,10.1499996185,1301.0,36.4705886841,16.0,,,,,,,,0.0,-6.25,5.46875,-3.125
336.753684324,459,2082,469000,42.2288305556,-83.7562952778,68.0,10.1499996185,1301.0,36.4705886841,16.0,,,,,,,,-1.5625,-6.25,5.46875,-3.125
336.753684324,459,2082,469100,42.2288305556,-83.7562952778,68.0,10.1499996185,1166.0,36.4705886841,16.0,,,,,,,,-1.5625,-6.25,-1.5625,-3.125
336.753684324,459,2082,469200,42.2288305556,-83.7562952778,68.0,9.25,1166.0,36.4705886841,16.0,,,,,,,,-1.5625,-6.25,-1.5625,-3.125
336.753684324,459,2082,469900,42.2288166667,-83.7569941667,68.0,9.25,1166.0,36.4705886841,16.0,,,,,,,,-1.5625,-6.25,-1.5625,-3.125
336.753684324,459,2082,470300,42.2288166667,-83.7569941667,67.0,9.25,1166.0,36.4705886841,16.0,,,,,,,,-1.5625,-6.25,-1.5625,-3.125
336.753684324,459,2082,471100,42.2288166667,-83.7569941667,67.0,9.25,1099.0,36.4705886841,16.0,,,,,,,,-1.5625,-6.25,-1.5625,-3.125
336.753684324,459,2082,471200,42.2288166667,-83.7569941667,67.0,3.92999982834,1099.0,36.4705886841,16.0,,,,,,,,-1.5625,-6.25,-1.5625,-3.125
336.753684324,459,2082,471300,42.2288166667,-83.7569941667,65.0,3.92999982834,1099.0,36.4705886841,16.0,,,,,,,,-1.5625,-6.25,-1.5625,-3.125
336.753684324,459,2082,473100,42.2288166667,-83.7569941667,65.0,3.92999982834,1230.0,36.4705886841,16.0,,,,,,,,-1.5625,-6.25,-1.5625,-3.125
336.753684324,459,2082,473200,42.2288166667,-83.7569941667,65.0,4.03999996185,1230.0,36.4705886841,16.0,,,,,,,,-1.5625,-6.25,-1.5625,-3.125
336.753684324,459,2082,473400,42.2288166667,-83.7569941667,64.0,4.03999996185,1230.0,36.4705886841,16.0,,,,,,,,-1.5625,-6.25,-1.5625,-3.125
336.753684324,459,2082,473600,42.2288166667,-83.7569941667,64.0,4.03999996185,1230.0,10.1960783005,16.0,,,,,,,,-1.5625,-6.25,-1.5625,-3.125
336.753684324,459,2082,473800,42.2288166667,-83.7569941667,64.0,4.03999996185,1230.0,10.1960783005,16.0,,,,,,,,-1.5625,-9.375,-1.5625,-6.25
336.753684324,459,2082,473900,42.2287811111,-83.7578705556,64.0,4.03999996185,1230.0,10.1960783005,16.0,,,,,,,,-1.5625,-9.375,-1.5625,-6.25
336.753684324,459,2082,474000,42.2287811111,-83.7578705556,64.0,4.03999996185,1230.0,10.1960783005,16.0,,,,,,,,0.0,-9.375,-1.5625,-6.25
336.753684324,459,2082,474100,42.2287811111,-83.7578705556,64.0,4.03999996185,1230.0,10.1960783005,16.0,,,,,,,,0.0,-9.375,-2.34375,-6.25
336.753684324,459,2082,474400,42.2287811111,-83.7578705556,60.0,4.03999996185,1230.0,10.1960783005,16.0,,,,,,,,0.0,-9.375,-2.34375,-6.25
336.753684324,459,2082,475100,42.2287811111,-83.7578705556,60.0,4.03999996185,1277.0,10.1960783005,16.0,,,,,,,,0.0,-9.375,-2.34375,-6.25
336.753684324,459,2082,475200,42.2287811111,-83.7578705556,60.0,4.36999988556,1277.0,10.1960783005,16.0,,,,,,,,0.0,-9.375,-2.34375,-6.25
336.753684324,459,2082,475500,42.2287811111,-83.7578705556,57.0,4.36999988556,1277.0,10.1960783005,16.0,,,,,,,,0.0,-9.375,-2.34375,-6.25
336.753684324,459,2082,475900,42.2287669444,-83.7582497222,57.0,4.36999988556,1277.0,10.1960783005,16.0,,,,,,,,0.0,-9.375,-2.34375,-6.25
336.753684324,459,2082,476500,42.2287669444,-83.7582497222,53.0,4.36999988556,1277.0,10.1960783005,16.0,,,,,,,,0.0,-9.375,-2.34375,-6.25
336.753684324,459,2082,477000,42.2287669444,-83.7582497222,53.0,4.36999988556,1277.0,10.1960783005,16.0,,,,,,,,0.0,-9.375,-2.34375,-6.25
336.753684324,459,2082,477100,42.2287669444,-83.7582497222,53.0,4.36999988556,1108.0,10.1960783005,16.0,,,,,,,,0.0,-9.375,-2.34375,-6.25
336.753684324,459,2082,477300,42.2287669444,-83.7582497222,53.0,4.05999994278,1108.0,10.1960783005,16.0,,,,,,,,0.0,-9.375,-2.34375,-6.25
336.753684324,459,2082,477600,42.2287669444,-83.7582497222,49.0,4.05999994278,1108.0,10.1960783005,16.0,,,,,,,,0.0,-9.375,-2.34375,-6.25
336.753684324,459,2082,478700,42.2287669444,-83.7582497222,42.0,4.05999994278,1108.0,9.01960754395,16.0,,,,,,,,0.0,-9.375,-2.34375,-6.25
336.753684324,459,2082,479200,42.2287669444,-83.7582497222,42.0,4.05999994278,921.0,9.01960754395,16.0,,,,,,,,0.0,-9.375,0.0,-6.25
336.753684324,459,2082,479300,42.2287669444,-83.7582497222,42.0,5.01999998093,921.0,9.01960754395,16.0,,,,,,,,0.0,-9.375,0.0,-6.25
336.753684324,459,2082,479800,42.2287669444,-83.7582497222,34.0,5.01999998093,921.0,9.01960754395,16.0,,,,,,,,0.0,-9.375,0.0,-6.25
336.753684324,459,2082,479900,42.2287561111,-83.7588308333,34.0,5.01999998093,921.0,9.01960754395,16.0,,,,,,,,0.0,-9.375,0.0,-6.25
336.753684324,459,2082,480800,42.2287561111,-83.7588308333,28.0,5.01999998093,921.0,9.01960754395,16.0,,,,,,,,0.0,-9.375,0.0,-6.25
336.753684324,459,2082,481200,42.2287561111,-83.7588308333,28.0,5.01999998093,944.0,9.01960754395,16.0,,,,,,,,0.0,-9.375,0.0,-6.25
336.753684324,459,2082,481300,42.2287561111,-83.7588308333,28.0,5.69999980927,944.0,9.01960754395,16.0,,,,,,,,0.0,-9.375,0.0,-6.25
336.753684324,459,2082,481900,42.2287561111,-83.7588308333,19.0,5.69999980927,944.0,9.01960754395,16.0,,,,,,,,0.0,-9.375,0.0,-6.25
336.753684324,459,2082,482900,42.2287561111,-83.7590275,13.0,5.69999980927,944.0,9.01960754395,16.0,,,,,,,,0.0,-9.375,0.0,-6.25
336.753684324,459,2082,483200,42.2287561111,-83.7590275,13.0,5.69999980927,711.0,9.01960754395,16.0,,,,,,,,0.0,-9.375,0.0,-6.25
336.753684324,459,2082,483300,42.2287561111,-83.7590275,13.0,4.81999969482,711.0,9.01960754395,16.0,,,,,,,,0.0,-9.375,0.0,-6.25
336.753684324,459,2082,483700,42.2287561111,-83.7590275,13.0,4.81999969482,711.0,19.2156867981,16.0,,,,,,,,0.0,-9.375,0.0,-6.25
336.753684324,459,2082,483900,42.2287561111,-83.7590275,8.0,4.81999969482,711.0,19.2156867981,16.0,,,,,,,,0.0,-9.375,0.0,-6.25
336.753684324,459,2082,484100,42.2287561111,-83.7590275,8.0,4.81999969482,711.0,19.2156867981,16.0,,,,,,,,21.875,-9.375,0.0,-6.25
336.753684324,459,2082,484200,42.2287561111,-83.7590275,8.0,4.81999969482,711.0,19.2156867981,16.0,,,,,,,,21.875,-9.375,21.875,-6.25
336.753684324,459,2082,485000,42.2287561111,-83.7590275,3.0,4.81999969482,711.0,19.2156867981,16.0,,,,,,,,21.875,-9.375,21.875,-6.25
336.753684324,459,2082,485500,42.2287561111,-83.7590275,0.0,4.81999969482,672.0,19.2156867981,16.0,,,,,,,,21.875,-9.375,21.875,-6.25
336.753684324,459,2082,485600,42.2287561111,-83.7590275,0.0,4.83999967575,672.0,19.2156867981,16.0,,,,,,,,21.875,-9.375,21.875,-6.25
336.753684324,459,2082,485700,42.2287561111,-83.7590275,0.0,4.83999967575,672.0,20.0,16.0,,,,,,,,21.875,-9.375,21.875,-6.25
336.753684324,459,2082,485900,42.2287561111,-83.7590275,0.0,4.83999967575,672.0,20.0,15.0,,,,,,,,21.875,-9.375,21.875,-6.25
336.753684324,459,2082,486200,42.2287561111,-83.7590275,0.0,4.83999967575,672.0,20.0,15.0,,,,,,,,21.875,-4.6875,21.875,-6.25
336.753684324,459,2082,486300,42.2287561111,-83.7590275,0.0,4.83999967575,672.0,20.0,15.0,,,,,,,,21.875,-4.6875,21.875,-1.5625
336.753684324,459,2082,487500,42.2287561111,-83.7590275,0.0,4.83999967575,677.0,20.0,15.0,,,,,,,,21.875,-4.6875,21.875,-1.5625
336.753684324,459,2082,489500,42.2287561111,-83.7590275,0.0,4.83999967575,689.0,20.0,15.0,,,,,,,,21.875,-4.6875,21.875,-1.5625
336.753684324,459,2082,490700,42.2287561111,-83.7590275,0.0,5.00999975204,689.0,20.392156601,15.0,,,,,,,,21.875,-4.6875,21.875,-1.5625
336.753684324,459,2082,491500,42.2287561111,-83.7590275,0.0,5.00999975204,689.0,20.392156601,15.0,,,,,,,,21.875,-4.6875,21.875,-1.5625
336.753684324,459,2082,493500,42.2287561111,-83.7590275,0.0,5.00999975204,690.0,20.392156601,15.0,,,,,,,,21.875,-4.6875,21.875,-1.5625
336.753684324,459,2082,495500,42.2287561111,-83.7590275,0.0,5.00999975204,694.0,20.392156601,15.0,,,,,,,,21.875,-4.6875,21.875,-1.5625
336.753684324,459,2082,495700,42.2287561111,-83.7590275,0.0,5.09999990463,694.0,20.392156601,15.0,,,,,,,,21.875,-4.6875,21.875,-1.5625
336.753684324,459,2082,495800,42.2287561111,-83.7590275,0.0,5.09999990463,694.0,20.7843132019,15.0,,,,,,,,21.875,-4.6875,21.875,-1.5625
336.753684324,459,2082,496100,42.2287561111,-83.7590275,0.0,5.09999990463,694.0,20.7843132019,15.0,,,,,,,,0.78125,-4.6875,21.875,-1.5625
336.753684324,459,2082,496200,42.2287561111,-83.7590275,0.0,5.09999990463,694.0,20.7843132019,15.0,,,,,,,,0.78125,-4.6875,0.78125,-1.5625
336.753684324,459,2082,497500,42.2287561111,-83.7590275,0.0,5.09999990463,705.0,20.7843132019,15.0,,,,,,,,0.78125,-4.6875,0.78125,-1.5625
336.753684324,459,2082,499500,42.2287561111,-83.7590275,0.0,5.09999990463,705.0,20.7843132019,15.0,,,,,,,,0.78125,-4.6875,0.78125,-1.5625
336.753684324,459,2082,500700,42.2287561111,-83.7590275,0.0,5.15999984741,705.0,20.7843132019,15.0,,,,,,,,0.78125,-4.6875,0.78125,-1.5625
336.753684324,459,2082,500800,42.2287561111,-83.7590275,0.0,5.15999984741,705.0,20.392156601,15.0,,,,,,,,0.78125,-4.6875,0.78125,-1.5625
336.753684324,459,2082,501100,42.2287561111,-83.7590275,0.0,5.15999984741,705.0,20.392156601,15.0,,,,,,,,-2.34375,-4.6875,0.78125,-1.5625
336.753684324,459,2082,501200,42.2287561111,-83.7590275,0.0,5.15999984741,705.0,20.392156601,15.0,,,,,,,,-2.34375,-4.6875,-2.34375,-1.5625
336.753684324,459,2082,501500,42.2287561111,-83.7590275,0.0,5.15999984741,701.0,20.392156601,15.0,,,,,,,,-2.34375,-4.6875,-2.34375,-1.5625
336.753684324,459,2082,503500,42.2287561111,-83.7590275,0.0,5.15999984741,701.0,20.392156601,15.0,,,,,,,,-2.34375,-4.6875,-2.34375,-1.5625
336.753684324,459,2082,505500,42.2287561111,-83.7590275,0.0,5.15999984741,696.0,20.392156601,15.0,,,,,,,,-2.34375,-4.6875,-2.34375,-1.5625
336.753684324,459,2082,505800,42.2287561111,-83.7590275,0.0,5.15000009537,696.0,20.392156601,15.0,,,,,,,,-2.34375,-4.6875,-2.34375,-1.5625
336.753684324,459,2082,505900,42.2287561111,-83.7590275,0.0,5.15000009537,696.0,20.7843132019,15.0,,,,,,,,-2.34375,-4.6875,-2.34375,-1.5625
336.753684324,459,2082,506200,42.2287561111,-83.7590275,0.0,5.15000009537,696.0,20.7843132019,15.0,,,,,,,,-1.5625,-4.6875,-2.34375,-1.5625
336.753684324,459,2082,507500,42.2287561111,-83.7590275,0.0,5.15000009537,704.0,20.7843132019,15.0,,,,,,,,-1.5625,-4.6875,-2.34375,-1.5625
336.753684324,459,2082,509500,42.2287561111,-83.7590275,0.0,5.15000009537,699.0,20.7843132019,15.0,,,,,,,,-1.5625,-4.6875,-2.34375,-1.5625
336.753684324,459,2082,511300,42.2287561111,-83.7590275,0.0,5.15000009537,699.0,20.7843132019,15.0,,,,,,,,-1.5625,-4.6875,-1.5625,-1.5625
336.753684324,459,2082,511600,42.2287561111,-83.7590275,0.0,5.15000009537,704.0,20.7843132019,15.0,,,,,,,,-1.5625,-4.6875,-1.5625,-1.5625
336.753684324,459,2082,512800,42.2287666667,-83.7590822222,0.0,5.15000009537,704.0,20.7843132019,15.0,,,,,,,,-1.5625,-4.6875,-1.5625,-1.5625
336.753684324,459,2082,513600,42.2287666667,-83.7590822222,0.0,5.15000009537,707.0,20.7843132019,15.0,,,,,,,,-1.5625,-4.6875,-1.5625,-1.5625
336.753684324,459,2082,515600,42.2287666667,-83.7590822222,0.0,5.15000009537,699.0,20.7843132019,15.0,,,,,,,,-1.5625,-4.6875,-1.5625,-1.5625
336.753684324,459,2082,515900,42.2287666667,-83.7590822222,0.0,5.15999984741,699.0,20.392156601,15.0,,,,,,,,-1.5625,-4.6875,-1.5625,-1.5625
336.753684324,459,2082,517600,42.2287666667,-83.7590822222,0.0,5.15999984741,701.0,20.392156601,15.0,,,,,,,,-1.5625,-4.6875,-1.5625,-1.5625
336.753684324,459,2082,519600,42.2287666667,-83.7590822222,0.0,5.15999984741,698.0,20.392156601,15.0,,,,,,,,-1.5625,-4.6875,-1.5625,-1.5625
336.753684324,459,2082,520900,42.2287666667,-83.7590822222,0.0,5.17999982834,698.0,20.7843132019,15.0,,,,,,,,-1.5625,-4.6875,-1.5625,-1.5625
336.753684324,459,2082,521400,42.2287666667,-83.7590822222,0.0,5.17999982834,698.0,20.7843132019,15.0,,,,,,,,-1.5625,-4.6875,2.34375,-1.5625
336.753684324,459,2082,521600,42.2287666667,-83.7590822222,0.0,5.17999982834,705.0,20.7843132019,15.0,,,,,,,,-1.5625,-4.6875,2.34375,-1.5625
336.753684324,459,2082,523600,42.2287666667,-83.7590822222,0.0,5.17999982834,704.0,20.7843132019,15.0,,,,,,,,-1.5625,-4.6875,2.34375,-1.5625
336.753684324,459,2082,525600,42.2287666667,-83.7590822222,0.0,5.17999982834,691.0,20.7843132019,15.0,,,,,,,,-1.5625,-4.6875,2.34375,-1.5625
336.753684324,459,2082,525900,42.2287666667,-83.7590822222,0.0,5.19999980927,691.0,20.7843132019,15.0,,,,,,,,-1.5625,-4.6875,2.34375,-1.5625
336.753684324,459,2082,527600,42.2287666667,-83.7590822222,0.0,5.19999980927,696.0,20.7843132019,15.0,,,,,,,,-1.5625,-4.6875,2.34375,-1.5625
336.753684324,459,2082,529600,42.2287666667,-83.7590822222,0.0,5.19999980927,701.0,20.7843132019,15.0,,,,,,,,-1.5625,-4.6875,2.34375,-1.5625
336.753684324,459,2082,531000,42.2287666667,-83.7590822222,0.0,5.15999984741,701.0,20.392156601,15.0,,,,,,,,-1.5625,-4.6875,2.34375,-1.5625
336.753684324,459,2082,531400,42.2287666667,-83.7590822222,0.0,5.15999984741,701.0,20.392156601,15.0,,,,,,,,-0.78125,-4.6875,2.34375,-1.5625
336.753684324,459,2082,531500,42.2287666667,-83.7590822222,0.0,5.15999984741,701.0,20.392156601,15.0,,,,,,,,-0.78125,-4.6875,-1.5625,-1.5625
336.753684324,459,2082,531600,42.2287666667,-83.7590822222,0.0,5.15999984741,701.0,20.392156601,15.0,,,,,,,,-0.78125,-4.6875,-1.5625,-1.5625
336.753684324,459,2082,533600,42.2287666667,-83.7590822222,0.0,5.15999984741,691.0,20.392156601,15.0,,,,,,,,-0.78125,-4.6875,-1.5625,-1.5625
336.753684324,459,2082,535600,42.2287666667,-83.7590822222,0.0,5.15999984741,701.0,20.392156601,15.0,,,,,,,,-0.78125,-4.6875,-1.5625,-1.5625
336.753684324,459,2082,536000,42.2287666667,-83.7590822222,0.0,5.17999982834,701.0,20.7843132019,15.0,,,,,,,,-0.78125,-4.6875,-1.5625,-1.5625
336.753684324,459,2082,536400,42.2287666667,-83.7590822222,0.0,5.17999982834,701.0,20.7843132019,15.0,,,,,,,,2.34375,-4.6875,-1.5625,-1.5625
336.753684324,459,2082,537600,42.2287666667,-83.7590822222,0.0,5.17999982834,705.0,20.7843132019,15.0,,,,,,,,2.34375,-4.6875,-1.5625,-1.5625
336.753684324,459,2082,539600,42.2287666667,-83.7590822222,0.0,5.17999982834,697.0,20.7843132019,15.0,,,,,,,,2.34375,-4.6875,-1.5625,-1.5625
336.753684324,459,2082,541100,42.2287666667,-83.7590822222,0.0,5.21999979019,697.0,20.7843132019,15.0,,,,,,,,2.34375,-4.6875,-1.5625,-1.5625
336.753684324,459,2082,541500,42.2287666667,-83.7590822222,0.0,5.21999979019,697.0,20.7843132019,15.0,,,,,,,,-1.5625,-4.6875,2.34375,-1.5625
336.753684324,459,2082,541600,42.2287666667,-83.7590822222,0.0,5.21999979019,697.0,20.7843132019,15.0,,,,,,,,-1.5625,-4.6875,2.34375,-1.5625
336.753684324,459,2082,542800,42.2287783333,-83.7590741667,0.0,5.21999979019,697.0,20.7843132019,15.0,,,,,,,,-1.5625,-4.6875,2.34375,-1.5625
336.753684324,459,2082,543600,42.2287783333,-83.7590741667,0.0,5.21999979019,699.0,20.7843132019,15.0,,,,,,,,-1.5625,-4.6875,2.34375,-1.5625
336.753684324,459,2082,545300,42.2287783333,-83.7590741667,5.0,5.21999979019,699.0,20.7843132019,15.0,,,,,,,,-1.5625,-4.6875,2.34375,-1.5625
336.753684324,459,2082,545400,42.2287783333,-83.7590741667,5.0,5.21999979019,1683.0,20.7843132019,15.0,,,,,,,,-1.5625,-4.6875,2.34375,-1.5625
336.753684324,459,2082,545500,42.2287783333,-83.7590741667,5.0,27.0299987793,1683.0,20.7843132019,15.0,,,,,,,,-1.5625,-4.6875,2.34375,-1.5625
336.753684324,459,2082,545700,42.2287783333,-83.7590741667,5.0,27.0299987793,1683.0,41.1764717102,15.0,,,,,,,,-1.5625,-4.6875,2.34375,-1.5625
336.753684324,459,2082,546000,42.2287786111,-83.75909,5.0,27.0299987793,1683.0,41.1764717102,17.0,,,,,,,,-1.5625,-4.6875,2.34375,-1.5625
336.753684324,459,2082,546100,42.2287786111,-83.75909,5.0,27.0299987793,1683.0,41.1764717102,17.0,,,,,,,,-0.78125,-4.6875,2.34375,-1.5625
336.753684324,459,2082,546300,42.2287786111,-83.75909,5.0,27.0299987793,1683.0,41.1764717102,17.0,,,,,,,,-0.78125,-4.6875,-2.34375,-1.5625
336.753684324,459,2082,546400,42.2287786111,-83.75909,5.0,27.0299987793,1683.0,41.1764717102,17.0,,,,,,,,-0.78125,-5.46875,-2.34375,-1.5625
336.753684324,459,2082,547100,42.2287786111,-83.75909,5.0,27.0299987793,1683.0,41.1764717102,17.0,,,,,,,,-0.78125,-5.46875,-2.34375,-1.5625
336.753684324,459,2082,547400,42.2287786111,-83.75909,14.0,27.0299987793,1683.0,41.1764717102,17.0,,,,,,,,-0.78125,-5.46875,-2.34375,-1.5625
336.753684324,459,2082,547500,42.2287786111,-83.75909,14.0,34.7399978638,2089.0,41.1764717102,17.0,,,,,,,,-0.78125,-5.46875,-2.34375,-1.5625
336.753684324,459,2082,548400,42.2287786111,-83.75909,21.0,34.7399978638,2089.0,41.1764717102,17.0,,,,,,,,-0.78125,-5.46875,-2.34375,-1.5625
336.753684324,459,2082,548900,42.2287661111,-83.75926,21.0,34.7399978638,2089.0,41.1764717102,17.0,,,,,,,,-0.78125,-5.46875,-2.34375,-1.5625
336.753684324,459,2082,549500,42.2287661111,-83.75926,25.0,21.4399986267,1943.0,41.1764717102,17.0,,,,,,,,-0.78125,-5.46875,-2.34375,-1.5625
336.753684324,459,2082,550500,42.2287661111,-83.75926,27.0,21.4399986267,1943.0,41.1764717102,17.0,,,,,,,,-0.78125,-5.46875,-2.34375,-1.5625
336.753684324,459,2082,550700,42.2287661111,-83.75926,27.0,21.4399986267,1943.0,52.1568641663,17.0,,,,,,,,-0.78125,-5.46875,-2.34375,-1.5625
336.753684324,459,2082,551500,42.2287661111,-83.75926,30.0,38.8799972534,2222.0,52.1568641663,17.0,,,,,,,,-0.78125,-5.46875,-2.34375,-1.5625
336.753684324,459,2082,551900,42.2286219444,-83.7594491667,30.0,38.8799972534,2222.0,52.1568641663,17.0,,,,,,,,-0.78125,-5.46875,-2.34375,-1.5625
336.753684324,459,2082,552600,42.2286219444,-83.7594491667,34.0,38.8799972534,2222.0,52.1568641663,17.0,,,,,,,,-0.78125,-5.46875,-2.34375,-1.5625
336.753684324,459,2082,553500,42.2286219444,-83.7594491667,34.0,37.2399978638,2122.0,52.1568641663,17.0,,,,,,,,-0.78125,-5.46875,-2.34375,-1.5625
336.753684324,459,2082,553600,42.2286219444,-83.7594491667,39.0,37.2399978638,2122.0,52.1568641663,17.0,,,,,,,,-0.78125,-5.46875,-2.34375,-1.5625
336.753684324,459,2082,554700,42.2286219444,-83.7594491667,44.0,37.2399978638,2122.0,52.1568641663,17.0,,,,,,,,-0.78125,-5.46875,-2.34375,-1.5625
336.753684324,459,2082,555000,42.2283183333,-83.7594375,44.0,37.2399978638,2122.0,52.1568641663,17.0,,,,,,,,-0.78125,-5.46875,-2.34375,-1.5625
336.753684324,459,2082,555500,42.2283183333,-83.7594375,44.0,37.0900001526,2191.0,52.1568641663,17.0,,,,,,,,-0.78125,-5.46875,-2.34375,-1.5625
336.753684324,459,2082,555700,42.2283183333,-83.7594375,48.0,37.0900001526,2191.0,49.8039207458,17.0,,,,,,,,-0.78125,-5.46875,-2.34375,-1.5625
336.753684324,459,2082,556200,42.2283183333,-83.7594375,48.0,37.0900001526,2191.0,49.8039207458,17.0,,,,,,,,-3.125,-5.46875,-2.34375,-1.5625
336.753684324,459,2082,556300,42.2283183333,-83.7594375,48.0,37.0900001526,2191.0,49.8039207458,17.0,,,,,,,,-3.125,-5.46875,-6.25,-1.5625
336.753684324,459,2082,556700,42.2283183333,-83.7594375,52.0,37.0900001526,2191.0,49.8039207458,17.0,,,,,,,,-3.125,-5.46875,-6.25,-1.5625
336.753684324,459,2082,557500,42.2283183333,-83.7594375,52.0,4.13999986649,1658.0,49.8039207458,17.0,,,,,,,,-3.125,-5.46875,-6.25,-1.5625
336.753684324,459,2082,557800,42.2283183333,-83.7594375,54.0,4.13999986649,1658.0,49.8039207458,17.0,,,,,,,,-3.125,-5.46875,-6.25,-1.5625
336.753684324,459,2082,557900,42.2279308333,-83.7593761111,54.0,4.13999986649,1658.0,49.8039207458,17.0,,,,,,,,-3.125,-5.46875,-6.25,-1.5625
336.753684324,459,2082,559500,42.2279308333,-83.7593761111,54.0,4.83999967575,1203.0,49.8039207458,17.0,,,,,,,,-3.125,-5.46875,-6.25,-1.5625
336.753684324,459,2082,560700,42.2279308333,-83.7593761111,54.0,4.83999967575,1203.0,10.9803924561,17.0,,,,,,,,-3.125,-5.46875,-6.25,-1.5625
336.753684324,459,2082,560900,42.2275286111,-83.7593202778,52.0,4.83999967575,1203.0,10.9803924561,17.0,,,,,,,,-3.125,-5.46875,-6.25,-1.5625
336.753684324,459,2082,561200,42.2275286111,-83.7593202778,52.0,4.83999967575,1203.0,10.9803924561,17.0,,,,,,,,-4.6875,-5.46875,-6.25,-1.5625
336.753684324,459,2082,561400,42.2275286111,-83.7593202778,52.0,4.83999967575,1203.0,10.9803924561,17.0,,,,,,,,-4.6875,-5.46875,-1.5625,-1.5625
336.753684324,459,2082,561500,42.2275286111,-83.7593202778,52.0,4.5,1136.0,10.9803924561,17.0,,,,,,,,-4.6875,-5.46875,-1.5625,-1.5625
336.753684324,459,2082,561900,42.2275286111,-83.7593202778,51.0,4.5,1136.0,10.9803924561,17.0,,,,,,,,-4.6875,-5.46875,-1.5625,-1.5625
336.753684324,459,2082,563000,42.2275286111,-83.7593202778,46.0,4.5,1136.0,10.9803924561,17.0,,,,,,,,-4.6875,-5.46875,-1.5625,-1.5625
336.753684324,459,2082,563500,42.2275286111,-83.7593202778,46.0,4.52999973297,1190.0,10.9803924561,17.0,,,,,,,,-4.6875,-5.46875,-1.5625,-1.5625
336.753684324,459,2082,563900,42.2271844444,-83.759285,46.0,4.52999973297,1190.0,10.9803924561,17.0,,,,,,,,-4.6875,-5.46875,-1.5625,-1.5625
336.753684324,459,2082,564000,42.2271844444,-83.759285,40.0,4.52999973297,1190.0,10.9803924561,17.0,,,,,,,,-4.6875,-5.46875,-1.5625,-1.5625
336.753684324,459,2082,565100,42.2271844444,-83.759285,32.0,4.52999973297,1190.0,10.9803924561,17.0,,,,,,,,-4.6875,-5.46875,-1.5625,-1.5625
336.753684324,459,2082,565500,42.2271844444,-83.759285,32.0,5.71000003815,935.0,10.9803924561,17.0,,,,,,,,-4.6875,-5.46875,-1.5625,-1.5625
336.753684324,459,2082,565800,42.2271844444,-83.759285,32.0,5.71000003815,935.0,14.117647171,17.0,,,,,,,,-4.6875,-5.46875,-1.5625,-1.5625
336.753684324,459,2082,566100,42.2271844444,-83.759285,25.0,5.71000003815,935.0,14.117647171,17.0,,,,,,,,-4.6875,-5.46875,-1.5625,-1.5625
336.753684324,459,2082,566300,42.2271844444,-83.759285,25.0,5.71000003815,935.0,14.117647171,17.0,,,,,,,,0.0,-5.46875,-1.5625,-1.5625
336.753684324,459,2082,566400,42.2271844444,-83.759285,25.0,5.71000003815,935.0,14.117647171,17.0,,,,,,,,0.0,-5.46875,0.0,-1.5625
336.753684324,459,2082,566900,42.2269741667,-83.7593513889,25.0,5.71000003815,935.0,14.117647171,17.0,,,,,,,,0.0,-5.46875,0.0,-1.5625
336.753684324,459,2082,567100,42.2269741667,-83.7593513889,21.0,5.71000003815,935.0,14.117647171,17.0,,,,,,,,0.0,-5.46875,0.0,-1.5625
336.753684324,459,2082,567500,42.2269741667,-83.7593513889,21.0,6.58999967575,1309.0,14.117647171,17.0,,,,,,,,0.0,-5.46875,0.0,-1.5625
336.753684324,459,2082,568200,42.2269741667,-83.7593513889,20.0,6.58999967575,1309.0,14.117647171,17.0,,,,,,,,0.0,-5.46875,0.0,-1.5625
336.753684324,459,2082,569200,42.2269741667,-83.7593513889,19.0,6.58999967575,1309.0,14.117647171,17.0,,,,,,,,0.0,-5.46875,0.0,-1.5625
336.753684324,459,2082,569500,42.2269741667,-83.7593513889,19.0,5.23000001907,1218.0,14.117647171,17.0,,,,,,,,0.0,-5.46875,0.0,-1.5625
336.753684324,459,2082,569900,42.2269238889,-83.7595380556,19.0,5.23000001907,1218.0,14.117647171,17.0,,,,,,,,0.0,-5.46875,0.0,-1.5625
336.753684324,459,2082,570300,42.2269238889,-83.7595380556,16.0,5.23000001907,1218.0,14.117647171,17.0,,,,,,,,0.0,-5.46875,0.0,-1.5625
336.753684324,459,2082,570800,42.2269238889,-83.7595380556,16.0,5.23000001907,1218.0,12.5490198135,17.0,,,,,,,,0.0,-5.46875,0.0,-1.5625
336.753684324,459,2082,571300,42.2269238889,-83.7595380556,15.0,5.23000001907,1218.0,12.5490198135,17.0,,,,,,,,21.875,-5.46875,0.0,-1.5625
336.753684324,459,2082,571500,42.2269238889,-83.7595380556,15.0,4.53999996185,928.0,12.5490198135,17.0,,,,,,,,21.875,-5.46875,21.875,-1.5625
336.753684324,459,2082,572300,42.2269238889,-83.7595380556,14.0,4.53999996185,928.0,12.5490198135,17.0,,,,,,,,21.875,-5.46875,21.875,-1.5625
336.753684324,459,2082,573000,42.2268669444,-83.75963,14.0,4.53999996185,928.0,12.5490198135,17.0,,,,,,,,21.875,-5.46875,21.875,-1.5625
336.753684324,459,2082,573400,42.2268669444,-83.75963,13.0,4.53999996185,928.0,12.5490198135,17.0,,,,,,,,21.875,-5.46875,21.875,-1.5625
336.753684324,459,2082,573500,42.2268669444,-83.75963,13.0,8.44999980927,1035.0,12.5490198135,17.0,,,,,,,,21.875,-5.46875,21.875,-1.5625
336.753684324,459,2082,575500,42.2268669444,-83.75963,15.0,6.83999967575,1290.0,12.5490198135,17.0,,,,,,,,21.875,-5.46875,21.875,-1.5625
336.753684324,459,2082,575900,42.2268052778,-83.7595461111,15.0,6.83999967575,1290.0,16.862745285,17.0,,,,,,,,21.875,-5.46875,21.875,-1.5625
336.753684324,459,2082,576300,42.2268052778,-83.7595461111,15.0,6.83999967575,1290.0,16.862745285,17.0,,,,,,,,-3.125,-5.46875,21.875,-1.5625
336.753684324,459,2082,576500,42.2268052778,-83.7595461111,15.0,6.83999967575,1290.0,16.862745285,17.0,,,,,,,,-3.125,-5.46875,1.5625,-1.5625
336.753684324,459,2082,577100,42.2268052778,-83.7595461111,15.0,6.83999967575,1290.0,16.862745285,17.0,,,,,,,,-3.125,-5.46875,1.5625,-1.5625
336.753684324,459,2082,577500,42.2268052778,-83.7595461111,15.0,6.83999967575,990.0,16.862745285,17.0,,,,,,,,-3.125,-5.46875,1.5625,-1.5625
336.753684324,459,2082,577600,42.2268052778,-83.7595461111,15.0,5.13000011444,990.0,16.862745285,17.0,,,,,,,,-3.125,-5.46875,1.5625,-1.5625
336.753684324,459,2082,578700,42.2268052778,-83.7595461111,14.0,5.13000011444,990.0,16.862745285,17.0,,,,,,,,-3.125,-5.46875,1.5625,-1.5625
336.753684324,459,2082,578900,42.2267913889,-83.7594033333,14.0,5.13000011444,990.0,16.862745285,17.0,,,,,,,,-3.125,-5.46875,1.5625,-1.5625
336.753684324,459,2082,579500,42.2267913889,-83.7594033333,14.0,5.13000011444,759.0,16.862745285,17.0,,,,,,,,-3.125,-5.46875,1.5625,-1.5625
336.753684324,459,2082,579600,42.2267913889,-83.7594033333,14.0,4.73000001907,759.0,16.862745285,17.0,,,,,,,,-3.125,-5.46875,1.5625,-1.5625
336.753684324,459,2082,579700,42.2267913889,-83.7594033333,12.0,4.73000001907,759.0,16.862745285,17.0,,,,,,,,-3.125,-5.46875,1.5625,-1.5625
336.753684324,459,2082,580700,42.2267913889,-83.7594033333,11.0,4.73000001907,759.0,16.862745285,17.0,,,,,,,,-3.125,-5.46875,1.5625,-1.5625
336.753684324,459,2082,580900,42.2267913889,-83.7594033333,11.0,4.73000001907,759.0,19.607843399,17.0,,,,,,,,-3.125,-5.46875,1.5625,-1.5625
336.753684324,459,2082,581400,42.2267913889,-83.7594033333,11.0,4.73000001907,759.0,19.607843399,17.0,,,,,,,,-1.5625,-5.46875,1.5625,-1.5625
336.753684324,459,2082,581500,42.2267913889,-83.7594033333,11.0,4.73000001907,706.0,19.607843399,17.0,,,,,,,,-1.5625,-5.46875,4.6875,-1.5625
336.753684324,459,2082,581600,42.2267913889,-83.7594033333,11.0,5.25,706.0,19.607843399,17.0,,,,,,,,-1.5625,-5.46875,4.6875,-1.5625
336.753684324,459,2082,581800,42.2267913889,-83.7594033333,6.0,5.25,706.0,19.607843399,17.0,,,,,,,,-1.5625,-5.46875,4.6875,-1.5625
336.753684324,459,2082,582000,42.2268022222,-83.7593180556,6.0,5.25,706.0,19.607843399,17.0,,,,,,,,-1.5625,-5.46875,4.6875,-1.5625
336.753684324,459,2082,582800,42.2268022222,-83.7593180556,1.0,5.25,706.0,19.607843399,17.0,,,,,,,,-1.5625,-5.46875,4.6875,-1.5625
336.753684324,459,2082,583600,42.2268022222,-83.7593180556,0.0,5.25,683.0,19.607843399,17.0,,,,,,,,-1.5625,-5.46875,4.6875,-1.5625
336.753684324,459,2082,583700,42.2268022222,-83.7593180556,0.0,4.96999979019,683.0,19.607843399,17.0,,,,,,,,-1.5625,-5.46875,4.6875,-1.5625
336.753684324,459,2082,583800,42.2268022222,-83.7593180556,0.0,4.96999979019,683.0,20.0,17.0,,,,,,,,-1.5625,-5.46875,4.6875,-1.5625
336.753684324,459,2082,584000,42.2268022222,-83.7593180556,0.0,4.96999979019,683.0,20.0,16.0,,,,,,,,-1.5625,-5.46875,4.6875,-1.5625
336.753684324,459,2082,584100,42.2268022222,-83.7593180556,0.0,4.96999979019,683.0,20.0,16.0,,,,,,,,3.125,-5.46875,4.6875,-1.5625
336.753684324,459,2082,584200,42.2268022222,-83.7593180556,0.0,4.96999979019,683.0,20.0,16.0,,,,,,,,3.125,-5.46875,3.90625,-1.5625
336.753684324,459,2082,584300,42.2268022222,-83.7593180556,0.0,4.96999979019,683.0,20.0,16.0,,,,,,,,3.125,-4.6875,3.90625,-2.34375
336.753684324,459,2082,585600,42.2268022222,-83.7593180556,0.0,4.96999979019,690.0,20.0,16.0,,,,,,,,3.125,-4.6875,3.90625,-2.34375
336.753684324,459,2082,587600,42.2268022222,-83.7593180556,0.0,4.96999979019,684.0,20.0,16.0,,,,,,,,3.125,-4.6875,3.90625,-2.34375
336.753684324,459,2082,587900,42.2268061111,-83.7593075,0.0,4.96999979019,684.0,20.0,16.0,,,,,,,,3.125,-4.6875,3.90625,-2.34375
336.753684324,459,2082,588200,42.2268061111,-83.7593075,7.0,4.96999979019,684.0,20.0,16.0,,,,,,,,3.125,-4.6875,3.90625,-2.34375
336.753684324,459,2082,588300,42.2268061111,-83.7593075,7.0,28.1700000763,1858.0,20.0,16.0,,,,,,,,3.125,-4.6875,3.90625,-2.34375
336.753684324,459,2082,588400,42.2268061111,-83.7593075,7.0,28.1700000763,1858.0,43.5294113159,16.0,,,,,,,,3.125,-4.6875,3.90625,-2.34375
336.753684324,459,2082,588700,42.2268061111,-83.7593075,7.0,28.1700000763,1858.0,43.5294113159,16.0,,,,,,,,-0.78125,-4.6875,3.90625,-2.34375
336.753684324,459,2082,588800,42.2268061111,-83.7593075,7.0,28.1700000763,1858.0,43.5294113159,16.0,,,,,,,,-0.78125,-4.6875,-1.5625,-2.34375
336.753684324,459,2082,588900,42.2268061111,-83.7593075,7.0,28.1700000763,1858.0,43.5294113159,16.0,,,,,,,,-0.78125,-5.46875,-1.5625,-2.34375
336.753684324,459,2082,589000,42.2268061111,-83.7593075,7.0,28.1700000763,1858.0,43.5294113159,16.0,,,,,,,,-0.78125,-5.46875,-1.5625,-1.5625
336.753684324,459,2082,590300,42.2268061111,-83.7593075,15.0,34.1699981689,2147.0,43.5294113159,16.0,,,,,,,,-0.78125,-5.46875,-1.5625,-1.5625
336.753684324,459,2082,591000,42.2268761111,-83.7592363889,15.0,34.1699981689,2147.0,43.5294113159,16.0,,,,,,,,-0.78125,-5.46875,-1.5625,-1.5625
336.753684324,459,2082,591300,42.2268761111,-83.7592363889,20.0,34.1699981689,2147.0,43.5294113159,16.0,,,,,,,,-0.78125,-5.46875,-1.5625,-1.5625
336.753684324,459,2082,592000,42.2268761111,-83.7592363889,20.0,34.1699981689,2147.0,43.5294113159,16.0,,,,,,,,-0.78125,-5.46875,-1.5625,-1.5625
336.753684324,459,2082,592300,42.2268761111,-83.7592363889,25.0,38.1299972534,2243.0,43.5294113159,16.0,,,,,,,,-0.78125,-5.46875,-1.5625,-1.5625
336.753684324,459,2082,593400,42.2268761111,-83.7592363889,31.0,38.1299972534,2243.0,43.5294113159,16.0,,,,,,,,-0.78125,-5.46875,-1.5625,-1.5625
336.753684324,459,2082,593500,42.2268761111,-83.7592363889,31.0,38.1299972534,2243.0,48.235294342,16.0,,,,,,,,-0.78125,-5.46875,-1.5625,-1.5625
336.753684324,459,2082,593900,42.2270941667,-83.7592002778,31.0,38.1299972534,2243.0,48.235294342,16.0,,,,,,,,-0.78125,-5.46875,-1.5625,-1.5625
336.753684324,459,2082,594300,42.2270941667,-83.7592002778,31.0,42.6899986267,2234.0,48.235294342,16.0,,,,,,,,-0.78125,-5.46875,-1.5625,-1.5625
336.753684324,459,2082,594400,42.2270941667,-83.7592002778,35.0,42.6899986267,2234.0,48.235294342,16.0,,,,,,,,-0.78125,-5.46875,-1.5625,-1.5625
336.753684324,459,2082,595500,42.2270941667,-83.7592002778,39.0,42.6899986267,2234.0,48.235294342,16.0,,,,,,,,-0.78125,-5.46875,-1.5625,-1.5625
336.753684324,459,2082,596300,42.2270941667,-83.7592002778,39.0,31.0299987793,1941.0,48.235294342,16.0,,,,,,,,-0.78125,-5.46875,-1.5625,-1.5625
336.753684324,459,2082,596500,42.2270941667,-83.7592002778,43.0,31.0299987793,1941.0,48.235294342,16.0,,,,,,,,-0.78125,-5.46875,-1.5625,-1.5625
336.753684324,459,2082,596900,42.2274083333,-83.7592266667,43.0,31.0299987793,1941.0,48.235294342,16.0,,,,,,,,-0.78125,-5.46875,-1.5625,-1.5625
336.753684324,459,2082,597500,42.2274083333,-83.7592266667,45.0,31.0299987793,1941.0,48.235294342,16.0,,,,,,,,-0.78125,-5.46875,-1.5625,-1.5625
336.753684324,459,2082,598300,42.2274083333,-83.7592266667,45.0,7.96999979019,1494.0,48.235294342,16.0,,,,,,,,-0.78125,-5.46875,-1.5625,-1.5625
336.753684324,459,2082,598500,42.2274083333,-83.7592266667,45.0,7.96999979019,1494.0,22.3529415131,16.0,,,,,,,,-0.78125,-5.46875,-1.5625,-1.5625
336.753684324,459,2082,598800,42.2274083333,-83.7592266667,45.0,7.96999979019,1494.0,22.3529415131,16.0,,,,,,,,-3.125,-5.46875,-1.5625,-1.5625
336.753684324,459,2082,598900,42.2274083333,-83.7592266667,45.0,7.96999979019,1494.0,22.3529415131,16.0,,,,,,,,-3.125,-5.46875,-0.78125,-1.5625
336.753684324,459,2082,599600,42.2274083333,-83.7592266667,44.0,7.96999979019,1494.0,22.3529415131,16.0,,,,,,,,-3.125,-5.46875,-0.78125,-1.5625
336.753684324,459,2082,599900,42.2277475,-83.7592777778,44.0,7.96999979019,1494.0,22.3529415131,16.0,,,,,,,,-3.125,-5.46875,-0.78125,-1.5625
336.753684324,459,2082,600300,42.2277475,-83.7592777778,44.0,4.53999996185,1242.0,22.3529415131,16.0,,,,,,,,-3.125,-5.46875,-0.78125,-1.5625
336.753684324,459,2082,600700,42.2277475,-83.7592777778,43.0,4.53999996185,1242.0,22.3529415131,16.0,,,,,,,,-3.125,-5.46875,-0.78125,-1.5625
336.753684324,459,2082,601700,42.2277475,-83.7592777778,41.0,4.53999996185,1242.0,22.3529415131,16.0,,,,,,,,-3.125,-5.46875,-0.78125,-1.5625
336.753684324,459,2082,602300,42.2277475,-83.7592777778,41.0,4.48000001907,1258.0,22.3529415131,16.0,,,,,,,,-3.125,-5.46875,-0.78125,-1.5625
336.753684324,459,2082,602700,42.2277475,-83.7592777778,39.0,4.48000001907,1258.0,22.3529415131,16.0,,,,,,,,-3.125,-5.46875,-0.78125,-1.5625
336.753684324,459,2082,603000,42.2280577778,-83.7593177778,39.0,4.48000001907,1258.0,22.3529415131,16.0,,,,,,,,-3.125,-5.46875,-0.78125,-1.5625
336.753684324,459,2082,603500,42.2280577778,-83.7593177778,39.0,4.48000001907,1258.0,10.1960783005,16.0,,,,,,,,-3.125,-5.46875,-0.78125,-1.5625
336.753684324,459,2082,603800,42.2280577778,-83.7593177778,37.0,4.48000001907,1258.0,10.1960783005,16.0,,,,,,,,-3.125,-5.46875,-0.78125,-1.5625
336.753684324,459,2082,603900,42.2280577778,-83.7593177778,37.0,4.48000001907,1258.0,10.1960783005,16.0,,,,,,,,-4.6875,-5.46875,-7.03125,-1.5625
336.753684324,459,2082,604300,42.2280577778,-83.7593177778,37.0,4.42000007629,944.0,10.1960783005,16.0,,,,,,,,-4.6875,-5.46875,-7.03125,-1.5625
336.753684324,459,2082,604800,42.2280577778,-83.7593177778,32.0,4.42000007629,944.0,10.1960783005,16.0,,,,,,,,-4.6875,-5.46875,-7.03125,-1.5625
336.753684324,459,2082,605900,42.2282966667,-83.7593366667,29.0,4.42000007629,944.0,10.1960783005,16.0,,,,,,,,-4.6875,-5.46875,-7.03125,-1.5625
336.753684324,459,2082,606300,42.2282966667,-83.7593366667,29.0,3.87999987602,826.0,10.1960783005,16.0,,,,,,,,-4.6875,-5.46875,-7.03125,-1.5625
336.753684324,459,2082,606900,42.2282966667,-83.7593366667,22.0,3.87999987602,826.0,10.1960783005,16.0,,,,,,,,-4.6875,-5.46875,-7.03125,-1.5625
336.753684324,459,2082,607900,42.2282966667,-83.7593366667,16.0,3.87999987602,826.0,10.1960783005,16.0,,,,,,,,-4.6875,-5.46875,-7.03125,-1.5625
336.753684324,459,2082,608300,42.2282966667,-83.7593366667,16.0,4.98999977112,780.0,10.1960783005,16.0,,,,,,,,-4.6875,-5.46875,-7.03125,-1.5625
336.753684324,459,2082,608600,42.2282966667,-83.7593366667,16.0,4.98999977112,780.0,18.0392150879,16.0,,,,,,,,-4.6875,-5.46875,-7.03125,-1.5625
336.753684324,459,2082,608900,42.2282966667,-83.7593366667,16.0,4.98999977112,780.0,18.0392150879,16.0,,,,,,,,21.875,-5.46875,-7.03125,-1.5625
336.753684324,459,2082,609000,42.2284138889,-83.7593541667,10.0,4.98999977112,780.0,18.0392150879,16.0,,,,,,,,21.875,-5.46875,21.875,-1.5625
336.753684324,459,2082,610000,42.2284138889,-83.7593541667,8.0,4.98999977112,780.0,18.0392150879,16.0,,,,,,,,21.875,-5.46875,21.875,-1.5625
336.753684324,459,2082,610300,42.2284138889,-83.7593541667,8.0,27.4799995422,1709.0,18.0392150879,16.0,,,,,,,,21.875,-5.46875,21.875,-1.5625
336.753684324,459,2082,611100,42.2284138889,-83.7593541667,11.0,27.4799995422,1709.0,18.0392150879,16.0,,,,,,,,21.875,-5.46875,21.875,-1.5625
336.753684324,459,2082,612000,42.2285136111,-83.7593661111,11.0,27.4799995422,1709.0,18.0392150879,16.0,,,,,,,,21.875,-5.46875,21.875,-1.5625
336.753684324,459,2082,612100,42.2285136111,-83.7593661111,17.0,27.4799995422,1709.0,18.0392150879,16.0,,,,,,,,21.875,-5.46875,21.875,-1.5625
336.753684324,459,2082,612300,42.2285136111,-83.7593661111,17.0,27.4799995422,2240.0,18.0392150879,16.0,,,,,,,,21.875,-5.46875,21.875,-1.5625
336.753684324,459,2082,612400,42.2285136111,-83.7593661111,17.0,36.0200004578,2240.0,18.0392150879,16.0,,,,,,,,21.875,-5.46875,21.875,-1.5625
336.753684324,459,2082,613200,42.2285136111,-83.7593661111,23.0,36.0200004578,2240.0,18.0392150879,16.0,,,,,,,,21.875,-5.46875,21.875,-1.5625
336.753684324,459,2082,613600,42.2285136111,-83.7593661111,23.0,36.0200004578,2240.0,45.0980415344,16.0,,,,,,,,21.875,-5.46875,21.875,-1.5625
336.753684324,459,2082,614300,42.2285136111,-83.7593661111,29.0,36.0200004578,2339.0,45.0980415344,16.0,,,,,,,,21.875,-5.46875,21.875,-1.5625
336.753684324,459,2082,614400,42.2285136111,-83.7593661111,29.0,40.25,2339.0,45.0980415344,16.0,,,,,,,,21.875,-5.46875,21.875,-1.5625
336.753684324,459,2082,614900,42.2287225,-83.7593736111,29.0,40.25,2339.0,45.0980415344,16.0,,,,,,,,21.875,-5.46875,21.875,-1.5625
336.753684324,459,2082,615300,42.2287225,-83.7593736111,33.0,40.25,2339.0,45.0980415344,16.0,,,,,,,,21.875,-5.46875,21.875,-1.5625
336.753684324,459,2082,616300,42.2287225,-83.7593736111,35.0,40.25,1723.0,45.0980415344,16.0,,,,,,,,21.875,-5.46875,21.875,-1.5625
336.753684324,459,2082,616400,42.2287225,-83.7593736111,35.0,27.4300003052,1723.0,45.0980415344,16.0,,,,,,,,21.875,-5.46875,21.875,-1.5625
336.753684324,459,2082,617400,42.2287225,-83.7593736111,38.0,27.4300003052,1723.0,45.0980415344,16.0,,,,,,,,21.875,-5.46875,21.875,-1.5625
336.753684324,459,2082,617900,42.2289977778,-83.7593894444,38.0,27.4300003052,1723.0,45.0980415344,16.0,,,,,,,,21.875,-5.46875,21.875,-1.5625
336.753684324,459,2082,618300,42.2289977778,-83.7593894444,38.0,27.4300003052,1879.0,45.0980415344,16.0,,,,,,,,21.875,-5.46875,21.875,-1.5625
336.753684324,459,2082,618400,42.2289977778,-83.7593894444,41.0,30.1499996185,1879.0,45.0980415344,16.0,,,,,,,,21.875,-5.46875,21.875,-1.5625
336.753684324,459,2082,618600,42.2289977778,-83.7593894444,41.0,30.1499996185,1879.0,48.6274528503,16.0,,,,,,,,21.875,-5.46875,21.875,-1.5625
336.753684324,459,2082,619000,42.2289977778,-83.7593894444,41.0,30.1499996185,1879.0,48.6274528503,16.0,,,,,,,,2.34375,-5.46875,21.875,-1.5625
336.753684324,459,2082,619100,42.2289977778,-83.7593894444,41.0,30.1499996185,1879.0,48.6274528503,16.0,,,,,,,,2.34375,-5.46875,-3.125,-1.5625
336.753684324,459,2082,619500,42.2289977778,-83.7593894444,43.0,30.1499996185,1879.0,48.6274528503,16.0,,,,,,,,2.34375,-5.46875,-3.125,-1.5625
336.753684324,459,2082,620300,42.2289977778,-83.7593894444,43.0,30.1499996185,1496.0,48.6274528503,16.0,,,,,,,,2.34375,-5.46875,-3.125,-1.5625
336.753684324,459,2082,620400,42.2289977778,-83.7593894444,43.0,41.5599975586,1496.0,48.6274528503,16.0,,,,,,,,2.34375,-5.46875,-3.125,-1.5625
336.753684324,459,2082,620500,42.2289977778,-83.7593894444,45.0,41.5599975586,1496.0,48.6274528503,16.0,,,,,,,,2.34375,-5.46875,-3.125,-1.5625
336.753684324,459,2082,620800,42.2293311111,-83.759395,45.0,41.5599975586,1496.0,48.6274528503,16.0,,,,,,,,2.34375,-5.46875,-3.125,-1.5625
336.753684324,459,2082,621500,42.2293311111,-83.759395,48.0,41.5599975586,1496.0,48.6274528503,16.0,,,,,,,,2.34375,-5.46875,-3.125,-1.5625
336.753684324,459,2082,622300,42.2293311111,-83.759395,48.0,41.5599975586,1633.0,48.6274528503,16.0,,,,,,,,2.34375,-5.46875,-3.125,-1.5625
336.753684324,459,2082,622400,42.2293311111,-83.759395,48.0,31.4099998474,1633.0,48.6274528503,16.0,,,,,,,,2.34375,-5.46875,-3.125,-1.5625
336.753684324,459,2082,622600,42.2293311111,-83.759395,51.0,31.4099998474,1633.0,48.6274528503,16.0,,,,,,,,2.34375,-5.46875,-3.125,-1.5625
336.753684324,459,2082,623600,42.2293311111,-83.759395,52.0,31.4099998474,1633.0,36.4705886841,16.0,,,,,,,,2.34375,-5.46875,-3.125,-1.5625
336.753684324,459,2082,623900,42.2297133333,-83.7593916667,52.0,31.4099998474,1633.0,36.4705886841,16.0,,,,,,,,2.34375,-5.46875,-3.125,-1.5625
336.753684324,459,2082,624000,42.2297133333,-83.7593916667,52.0,31.4099998474,1633.0,36.4705886841,16.0,,,,,,,,0.78125,-5.46875,-3.125,-1.5625
336.753684324,459,2082,624100,42.2297133333,-83.7593916667,52.0,31.4099998474,1633.0,36.4705886841,16.0,,,,,,,,0.78125,-5.46875,-7.8125,-1.5625
336.753684324,459,2082,624300,42.2297133333,-83.7593916667,52.0,31.4099998474,1309.0,36.4705886841,16.0,,,,,,,,0.78125,-5.46875,-7.8125,-1.5625
336.753684324,459,2082,624400,42.2297133333,-83.7593916667,52.0,29.2399997711,1309.0,36.4705886841,16.0,,,,,,,,0.78125,-5.46875,-7.8125,-1.5625
336.753684324,459,2082,625700,42.2297133333,-83.7593916667,53.0,29.2399997711,1309.0,36.4705886841,16.0,,,,,,,,0.78125,-5.46875,-7.8125,-1.5625
336.753684324,459,2082,626300,42.2297133333,-83.7593916667,53.0,29.2399997711,1252.0,36.4705886841,16.0,,,,,,,,0.78125,-5.46875,-7.8125,-1.5625
336.753684324,459,2082,626400,42.2297133333,-83.7593916667,53.0,28.4499988556,1252.0,36.4705886841,16.0,,,,,,,,0.78125,-5.46875,-7.8125,-1.5625
336.753684324,459,2082,626700,42.2297133333,-83.7593916667,55.0,28.4499988556,1252.0,36.4705886841,16.0,,,,,,,,0.78125,-5.46875,-7.8125,-1.5625
336.753684324,459,2082,626900,42.2301219444,-83.7593852778,55.0,28.4499988556,1252.0,36.4705886841,16.0,,,,,,,,0.78125,-5.46875,-7.8125,-1.5625
336.753684324,459,2082,627800,42.2301219444,-83.7593852778,56.0,28.4499988556,1252.0,36.4705886841,16.0,,,,,,,,0.78125,-5.46875,-7.8125,-1.5625
336.753684324,459,2082,628300,42.2301219444,-83.7593852778,56.0,28.4499988556,1426.0,36.4705886841,16.0,,,,,,,,0.78125,-5.46875,-7.8125,-1.5625
336.753684324,459,2082,628400,42.2301219444,-83.7593852778,56.0,24.2799987793,1426.0,36.4705886841,16.0,,,,,,,,0.78125,-5.46875,-7.8125,-1.5625
336.753684324,459,2082,628700,42.2301219444,-83.7593852778,56.0,24.2799987793,1426.0,47.8431396484,16.0,,,,,,,,0.78125,-5.46875,-7.8125,-1.5625
336.753684324,459,2082,628800,42.2301219444,-83.7593852778,58.0,24.2799987793,1426.0,47.8431396484,16.0,,,,,,,,0.78125,-5.46875,-7.8125,-1.5625
336.753684324,459,2082,629100,42.2301219444,-83.7593852778,58.0,24.2799987793,1426.0,47.8431396484,16.0,,,,,,,,2.34375,-5.46875,0.0,-1.5625
336.753684324,459,2082,629900,42.2305580556,-83.7593805556,59.0,24.2799987793,1426.0,47.8431396484,16.0,,,,,,,,2.34375,-5.46875,0.0,-1.5625
336.753684324,459,2082,630300,42.2305580556,-83.7593805556,59.0,24.2799987793,1447.0,47.8431396484,16.0,,,,,,,,2.34375,-5.46875,0.0,-1.5625
336.753684324,459,2082,630400,42.2305580556,-83.7593805556,59.0,24.5,1447.0,47.8431396484,16.0,,,,,,,,2.34375,-5.46875,0.0,-1.5625
336.753684324,459,2082,630900,42.2305580556,-83.7593805556,60.0,24.5,1447.0,47.8431396484,16.0,,,,,,,,2.34375,-5.46875,0.0,-1.5625
336.753684324,459,2082,631900,42.2305580556,-83.7593805556,61.0,24.5,1447.0,47.8431396484,16.0,,,,,,,,2.34375,-5.46875,0.0,-1.5625
336.753684324,459,2082,632300,42.2305580556,-83.7593805556,61.0,24.5,1484.0,47.8431396484,16.0,,,,,,,,2.34375,-5.46875,0.0,-1.5625
336.753684324,459,2082,632400,42.2305580556,-83.7593805556,61.0,13.3699998856,1484.0,47.8431396484,16.0,,,,,,,,2.34375,-5.46875,0.0,-1.5625
336.753684324,459,2082,633000,42.2310152778,-83.7593675,61.0,13.3699998856,1484.0,47.8431396484,16.0,,,,,,,,2.34375,-5.46875,0.0,-1.5625
336.753684324,459,2082,633700,42.2310152778,-83.7593675,61.0,13.3699998856,1484.0,25.0980396271,16.0,,,,,,,,2.34375,-5.46875,0.0,-1.5625
336.753684324,459,2082,634100,42.2310152778,-83.7593675,61.0,13.3699998856,1484.0,25.0980396271,16.0,,,,,,,,0.0,-5.46875,0.0,-1.5625
336.753684324,459,2082,634200,42.2310152778,-83.7593675,61.0,13.3699998856,1484.0,25.0980396271,16.0,,,,,,,,0.0,-5.46875,0.78125,-1.5625
336.753684324,459,2082,634300,42.2310152778,-83.7593675,61.0,13.3699998856,1437.0,25.0980396271,16.0,,,,,,,,0.0,-5.46875,0.78125,-1.5625
336.753684324,459,2082,634400,42.2310152778,-83.7593675,61.0,3.09999990463,1437.0,25.0980396271,16.0,,,,,,,,0.0,-5.46875,0.78125,-1.5625
336.753684324,459,2082,636100,42.2310152778,-83.7593675,60.0,3.09999990463,1437.0,25.0980396271,16.0,,,,,,,,0.0,-5.46875,0.78125,-1.5625
336.753684324,459,2082,636300,42.2310152778,-83.7593675,60.0,3.09999990463,1524.0,25.0980396271,16.0,,,,,,,,0.0,-5.46875,0.78125,-1.5625
336.753684324,459,2082,636400,42.2310152778,-83.7593675,60.0,11.1499996185,1524.0,25.0980396271,16.0,,,,,,,,0.0,-5.46875,0.78125,-1.5625
336.753684324,459,2082,636800,42.231625,-83.7593561111,60.0,11.1499996185,1524.0,25.0980396271,16.0,,,,,,,,0.0,-5.46875,0.78125,-1.5625
336.753684324,459,2082,637100,42.231625,-83.7593561111,61.0,11.1499996185,1524.0,25.0980396271,16.0,,,,,,,,0.0,-5.46875,0.78125,-1.5625
336.753684324,459,2082,638200,42.231625,-83.7593561111,62.0,11.1499996185,1524.0,25.0980396271,16.0,,,,,,,,0.0,-5.46875,0.78125,-1.5625
336.753684324,459,2082,638300,42.231625,-83.7593561111,62.0,11.1499996185,1643.0,25.0980396271,16.0,,,,,,,,0.0,-5.46875,0.78125,-1.5625
336.753684324,459,2082,638400,42.231625,-83.7593561111,62.0,16.4400005341,1643.0,25.0980396271,16.0,,,,,,,,0.0,-5.46875,0.78125,-1.5625
336.753684324,459,2082,638700,42.231625,-83.7593561111,62.0,16.4400005341,1643.0,49.4117660522,16.0,,,,,,,,0.0,-5.46875,0.78125,-1.5625
336.753684324,459,2082,638900,42.2319361111,-83.7593594444,62.0,16.4400005341,1643.0,49.4117660522,16.0,,,,,,,,0.0,-5.46875,0.78125,-1.5625
336.753684324,459,2082,639100,42.2319361111,-83.7593594444,62.0,16.4400005341,1643.0,49.4117660522,16.0,,,,,,,,-4.6875,-5.46875,0.78125,-1.5625
336.753684324,459,2082,639200,42.2319361111,-83.7593594444,62.0,16.4400005341,1643.0,49.4117660522,16.0,,,,,,,,-4.6875,-5.46875,-5.46875,-1.5625
336.753684324,459,2082,640300,42.2319361111,-83.7593594444,63.0,16.4400005341,1569.0,49.4117660522,16.0,,,,,,,,-4.6875,-5.46875,-5.46875,-1.5625
336.753684324,459,2082,640400,42.2319361111,-83.7593594444,63.0,24.6199989319,1569.0,49.4117660522,16.0,,,,,,,,-4.6875,-5.46875,-5.46875,-1.5625
336.753684324,459,2082,641300,42.2319361111,-83.7593594444,64.0,24.6199989319,1569.0,49.4117660522,16.0,,,,,,,,-4.6875,-5.46875,-5.46875,-1.5625
336.753684324,459,2082,641900,42.2324202778,-83.7593644444,64.0,24.6199989319,1569.0,49.4117660522,16.0,,,,,,,,-4.6875,-5.46875,-5.46875,-1.5625
336.753684324,459,2082,642300,42.2324202778,-83.7593644444,65.0,24.6199989319,1481.0,49.4117660522,16.0,,,,,,,,-4.6875,-5.46875,-5.46875,-1.5625
336.753684324,459,2082,642400,42.2324202778,-83.7593644444,65.0,9.21000003815,1481.0,49.4117660522,16.0,,,,,,,,-4.6875,-5.46875,-5.46875,-1.5625
336.753684324,459,2082,643400,42.2324202778,-83.7593644444,64.0,9.21000003815,1481.0,49.4117660522,16.0,,,,,,,,-4.6875,-5.46875,-5.46875,-1.5625
336.753684324,459,2082,643800,42.2324202778,-83.7593644444,64.0,9.21000003815,1481.0,23.9215698242,16.0,,,,,,,,-4.6875,-5.46875,-5.46875,-1.5625
336.753684324,459,2082,644200,42.2324202778,-83.7593644444,64.0,9.21000003815,1481.0,23.9215698242,16.0,,,,,,,,4.6875,-5.46875,-5.46875,-1.5625
336.753684324,459,2082,644300,42.2324202778,-83.7593644444,64.0,9.21000003815,1600.0,23.9215698242,16.0,,,,,,,,4.6875,-5.46875,-3.125,-1.5625
336.753684324,459,2082,644400,42.2324202778,-83.7593644444,64.0,17.609998703,1600.0,23.9215698242,16.0,,,,,,,,4.6875,-5.46875,-3.125,-1.5625
336.753684324,459,2082,644900,42.2329022222,-83.7593561111,64.0,17.609998703,1600.0,23.9215698242,16.0,,,,,,,,4.6875,-5.46875,-3.125,-1.5625
336.753684324,459,2082,646300,42.2329022222,-83.7593561111,64.0,17.609998703,1499.0,23.9215698242,16.0,,,,,,,,4.6875,-5.46875,-3.125,-1.5625
336.753684324,459,2082,646500,42.2329022222,-83.7593561111,64.0,9.94999980927,1499.0,23.9215698242,16.0,,,,,,,,4.6875,-5.46875,-3.125,-1.5625
336.753684324,459,2082,647700,42.2329022222,-83.7593561111,63.0,9.94999980927,1499.0,23.9215698242,16.0,,,,,,,,4.6875,-5.46875,-3.125,-1.5625
336.753684324,459,2082,648300,42.2329022222,-83.7593561111,63.0,9.94999980927,1493.0,23.9215698242,16.0,,,,,,,,4.6875,-5.46875,-3.125,-1.5625
336.753684324,459,2082,648500,42.2329022222,-83.7593561111,63.0,13.1499996185,1493.0,23.9215698242,16.0,,,,,,,,4.6875,-5.46875,-3.125,-1.5625
336.753684324,459,2082,648800,42.2335397222,-83.7593508333,63.0,13.1499996185,1493.0,32.1568641663,16.0,,,,,,,,4.6875,-5.46875,-3.125,-1.5625
336.753684324,459,2082,649000,42.2335397222,-83.7593508333,63.0,13.1499996185,1493.0,32.1568641663,16.0,,,,,,,,4.6875,-5.46875,-3.125,-2.34375
336.753684324,459,2082,649200,42.2335397222,-83.7593508333,63.0,13.1499996185,1493.0,32.1568641663,16.0,,,,,,,,-2.34375,-5.46875,-3.125,-2.34375
336.753684324,459,2082,650300,42.2335397222,-83.7593508333,63.0,13.1499996185,1332.0,32.1568641663,16.0,,,,,,,,-2.34375,-5.46875,-3.125,-2.34375
336.753684324,459,2082,650500,42.2335397222,-83.7593508333,63.0,4.73999977112,1332.0,32.1568641663,16.0,,,,,,,,-2.34375,-5.46875,-3.125,-2.34375
336.753684324,459,2082,651800,42.2335397222,-83.7593508333,62.0,4.73999977112,1332.0,32.1568641663,16.0,,,,,,,,-2.34375,-5.46875,-3.125,-2.34375
336.753684324,459,2082,651900,42.23401,-83.7593477778,62.0,4.73999977112,1332.0,32.1568641663,16.0,,,,,,,,-2.34375,-5.46875,-3.125,-2.34375
336.753684324,459,2082,652000,42.23401,-83.7593477778,62.0,4.73999977112,1332.0,32.1568641663,16.0,,,,,,,,-2.34375,-5.46875,-3.125,-2.34375
336.753684324,459,2082,652300,42.23401,-83.7593477778,62.0,4.73999977112,1348.0,32.1568641663,16.0,,,,,,,,-2.34375,-5.46875,-3.125,-2.34375
336.753684324,459,2082,652500,42.23401,-83.7593477778,62.0,4.48999977112,1348.0,32.1568641663,16.0,,,,,,,,-2.34375,-5.46875,-3.125,-2.34375
336.753684324,459,2082,652800,42.23401,-83.7593477778,61.0,4.48999977112,1348.0,32.1568641663,16.0,,,,,,,,-2.34375,-5.46875,-3.125,-2.34375
336.753684324,459,2082,653900,42.23401,-83.7593477778,61.0,4.48999977112,1348.0,14.117647171,16.0,,,,,,,,-2.34375,-5.46875,-3.125,-2.34375
336.753684324,459,2082,654300,42.23401,-83.7593477778,61.0,4.48999977112,1333.0,14.117647171,16.0,,,,,,,,0.0,-5.46875,0.0,-2.34375
336.753684324,459,2082,654800,42.2344686111,-83.7593436111,61.0,4.48999977112,1333.0,14.117647171,16.0,,,,,,,,0.0,-5.46875,0.0,-2.34375
336.753684324,459,2082,654900,42.2344686111,-83.7593436111,60.0,4.48999977112,1333.0,14.117647171,16.0,,,,,,,,0.0,-5.46875,0.0,-2.34375
336.753684324,459,2082,655900,42.2344686111,-83.7593436111,59.0,4.48999977112,1333.0,14.117647171,16.0,,,,,,,,0.0,-5.46875,0.0,-2.34375
336.753684324,459,2082,656300,42.2344686111,-83.7593436111,59.0,4.48999977112,1297.0,14.117647171,16.0,,,,,,,,0.0,-5.46875,0.0,-2.34375
336.753684324,459,2082,656500,42.2344686111,-83.7593436111,59.0,4.42000007629,1297.0,14.117647171,16.0,,,,,,,,0.0,-5.46875,0.0,-2.34375
336.753684324,459,2082,657000,42.2344686111,-83.7593436111,58.0,4.42000007629,1297.0,14.117647171,16.0,,,,,,,,0.0,-5.46875,0.0,-2.34375
336.753684324,459,2082,657900,42.2349088889,-83.7593302778,58.0,4.42000007629,1297.0,14.117647171,16.0,,,,,,,,0.0,-5.46875,0.0,-2.34375
336.753684324,459,2082,658000,42.2349088889,-83.7593302778,57.0,4.42000007629,1297.0,14.117647171,16.0,,,,,,,,0.0,-5.46875,0.0,-2.34375
336.753684324,459,2082,658300,42.2349088889,-83.7593302778,57.0,4.42000007629,1251.0,14.117647171,16.0,,,,,,,,0.0,-5.46875,0.0,-2.34375
336.753684324,459,2082,658500,42.2349088889,-83.7593302778,57.0,4.30999994278,1251.0,14.117647171,16.0,,,,,,,,0.0,-5.46875,0.0,-2.34375
336.753684324,459,2082,658900,42.2349088889,-83.7593302778,57.0,4.30999994278,1251.0,14.509803772,16.0,,,,,,,,0.0,-5.46875,0.0,-2.34375
336.753684324,459,2082,659100,42.2349088889,-83.7593302778,56.0,4.30999994278,1251.0,14.509803772,16.0,,,,,,,,0.0,-5.46875,0.0,-2.34375
336.753684324,459,2082,660100,42.2349088889,-83.7593302778,53.0,4.30999994278,1251.0,14.509803772,16.0,,,,,,,,0.0,-5.46875,0.0,-2.34375
336.753684324,459,2082,660300,42.2349088889,-83.7593302778,53.0,4.30999994278,1199.0,14.509803772,16.0,,,,,,,,0.0,-5.46875,0.0,-2.34375
336.753684324,459,2082,660500,42.2349088889,-83.7593302778,53.0,4.08999967575,1199.0,14.509803772,16.0,,,,,,,,0.0,-5.46875,0.0,-2.34375
336.753684324,459,2082,661000,42.2353116667,-83.7593391667,53.0,4.08999967575,1199.0,14.509803772,16.0,,,,,,,,0.0,-5.46875,0.0,-2.34375
336.753684324,459,2082,661100,42.2353116667,-83.7593391667,50.0,4.08999967575,1199.0,14.509803772,16.0,,,,,,,,0.0,-5.46875,0.0,-2.34375
336.753684324,459,2082,662200,42.2353116667,-83.7593391667,44.0,4.08999967575,1199.0,14.509803772,16.0,,,,,,,,0.0,-5.46875,0.0,-2.34375
336.753684324,459,2082,662300,42.2353116667,-83.7593391667,44.0,4.08999967575,983.0,14.509803772,16.0,,,,,,,,0.0,-5.46875,0.0,-2.34375
336.753684324,459,2082,662500,42.2353116667,-83.7593391667,44.0,3.25999999046,983.0,14.509803772,16.0,,,,,,,,0.0,-5.46875,0.0,-2.34375
336.753684324,459,2082,663200,42.2353116667,-83.7593391667,36.0,3.25999999046,983.0,14.509803772,16.0,,,,,,,,0.0,-5.46875,0.0,-2.34375
336.753684324,459,2082,663900,42.2356013889,-83.7593141667,36.0,3.25999999046,983.0,15.2941179276,16.0,,,,,,,,0.0,-5.46875,0.0,-2.34375
336.753684324,459,2082,664300,42.2356013889,-83.7593141667,29.0,3.25999999046,1117.0,15.2941179276,16.0,,,,,,,,0.0,-5.46875,0.0,-2.34375
336.753684324,459,2082,664500,42.2356013889,-83.7593141667,29.0,6.36999988556,1117.0,15.2941179276,16.0,,,,,,,,0.0,-5.46875,0.0,-2.34375
336.753684324,459,2082,665300,42.2356013889,-83.7593141667,24.0,6.36999988556,1117.0,15.2941179276,16.0,,,,,,,,0.0,-5.46875,0.0,-2.34375
336.753684324,459,2082,666300,42.2356013889,-83.7593141667,17.0,6.36999988556,867.0,15.2941179276,16.0,,,,,,,,0.0,-5.46875,0.0,-2.34375
336.753684324,459,2082,666500,42.2356013889,-83.7593141667,17.0,5.58999967575,867.0,15.2941179276,16.0,,,,,,,,0.0,-5.46875,0.0,-2.34375
336.753684324,459,2082,666900,42.2357483333,-83.7593125,17.0,5.58999967575,867.0,15.2941179276,16.0,,,,,,,,0.0,-5.46875,0.0,-2.34375
336.753684324,459,2082,667400,42.2357483333,-83.7593125,8.0,5.58999967575,867.0,15.2941179276,16.0,,,,,,,,0.0,-5.46875,0.0,-2.34375
336.753684324,459,2082,668300,42.2357483333,-83.7593125,8.0,5.58999967575,672.0,15.2941179276,16.0,,,,,,,,0.0,-5.46875,0.0,-2.34375
336.753684324,459,2082,668400,42.2357483333,-83.7593125,1.0,5.58999967575,672.0,15.2941179276,16.0,,,,,,,,0.0,-5.46875,0.0,-2.34375
336.753684324,459,2082,668500,42.2357483333,-83.7593125,1.0,4.88999986649,672.0,15.2941179276,16.0,,,,,,,,0.0,-5.46875,0.0,-2.34375
336.753684324,459,2082,669100,42.2357483333,-83.7593125,0.0,4.88999986649,672.0,15.2941179276,16.0,,,,,,,,0.0,-5.46875,0.0,-2.34375
336.753684324,459,2082,669200,42.2357483333,-83.7593125,0.0,4.92000007629,672.0,15.2941179276,16.0,,,,,,,,0.0,-5.46875,0.0,-2.34375
336.753684324,459,2082,669300,42.2357483333,-83.7593125,0.0,4.92000007629,672.0,20.0,16.0,,,,,,,,0.0,-5.46875,0.0,-2.34375
336.753684324,459,2082,669600,42.2357483333,-83.7593125,0.0,4.92000007629,672.0,20.0,16.0,,,,,,,,21.875,-5.46875,0.0,-2.34375
336.753684324,459,2082,669700,42.2357483333,-83.7593125,0.0,4.92000007629,672.0,20.0,16.0,,,,,,,,21.875,-5.46875,21.875,-2.34375
336.753684324,459,2082,669800,42.2357483333,-83.7593125,0.0,4.92000007629,672.0,20.0,16.0,,,,,,,,21.875,-4.6875,21.875,-2.34375
336.753684324,459,2082,669900,42.2357483333,-83.7593125,0.0,4.92000007629,672.0,20.0,16.0,,,,,,,,21.875,-4.6875,21.875,-3.125
336.753684324,459,2082,671100,42.2357483333,-83.7593125,0.0,4.92000007629,687.0,20.0,16.0,,,,,,,,21.875,-4.6875,21.875,-3.125
336.753684324,459,2082,673100,42.2357483333,-83.7593125,0.0,4.92000007629,680.0,20.0,16.0,,,,,,,,21.875,-4.6875,21.875,-3.125
336.753684324,459,2082,673900,42.2357708333,-83.7593108333,0.0,4.92000007629,680.0,20.0,16.0,,,,,,,,21.875,-4.6875,21.875,-3.125
336.753684324,459,2082,674800,42.2357708333,-83.7593108333,7.0,4.92000007629,1883.0,20.0,16.0,,,,,,,,21.875,-4.6875,21.875,-3.125
336.753684324,459,2082,674900,42.2357708333,-83.7593108333,7.0,31.4299983978,1883.0,20.0,16.0,,,,,,,,21.875,-4.6875,21.875,-3.125
336.753684324,459,2082,675000,42.2357708333,-83.7593108333,7.0,31.4299983978,1883.0,45.0980415344,16.0,,,,,,,,21.875,-4.6875,21.875,-3.125
336.753684324,459,2082,675300,42.2357708333,-83.7593108333,7.0,31.4299983978,1883.0,45.0980415344,16.0,,,,,,,,-2.34375,-4.6875,21.875,-3.125
336.753684324,459,2082,675400,42.2357708333,-83.7593108333,7.0,31.4299983978,1883.0,45.0980415344,16.0,,,,,,,,-2.34375,-4.6875,-2.34375,-3.125
336.753684324,459,2082,675500,42.2357708333,-83.7593108333,7.0,31.4299983978,1883.0,45.0980415344,16.0,,,,,,,,-2.34375,-5.46875,-2.34375,-2.34375
336.753684324,459,2082,676800,42.2357708333,-83.7593108333,16.0,31.4299983978,2288.0,45.0980415344,16.0,,,,,,,,-2.34375,-5.46875,-2.34375,-2.34375
336.753684324,459,2082,676900,42.2357708333,-83.7593108333,16.0,42.7700004578,2288.0,45.0980415344,16.0,,,,,,,,-2.34375,-5.46875,-2.34375,-2.34375
336.753684324,459,2082,677000,42.2358530556,-83.7593,16.0,42.7700004578,2288.0,45.0980415344,16.0,,,,,,,,-2.34375,-5.46875,-2.34375,-2.34375
336.753684324,459,2082,677100,42.2358530556,-83.7593,16.0,42.7700004578,2288.0,45.0980415344,16.0,,,,,,,,-2.34375,-5.46875,-2.34375,-2.34375
336.753684324,459,2082,677900,42.2358530556,-83.7593,23.0,42.7700004578,2288.0,45.0980415344,16.0,,,,,,,,-2.34375,-5.46875,-2.34375,-2.34375
336.753684324,459,2082,678900,42.2358530556,-83.7593,28.0,42.7700004578,2353.0,45.0980415344,16.0,,,,,,,,-2.34375,-5.46875,-2.34375,-2.34375
336.753684324,459,2082,679000,42.2358530556,-83.7593,28.0,41.1499977112,2353.0,45.0980415344,16.0,,,,,,,,-2.34375,-5.46875,-2.34375,-2.34375
