DayNum,VehId,Trip,Timestamp(ms),Latitude[deg],Longitude[deg],Vehicle Speed[km/h],MAF[g/sec],Engine RPM[RPM],Absolute Load[%],OAT[DegC],Fuel Rate[L/hr],Air Conditioning Power[kW],Air Conditioning Power[Watts],Heater Power[Watts],HV Battery Current[A],HV Battery SOC[%],HV Battery Voltage[V],Short Term Fuel Trim Bank 1[%],Short Term Fuel Trim Bank 2[%],Long Term Fuel Trim Bank 1[%],Long Term Fuel Trim Bank 2[%]
80.9251865463,579,457,0,42.2864869444,-83.7319544444,51.0,15.9399995804,1548.0,49.8039207458,,,,,,,,,0.0,,-0.78125,
80.9251865463,579,457,2100,42.2864869444,-83.7319544444,51.0,7.46999979019,1500.0,28.235294342,,,,,,,,,0.0,,-0.78125,
80.9251865463,579,457,3800,42.286585,-83.7313213889,51.0,7.46999979019,1500.0,28.235294342,,,,,,,,,4.6875,,-0.78125,
80.9251865463,579,457,4400,42.286585,-83.7313213889,51.0,3.95000004768,1502.0,28.235294342,,,,,,,,,4.6875,,-0.78125,
80.9251865463,579,457,5200,42.286585,-83.7313213889,55.0,3.95000004768,1502.0,28.235294342,,,,,,,,,4.6875,,-0.78125,
80.9251865463,579,457,6200,42.286585,-83.7313213889,54.0,3.95000004768,1502.0,28.235294342,,,,,,,,,4.6875,,-0.78125,
80.9251865463,579,457,6400,42.286585,-83.7313213889,54.0,7.86000013351,1546.0,28.235294342,,,,,,,,,4.6875,,-0.78125,
80.9251865463,579,457,6900,42.286695,-83.7308194444,54.0,7.86000013351,1546.0,28.235294342,,,,,,,,,4.6875,,-0.78125,
80.9251865463,579,457,7300,42.286695,-83.7308194444,54.0,7.86000013351,1546.0,30.9803924561,,,,,,,,,4.6875,,-0.78125,
80.9251865463,579,457,8300,42.286695,-83.7308194444,53.0,7.86000013351,1546.0,30.9803924561,,,,,,,,,4.6875,,-0.78125,
80.9251865463,579,457,8400,42.286695,-83.7308194444,53.0,8.89999961853,1498.0,30.9803924561,,,,,,,,,4.6875,,-0.78125,
80.9251865463,579,457,9400,42.286695,-83.7308194444,53.0,8.89999961853,1498.0,30.9803924561,,,,,,,,,-11.71875,,-0.78125,
80.9251865463,579,457,9700,42.2867902778,-83.7302986111,53.0,8.89999961853,1498.0,30.9803924561,,,,,,,,,-11.71875,,-0.78125,
80.9251865463,579,457,10700,42.2867902778,-83.7302986111,52.0,6.48999977112,1452.0,30.9803924561,,,,,,,,,-11.71875,,-0.78125,
80.9251865463,579,457,12800,42.2867902778,-83.7302986111,54.0,10.9200000763,1466.0,40.0,,,,,,,,,-11.71875,,-0.78125,
80.9251865463,579,457,13700,42.286875,-83.7295894444,54.0,10.9200000763,1466.0,40.0,,,,,,,,,-11.71875,,-0.78125,
80.9251865463,579,457,14900,42.286875,-83.7295894444,55.0,11.1000003815,1488.0,40.0,,,,,,,,,-0.78125,,-0.78125,
80.9251865463,579,457,16800,42.2869144444,-83.7290941667,55.0,11.1000003815,1488.0,40.0,,,,,,,,,-0.78125,,-0.78125,
80.9251865463,579,457,17300,42.2869144444,-83.7290941667,54.0,7.73000001907,1474.0,40.0,,,,,,,,,-0.78125,,-0.78125,
80.9251865463,579,457,18300,42.2869144444,-83.7290941667,53.0,7.73000001907,1474.0,21.9607849121,,,,,,,,,-0.78125,,-0.78125,
80.9251865463,579,457,19700,42.2869144444,-83.7290941667,52.0,6.53999996185,1492.0,21.9607849121,,,,,,,,,-0.78125,,-0.78125,
80.9251865463,579,457,19800,42.2869594444,-83.7285566667,52.0,6.53999996185,1492.0,21.9607849121,,,,,,,,,-0.78125,,-0.78125,
80.9251865463,579,457,19900,42.2869594444,-83.7285566667,52.0,6.53999996185,1492.0,21.9607849121,,,,,,,,,3.90625,,-0.78125,
80.9251865463,579,457,21700,42.2869594444,-83.7285566667,52.0,8.10000038147,1524.0,21.9607849121,,,,,,,,,3.90625,,-0.78125,
80.9251865463,579,457,22800,42.2869594444,-83.7285566667,51.0,8.10000038147,1524.0,21.9607849121,,,,,,,,,3.90625,,-0.78125,
80.9251865463,579,457,22900,42.2869891667,-83.7280313889,51.0,8.10000038147,1524.0,21.9607849121,,,,,,,,,3.90625,,-0.78125,
80.9251865463,579,457,23400,42.2869891667,-83.7280313889,51.0,8.10000038147,1524.0,23.9215698242,,,,,,,,,3.90625,,-0.78125,
80.9251865463,579,457,23700,42.2869891667,-83.7280313889,51.0,6.59000015259,1452.0,23.9215698242,,,,,,,,,3.90625,,-0.78125,
80.9251865463,579,457,25000,42.2869891667,-83.7280313889,51.0,6.59000015259,1452.0,23.9215698242,,,,,,,,,-1.5625,,-0.78125,
80.9251865463,579,457,25700,42.2869891667,-83.7280313889,51.0,9.71000003815,1460.0,23.9215698242,,,,,,,,,-1.5625,,-0.78125,
80.9251865463,579,457,25800,42.2868880556,-83.7276672222,51.0,9.71000003815,1460.0,23.9215698242,,,,,,,,,-1.5625,,-0.78125,
80.9251865463,579,457,27300,42.2868880556,-83.7276672222,52.0,9.71000003815,1460.0,23.9215698242,,,,,,,,,-1.5625,,-0.78125,
80.9251865463,579,457,28200,42.2868880556,-83.7276672222,52.0,10.3000001907,1486.0,23.9215698242,,,,,,,,,-1.5625,,-0.78125,
80.9251865463,579,457,28300,42.2868880556,-83.7276672222,53.0,10.3000001907,1486.0,35.6862754822,,,,,,,,,-1.5625,,-0.78125,
80.9251865463,579,457,28800,42.2869441667,-83.7271202778,53.0,10.3000001907,1486.0,35.6862754822,,,,,,,,,-1.5625,,-0.78125,
80.9251865463,579,457,30300,42.2869441667,-83.7271202778,53.0,10.1400003433,1496.0,35.6862754822,,,,,,,,,3.90625,,-0.78125,
80.9251865463,579,457,30400,42.2869441667,-83.7271202778,54.0,10.1400003433,1496.0,35.6862754822,,,,,,,,,3.90625,,-0.78125,
80.9251865463,579,457,32300,42.2869441667,-83.7271202778,54.0,10.3800001144,1492.0,35.6862754822,,,,,,,,,3.90625,,-0.78125,
80.9251865463,579,457,32700,42.2869230556,-83.7263452778,54.0,10.3800001144,1492.0,35.6862754822,,,,,,,,,3.90625,,-0.78125,
80.9251865463,579,457,33300,42.2869230556,-83.7263452778,54.0,10.3800001144,1492.0,36.0784301758,,,,,,,,,3.90625,,-0.78125,
80.9251865463,579,457,33900,42.2869230556,-83.7263452778,53.0,10.3800001144,1492.0,36.0784301758,,,,,,,,,3.90625,,-0.78125,
80.9251865463,579,457,34300,42.2869230556,-83.7263452778,53.0,6.92000007629,1436.0,36.0784301758,,,,,,,,,3.90625,,-0.78125,
80.9251865463,579,457,35000,42.2869230556,-83.7263452778,52.0,6.92000007629,1436.0,36.0784301758,,,,,,,,,3.90625,,-0.78125,
80.9251865463,579,457,35300,42.2869230556,-83.7263452778,52.0,6.92000007629,1436.0,36.0784301758,,,,,,,,,4.6875,,-0.78125,
80.9251865463,579,457,35800,42.2868952778,-83.7258125,52.0,6.92000007629,1436.0,36.0784301758,,,,,,,,,4.6875,,-0.78125,
80.9251865463,579,457,36000,42.2868952778,-83.7258125,51.0,6.92000007629,1436.0,36.0784301758,,,,,,,,,4.6875,,-0.78125,
80.9251865463,579,457,36600,42.2868952778,-83.7258125,51.0,9.69999980927,1324.0,36.0784301758,,,,,,,,,4.6875,,-0.78125,
80.9251865463,579,457,37400,42.2868952778,-83.7258125,52.0,9.69999980927,1324.0,36.0784301758,,,,,,,,,4.6875,,-0.78125,
80.9251865463,579,457,38400,42.2868952778,-83.7258125,51.0,9.69999980927,1324.0,21.9607849121,,,,,,,,,4.6875,,-0.78125,
80.9251865463,579,457,38500,42.2868952778,-83.7258125,51.0,1.34000003338,1158.0,21.9607849121,,,,,,,,,4.6875,,-0.78125,
80.9251865463,579,457,38800,42.2868694444,-83.7252527778,51.0,1.34000003338,1158.0,21.9607849121,,,,,,,,,4.6875,,-0.78125,
80.9251865463,579,457,39400,42.2868694444,-83.7252527778,50.0,1.34000003338,1158.0,21.9607849121,,,,,,,,,4.6875,,-0.78125,
80.9251865463,579,457,40500,42.2868694444,-83.7252527778,48.0,0.870000004768,0.0,21.9607849121,,,,,,,,,4.6875,,-0.78125,
80.9251865463,579,457,41500,42.2868694444,-83.7252527778,47.0,0.870000004768,0.0,21.9607849121,,,,,,,,,4.6875,,-0.78125,
80.9251865463,579,457,42800,42.2868416667,-83.7245616667,47.0,0.870000004768,0.0,21.9607849121,,,,,,,,,4.6875,,-0.78125,
80.9251865463,579,457,42900,42.2868416667,-83.7245616667,47.0,2.49000000954,1128.0,21.9607849121,,,,,,,,,4.6875,,-0.78125,
80.9251865463,579,457,43900,42.2868416667,-83.7245616667,46.0,2.49000000954,1128.0,33.3333320618,,,,,,,,,4.6875,,-0.78125,
80.9251865463,579,457,45000,42.2868416667,-83.7245616667,47.0,12.8000001907,1174.0,33.3333320618,,,,,,,,,4.6875,,-0.78125,
80.9251865463,579,457,45500,42.2868416667,-83.7245616667,47.0,12.8000001907,1174.0,33.3333320618,,,,,,,,,0.0,,-0.78125,
80.9251865463,579,457,45800,42.2868158333,-83.7240669444,47.0,12.8000001907,1174.0,33.3333320618,,,,,,,,,0.0,,-0.78125,
80.9251865463,579,457,47000,42.2868158333,-83.7240669444,47.0,4.86000013351,1170.0,33.3333320618,,,,,,,,,0.0,,-0.78125,
80.9251865463,579,457,48400,42.2868158333,-83.7240669444,48.0,4.86000013351,1170.0,33.3333320618,,,,,,,,,0.0,,-0.78125,
80.9251865463,579,457,48900,42.2868869444,-83.7234991667,48.0,4.86000013351,1170.0,33.3333320618,,,,,,,,,0.0,,-0.78125,
80.9251865463,579,457,49000,42.2868869444,-83.7234991667,48.0,7.28000020981,1174.0,23.5294113159,,,,,,,,,0.0,,-0.78125,
80.9251865463,579,457,49800,42.2868869444,-83.7234991667,50.0,7.28000020981,1174.0,23.5294113159,,,,,,,,,0.0,,-0.78125,
80.9251865463,579,457,50800,42.2868869444,-83.7234991667,49.0,7.28000020981,1174.0,23.5294113159,,,,,,,,,0.0,,-0.78125,
80.9251865463,579,457,51000,42.2868869444,-83.7234991667,49.0,1.74000000954,982.0,23.5294113159,,,,,,,,,0.0,,-0.78125,
80.9251865463,579,457,51700,42.2869472222,-83.7229452778,49.0,1.74000000954,982.0,23.5294113159,,,,,,,,,0.0,,-0.78125,
80.9251865463,579,457,51800,42.2869472222,-83.7229452778,48.0,1.74000000954,982.0,23.5294113159,,,,,,,,,0.0,,-0.78125,
80.9251865463,579,457,52900,42.2869472222,-83.7229452778,49.0,1.74000000954,982.0,23.5294113159,,,,,,,,,0.0,,-0.78125,
80.9251865463,579,457,53400,42.2869472222,-83.7229452778,49.0,12.7899999619,1330.0,23.5294113159,,,,,,,,,0.0,,-0.78125,
80.9251865463,579,457,54200,42.2869472222,-83.7229452778,51.0,12.7899999619,1330.0,52.9411773682,,,,,,,,,0.0,,-0.78125,
80.9251865463,579,457,54800,42.2870316667,-83.7223747222,51.0,12.7899999619,1330.0,52.9411773682,,,,,,,,,0.0,,-0.78125,
80.9251865463,579,457,55300,42.2870316667,-83.7223747222,52.0,12.7899999619,1330.0,52.9411773682,,,,,,,,,0.0,,-0.78125,
80.9251865463,579,457,55400,42.2870316667,-83.7223747222,52.0,13.8699998856,1372.0,52.9411773682,,,,,,,,,0.0,,-0.78125,
80.9251865463,579,457,56300,42.2870316667,-83.7223747222,54.0,13.8699998856,1372.0,52.9411773682,,,,,,,,,0.0,,-0.78125,
80.9251865463,579,457,57400,42.2870316667,-83.7223747222,54.0,13.1800003052,1408.0,52.9411773682,,,,,,,,,0.0,,-0.78125,
80.9251865463,579,457,57700,42.2870791667,-83.7217997222,54.0,13.1800003052,1408.0,52.9411773682,,,,,,,,,0.0,,-0.78125,
80.9251865463,579,457,58400,42.2870791667,-83.7217997222,55.0,13.1800003052,1408.0,52.9411773682,,,,,,,,,0.0,,-0.78125,
80.9251865463,579,457,59800,42.2870791667,-83.7217997222,55.0,1.77999997139,968.0,19.607843399,,,,,,,,,0.0,,-0.78125,
80.9251865463,579,457,60700,42.2870616667,-83.7212625,55.0,1.77999997139,968.0,19.607843399,,,,,,,,,0.0,,-0.78125,
80.9251865463,579,457,61000,42.2870616667,-83.7212625,53.0,1.77999997139,968.0,19.607843399,,,,,,,,,0.0,,-0.78125,
80.9251865463,579,457,61400,42.2870616667,-83.7212625,53.0,1.77999997139,968.0,19.607843399,,,,,,,,,-3.90625,,-0.78125,
80.9251865463,579,457,62100,42.2870616667,-83.7212625,51.0,0.870000004768,0.0,19.607843399,,,,,,,,,-3.90625,,-0.78125,
80.9251865463,579,457,63200,42.2870616667,-83.7212625,48.0,0.870000004768,0.0,19.607843399,,,,,,,,,-3.90625,,-0.78125,
80.9251865463,579,457,64700,42.2871044444,-83.7205977778,48.0,0.870000004768,0.0,19.607843399,,,,,,,,,-3.90625,,-0.78125,
80.9251865463,579,457,64900,42.2871044444,-83.7205977778,46.0,0.870000004768,0.0,0.0,,,,,,,,,-3.90625,,-0.78125,
80.9251865463,579,457,65000,42.2871044444,-83.7205977778,46.0,0.870000004768,0.0,0.0,,,,,,,,,-3.90625,,-0.78125,
80.9251865463,579,457,66400,42.2871044444,-83.7205977778,46.0,0.870000004768,0.0,0.0,,,,,,,,,0.0,,-0.78125,
80.9251865463,579,457,67400,42.2871044444,-83.7205977778,47.0,7.03000020981,1176.0,0.0,,,,,,,,,0.0,,-0.78125,
80.9251865463,579,457,67800,42.2871836111,-83.7200816667,47.0,7.03000020981,1176.0,0.0,,,,,,,,,0.0,,-0.78125,
80.9251865463,579,457,69400,42.2871836111,-83.7200816667,47.0,2.05999994278,1108.0,0.0,,,,,,,,,0.0,,-0.78125,
80.9251865463,579,457,70000,42.2871836111,-83.7200816667,47.0,2.05999994278,1108.0,14.509803772,,,,,,,,,0.0,,-0.78125,
80.9251865463,579,457,70500,42.2871836111,-83.7200816667,45.0,2.05999994278,1108.0,14.509803772,,,,,,,,,0.0,,-0.78125,
80.9251865463,579,457,71800,42.2872236111,-83.7194619444,43.0,1.34000003338,0.0,14.509803772,,,,,,,,,0.0,,-0.78125,
80.9251865463,579,457,72900,42.2872236111,-83.7194619444,42.0,1.34000003338,0.0,14.509803772,,,,,,,,,0.0,,-0.78125,
80.9251865463,579,457,73900,42.2872236111,-83.7194619444,39.0,1.38999998569,1156.0,14.509803772,,,,,,,,,0.0,,-0.78125,
80.9251865463,579,457,74800,42.2872427778,-83.71906,39.0,1.38999998569,1156.0,14.509803772,,,,,,,,,0.0,,-0.78125,
80.9251865463,579,457,75000,42.2872427778,-83.71906,37.0,1.38999998569,1156.0,0.0,,,,,,,,,0.0,,-0.78125,
80.9251865463,579,457,76000,42.2872427778,-83.71906,34.0,0.870000004768,0.0,0.0,,,,,,,,,0.0,,-0.78125,
80.9251865463,579,457,77400,42.2872427778,-83.71906,31.0,0.870000004768,0.0,0.0,,,,,,,,,0.0,,-0.78125,
80.9251865463,579,457,77900,42.2872675,-83.7187227778,31.0,0.870000004768,0.0,0.0,,,,,,,,,0.0,,-0.78125,
80.9251865463,579,457,78400,42.2872675,-83.7187227778,31.0,1.91999995708,0.0,0.0,,,,,,,,,0.0,,-0.78125,
80.9251865463,579,457,79800,42.2872675,-83.7187227778,34.0,1.91999995708,0.0,0.0,,,,,,,,,0.0,,-0.78125,
80.9251865463,579,457,80100,42.2872675,-83.7187227778,34.0,1.91999995708,0.0,57.6470603943,,,,,,,,,0.0,,-0.78125,
80.9251865463,579,457,80700,42.2872811111,-83.7183730556,34.0,1.91999995708,0.0,57.6470603943,,,,,,,,,0.0,,-0.78125,
80.9251865463,579,457,80800,42.2872811111,-83.7183730556,36.0,14.2600002289,1672.0,57.6470603943,,,,,,,,,0.0,,-0.78125,
80.9251865463,579,457,81800,42.2872811111,-83.7183730556,39.0,14.2600002289,1672.0,57.6470603943,,,,,,,,,0.0,,-0.78125,
80.9251865463,579,457,81900,42.2872811111,-83.7183730556,39.0,14.2600002289,1672.0,57.6470603943,,,,,,,,,-6.25,,-0.78125,
80.9251865463,579,457,82800,42.2872811111,-83.7183730556,39.0,23.9400005341,1836.0,57.6470603943,,,,,,,,,-6.25,,-0.78125,
80.9251865463,579,457,82900,42.2872811111,-83.7183730556,42.0,23.9400005341,1836.0,57.6470603943,,,,,,,,,-6.25,,-0.78125,
80.9251865463,579,457,83800,42.2872822222,-83.7179755556,42.0,23.9400005341,1836.0,57.6470603943,,,,,,,,,-6.25,,-0.78125,
80.9251865463,579,457,83900,42.2872822222,-83.7179755556,45.0,23.9400005341,1836.0,57.6470603943,,,,,,,,,-6.25,,-0.78125,
80.9251865463,579,457,84800,42.2872822222,-83.7179755556,45.0,24.6800003052,1746.0,57.6470603943,,,,,,,,,-6.25,,-0.78125,
80.9251865463,579,457,85000,42.2872822222,-83.7179755556,48.0,24.6800003052,1746.0,57.6470603943,,,,,,,,,-6.25,,-0.78125,
80.9251865463,579,457,85500,42.2872822222,-83.7179755556,48.0,24.6800003052,1746.0,65.0980377197,,,,,,,,,-6.25,,-0.78125,
80.9251865463,579,457,86000,42.2872822222,-83.7179755556,50.0,24.6800003052,1746.0,65.0980377197,,,,,,,,,-6.25,,-0.78125,
80.9251865463,579,457,87100,42.2872822222,-83.7179755556,50.0,20.8099994659,1776.0,65.0980377197,,,,,,,,,3.125,,-0.78125,
80.9251865463,579,457,87800,42.287255,-83.7173516667,50.0,20.8099994659,1776.0,65.0980377197,,,,,,,,,3.125,,-0.78125,
80.9251865463,579,457,88100,42.287255,-83.7173516667,52.0,20.8099994659,1776.0,65.0980377197,,,,,,,,,3.125,,-0.78125,
80.9251865463,579,457,89100,42.287255,-83.7173516667,52.0,13.279999733,1335.0,65.0980377197,,,,,,,,,3.125,,-0.78125,
80.9251865463,579,457,89200,42.287255,-83.7173516667,53.0,13.279999733,1335.0,65.0980377197,,,,,,,,,3.125,,-0.78125,
80.9251865463,579,457,90200,42.287255,-83.7173516667,54.0,13.279999733,1335.0,65.0980377197,,,,,,,,,3.125,,-0.78125,
80.9251865463,579,457,90500,42.287255,-83.7173516667,54.0,13.279999733,1335.0,46.2745094299,,,,,,,,,3.125,,-0.78125,
80.9251865463,579,457,90800,42.2872272222,-83.71685,54.0,13.279999733,1335.0,46.2745094299,,,,,,,,,3.125,,-0.78125,
80.9251865463,579,457,91100,42.2872272222,-83.71685,54.0,12.2399997711,1530.0,46.2745094299,,,,,,,,,3.125,,-0.78125,
80.9251865463,579,457,91300,42.2872272222,-83.71685,55.0,12.2399997711,1530.0,46.2745094299,,,,,,,,,3.125,,-0.78125,
80.9251865463,579,457,92600,42.2872272222,-83.71685,55.0,12.2399997711,1530.0,46.2745094299,,,,,,,,,0.0,,-0.78125,
80.9251865463,579,457,93400,42.2872272222,-83.71685,55.0,7.90000009537,0.0,46.2745094299,,,,,,,,,0.0,,-0.78125,
80.9251865463,579,457,93900,42.2872194444,-83.7163236111,55.0,7.90000009537,0.0,46.2745094299,,,,,,,,,0.0,,-0.78125,
80.9251865463,579,457,94700,42.2872194444,-83.7163236111,53.0,7.90000009537,0.0,46.2745094299,,,,,,,,,0.0,,-0.78125,
80.9251865463,579,457,95600,42.2872194444,-83.7163236111,53.0,0.870000004768,0.0,0.0,,,,,,,,,0.0,,-0.78125,
80.9251865463,579,457,96900,42.2872194444,-83.7163236111,52.0,0.870000004768,0.0,0.0,,,,,,,,,0.0,,-0.78125,
80.9251865463,579,457,97800,42.2871805556,-83.7156483333,52.0,0.870000004768,0.0,0.0,,,,,,,,,0.0,,-0.78125,
80.9251865463,579,457,98400,42.2871805556,-83.7156483333,51.0,0.870000004768,0.0,0.0,,,,,,,,,0.0,,-0.78125,
80.9251865463,579,457,100500,42.2871805556,-83.7156483333,50.0,0.870000004768,0.0,0.0,,,,,,,,,0.0,,-0.78125,
80.9251865463,579,457,100800,42.2871491667,-83.7151622222,50.0,0.870000004768,0.0,0.0,,,,,,,,,0.0,,-0.78125,
80.9251865463,579,457,103900,42.2871052778,-83.7146866667,50.0,0.870000004768,0.0,0.0,,,,,,,,,0.0,,-0.78125,
80.9251865463,579,457,104100,42.2871052778,-83.7146866667,50.0,6.57000017166,0.0,0.0,,,,,,,,,0.0,,-0.78125,
80.9251865463,579,457,105100,42.2871052778,-83.7146866667,51.0,6.57000017166,0.0,0.0,,,,,,,,,0.0,,-0.78125,
80.9251865463,579,457,105600,42.2871052778,-83.7146866667,51.0,6.57000017166,0.0,18.8235301971,,,,,,,,,0.0,,-0.78125,
80.9251865463,579,457,106200,42.2871052778,-83.7146866667,50.0,1.71000003815,1126.0,18.8235301971,,,,,,,,,0.0,,-0.78125,
80.9251865463,579,457,106700,42.2870675,-83.7141988889,50.0,1.71000003815,1126.0,18.8235301971,,,,,,,,,0.0,,-0.78125,
80.9251865463,579,457,107200,42.2870675,-83.7141988889,49.0,1.71000003815,1126.0,18.8235301971,,,,,,,,,0.0,,-0.78125,
80.9251865463,579,457,108200,42.2870675,-83.7141988889,46.0,0.870000004768,0.0,18.8235301971,,,,,,,,,0.0,,-0.78125,
80.9251865463,579,457,109800,42.2870341667,-83.7137644444,46.0,0.870000004768,0.0,18.8235301971,,,,,,,,,0.0,,-0.78125,
80.9251865463,579,457,110400,42.2870341667,-83.7137644444,39.0,0.870000004768,0.0,18.8235301971,,,,,,,,,0.0,,-0.78125,
80.9251865463,579,457,110600,42.2870341667,-83.7137644444,39.0,0.870000004768,0.0,0.0,,,,,,,,,0.0,,-0.78125,
80.9251865463,579,457,112500,42.2870341667,-83.7137644444,37.0,0.870000004768,0.0,0.0,,,,,,,,,0.0,,-0.78125,
80.9251865463,579,457,112800,42.2869725,-83.7134116667,37.0,0.870000004768,0.0,0.0,,,,,,,,,0.0,,-0.78125,
80.9251865463,579,457,113800,42.2869725,-83.7134116667,36.0,0.870000004768,0.0,0.0,,,,,,,,,0.0,,-0.78125,
80.9251865463,579,457,114900,42.2869725,-83.7134116667,32.0,0.870000004768,0.0,0.0,,,,,,,,,0.0,,-0.78125,
80.9251865463,579,457,115800,42.2870311111,-83.7130038889,32.0,0.870000004768,0.0,0.0,,,,,,,,,0.0,,-0.78125,
80.9251865463,579,457,115900,42.2870311111,-83.7130038889,31.0,0.870000004768,0.0,0.0,,,,,,,,,0.0,,-0.78125,
80.9251865463,579,457,116700,42.2870311111,-83.7130038889,31.0,2.08999991417,0.0,0.0,,,,,,,,,0.0,,-0.78125,
80.9251865463,579,457,118000,42.2870311111,-83.7130038889,33.0,2.08999991417,0.0,0.0,,,,,,,,,0.0,,-0.78125,
80.9251865463,579,457,118800,42.2870311111,-83.7130038889,33.0,14.2299995422,1402.0,0.0,,,,,,,,,0.0,,-0.78125,
80.9251865463,579,457,119400,42.2870311111,-83.7130038889,36.0,14.2299995422,1402.0,0.0,,,,,,,,,0.0,,-0.78125,
80.9251865463,579,457,119700,42.28697,-83.7124766667,36.0,14.2299995422,1402.0,0.0,,,,,,,,,0.0,,-0.78125,
80.9251865463,579,457,120400,42.28697,-83.7124766667,40.0,14.2299995422,1402.0,0.0,,,,,,,,,0.0,,-0.78125,
80.9251865463,579,457,121200,42.28697,-83.7124766667,40.0,12.0,1212.0,49.0196075439,,,,,,,,,0.0,,-0.78125,
80.9251865463,579,457,121400,42.28697,-83.7124766667,43.0,12.0,1212.0,49.0196075439,,,,,,,,,0.0,,-0.78125,
80.9251865463,579,457,122500,42.28697,-83.7124766667,46.0,12.0,1212.0,49.0196075439,,,,,,,,,0.0,,-0.78125,
80.9251865463,579,457,122800,42.2868675,-83.7120275,46.0,12.0,1212.0,49.0196075439,,,,,,,,,0.0,,-0.78125,
80.9251865463,579,457,123300,42.2868675,-83.7120275,46.0,7.69000005722,1166.0,49.0196075439,,,,,,,,,-3.125,,-0.78125,
80.9251865463,579,457,123500,42.2868675,-83.7120275,49.0,7.69000005722,1166.0,49.0196075439,,,,,,,,,-3.125,,-0.78125,
80.9251865463,579,457,124900,42.2868675,-83.7120275,50.0,7.69000005722,1166.0,49.0196075439,,,,,,,,,-3.125,,-0.78125,
80.9251865463,579,457,125700,42.2868675,-83.7120275,50.0,1.69000005722,0.0,49.0196075439,,,,,,,,,-3.125,,-0.78125,
80.9251865463,579,457,125800,42.2867108333,-83.7115763889,50.0,1.69000005722,0.0,49.0196075439,,,,,,,,,-3.125,,-0.78125,
80.9251865463,579,457,126300,42.2867108333,-83.7115763889,51.0,1.69000005722,0.0,0.0,,,,,,,,,-3.125,,-0.78125,
80.9251865463,579,457,127400,42.2867108333,-83.7115763889,52.0,1.69000005722,0.0,0.0,,,,,,,,,-3.125,,-0.78125,
80.9251865463,579,457,127700,42.2867108333,-83.7115763889,52.0,6.0,1124.0,0.0,,,,,,,,,-3.125,,-0.78125,
80.9251865463,579,457,128400,42.2867108333,-83.7115763889,54.0,6.0,1124.0,0.0,,,,,,,,,0.0,,-0.78125,
80.9251865463,579,457,128900,42.2865055556,-83.7111358333,54.0,6.0,1124.0,0.0,,,,,,,,,0.0,,-0.78125,
80.9251865463,579,457,130000,42.2865055556,-83.7111358333,54.0,1.50999999046,1098.0,0.0,,,,,,,,,0.0,,-0.78125,
80.9251865463,579,457,130800,42.2865055556,-83.7111358333,55.0,1.50999999046,1098.0,0.0,,,,,,,,,0.0,,-0.78125,
80.9251865463,579,457,131300,42.2865055556,-83.7111358333,55.0,1.50999999046,1098.0,18.4313735962,,,,,,,,,0.0,,-0.78125,
80.9251865463,579,457,131900,42.2861636111,-83.7108997222,55.0,1.50999999046,1098.0,18.4313735962,,,,,,,,,0.0,,-0.78125,
80.9251865463,579,457,132000,42.2861636111,-83.7108997222,55.0,3.84999990463,1164.0,18.4313735962,,,,,,,,,0.0,,-0.78125,
80.9251865463,579,457,133000,42.2861636111,-83.7108997222,54.0,3.84999990463,1164.0,18.4313735962,,,,,,,,,0.0,,-0.78125,
80.9251865463,579,457,134100,42.2861636111,-83.7108997222,54.0,5.48000001907,1170.0,18.4313735962,,,,,,,,,0.0,,-0.78125,
80.9251865463,579,457,134900,42.2857836111,-83.7107261111,54.0,5.48000001907,1170.0,18.4313735962,,,,,,,,,0.0,,-0.78125,
80.9251865463,579,457,135200,42.2857836111,-83.7107261111,55.0,5.48000001907,1170.0,18.4313735962,,,,,,,,,0.0,,-0.78125,
80.9251865463,579,457,136600,42.2857836111,-83.7107261111,54.0,1.64999997616,1136.0,15.2941179276,,,,,,,,,0.0,,-0.78125,
80.9251865463,579,457,137600,42.2857836111,-83.7107261111,52.0,1.64999997616,1136.0,15.2941179276,,,,,,,,,0.0,,-0.78125,
80.9251865463,579,457,137700,42.2853325,-83.7108825,52.0,1.64999997616,1136.0,15.2941179276,,,,,,,,,0.0,,-0.78125,
80.9251865463,579,457,138600,42.2853325,-83.7108825,53.0,11.75,1181.0,15.2941179276,,,,,,,,,3.125,,-0.78125,
80.9251865463,579,457,140800,42.2853325,-83.7108825,53.0,1.52999997139,1102.0,15.2941179276,,,,,,,,,3.125,,-0.78125,
80.9251865463,579,457,141600,42.2853325,-83.7108825,51.0,1.52999997139,1102.0,0.0,,,,,,,,,3.125,,-0.78125,
80.9251865463,579,457,141700,42.2847558333,-83.7109586111,51.0,1.52999997139,1102.0,0.0,,,,,,,,,3.125,,-0.78125,
80.9251865463,579,457,142600,42.2847558333,-83.7109586111,49.0,1.52999997139,1102.0,0.0,,,,,,,,,3.125,,-0.78125,
80.9251865463,579,457,142800,42.2847558333,-83.7109586111,49.0,0.870000004768,0.0,0.0,,,,,,,,,3.125,,-0.78125,
80.9251865463,579,457,143700,42.2847558333,-83.7109586111,50.0,0.870000004768,0.0,0.0,,,,,,,,,0.0,,-0.78125,
80.9251865463,579,457,144700,42.2847558333,-83.7109586111,51.0,0.870000004768,0.0,0.0,,,,,,,,,0.0,,-0.78125,
80.9251865463,579,457,144800,42.2843261111,-83.7110319444,51.0,5.53000020981,1141.0,0.0,,,,,,,,,0.0,,-0.78125,
80.9251865463,579,457,147100,42.2843261111,-83.7110319444,50.0,1.0,0.0,0.0,,,,,,,,,0.0,,-0.78125,
80.9251865463,579,457,147800,42.2839513889,-83.7109544444,50.0,1.0,0.0,0.0,,,,,,,,,0.0,,-0.78125,
80.9251865463,579,457,148200,42.2839513889,-83.7109544444,51.0,1.0,0.0,0.0,,,,,,,,,0.0,,-0.78125,
80.9251865463,579,457,149200,42.2839513889,-83.7109544444,51.0,0.870000004768,0.0,0.0,,,,,,,,,0.0,,-0.78125,
80.9251865463,579,457,150900,42.2836152778,-83.7107775,51.0,0.870000004768,0.0,0.0,,,,,,,,,0.0,,-0.78125,
80.9251865463,579,457,151300,42.2836152778,-83.7107775,52.0,0.870000004768,0.0,0.0,,,,,,,,,0.0,,-0.78125,
80.9251865463,579,457,152600,42.2836152778,-83.7107775,53.0,0.870000004768,0.0,0.0,,,,,,,,,0.0,,-0.78125,
80.9251865463,579,457,153700,42.2836152778,-83.7107775,54.0,0.870000004768,13.0,0.0,,,,,,,,,0.0,,-0.78125,
80.9251865463,579,457,153800,42.2832708333,-83.7105013889,54.0,0.870000004768,13.0,0.0,,,,,,,,,0.0,,-0.78125,
80.9251865463,579,457,154700,42.2832708333,-83.7105013889,55.0,0.870000004768,13.0,0.0,,,,,,,,,0.0,,-0.78125,
80.9251865463,579,457,155800,42.2832708333,-83.7105013889,55.0,0.870000004768,0.0,0.0,,,,,,,,,0.0,,-0.78125,
80.9251865463,579,457,157800,42.2828594444,-83.7100508333,55.0,0.870000004768,0.0,0.0,,,,,,,,,0.0,,-0.78125,
80.9251865463,579,457,158200,42.2828594444,-83.7100508333,56.0,0.870000004768,0.0,0.0,,,,,,,,,0.0,,-0.78125,
80.9251865463,579,457,160900,42.2826047222,-83.7096244444,56.0,0.870000004768,0.0,0.0,,,,,,,,,0.0,,-0.78125,
80.9251865463,579,457,161300,42.2826047222,-83.7096244444,57.0,0.870000004768,0.0,0.0,,,,,,,,,0.0,,-0.78125,
80.9251865463,579,457,162300,42.2826047222,-83.7096244444,58.0,3.71000003815,1158.0,0.0,,,,,,,,,0.0,,-0.78125,
80.9251865463,579,457,162900,42.2826047222,-83.7096244444,58.0,3.71000003815,1158.0,24.7058830261,,,,,,,,,0.0,,-0.78125,
80.9251865463,579,457,163700,42.2823352778,-83.7091369444,58.0,3.71000003815,1158.0,24.7058830261,,,,,,,,,0.0,,-0.78125,
80.9251865463,579,457,164700,42.2823352778,-83.7091369444,57.0,1.42999994755,0.0,24.7058830261,,,,,,,,,0.0,,-0.78125,
80.9251865463,579,457,165800,42.2823352778,-83.7091369444,56.0,1.42999994755,0.0,24.7058830261,,,,,,,,,0.0,,-0.78125,
80.9251865463,579,457,167000,42.2823352778,-83.7091369444,55.0,0.870000004768,0.0,24.7058830261,,,,,,,,,0.0,,-0.78125,
80.9251865463,579,457,167900,42.2819944444,-83.7085202778,55.0,0.870000004768,0.0,24.7058830261,,,,,,,,,0.0,,-0.78125,
80.9251865463,579,457,168000,42.2819944444,-83.7085202778,54.0,0.870000004768,0.0,0.0,,,,,,,,,0.0,,-0.78125,
80.9251865463,579,457,169600,42.2819944444,-83.7085202778,52.0,0.870000004768,0.0,0.0,,,,,,,,,0.0,,-0.78125,
80.9251865463,579,457,170900,42.2817780556,-83.7081416667,52.0,0.870000004768,0.0,0.0,,,,,,,,,0.0,,-0.78125,
80.9251865463,579,457,171200,42.2817780556,-83.7081416667,49.0,0.870000004768,0.0,0.0,,,,,,,,,0.0,,-0.78125,
80.9251865463,579,457,172200,42.2817780556,-83.7081416667,47.0,0.870000004768,0.0,0.0,,,,,,,,,0.0,,-0.78125,
80.9251865463,579,457,173200,42.2817780556,-83.7081416667,46.0,0.870000004768,0.0,0.0,,,,,,,,,0.0,,-0.78125,
80.9251865463,579,457,173900,42.2815927778,-83.707775,46.0,0.870000004768,0.0,0.0,,,,,,,,,0.0,,-0.78125,
80.9251865463,579,457,174600,42.2815927778,-83.707775,43.0,0.870000004768,0.0,0.0,,,,,,,,,0.0,,-0.78125,
80.9251865463,579,457,175600,42.2815927778,-83.707775,40.0,0.870000004768,0.0,0.0,,,,,,,,,0.0,,-0.78125,
80.9251865463,579,457,176600,42.2815927778,-83.707775,37.0,0.870000004768,0.0,0.0,,,,,,,,,0.0,,-0.78125,
80.9251865463,579,457,176700,42.2814486111,-83.7074788889,37.0,0.870000004768,0.0,0.0,,,,,,,,,0.0,,-0.78125,
80.9251865463,579,457,177700,42.2814486111,-83.7074788889,35.0,0.870000004768,0.0,0.0,,,,,,,,,0.0,,-0.78125,
80.9251865463,579,457,178700,42.2814486111,-83.7074788889,34.0,0.870000004768,0.0,0.0,,,,,,,,,0.0,,-0.78125,
80.9251865463,579,457,180100,42.2814486111,-83.7074788889,32.0,0.870000004768,0.0,0.0,,,,,,,,,0.0,,-0.78125,
80.9251865463,579,457,180700,42.2812841667,-83.7071586111,32.0,0.870000004768,0.0,0.0,,,,,,,,,0.0,,-0.78125,
80.9251865463,579,457,181100,42.2812841667,-83.7071586111,30.0,0.870000004768,0.0,0.0,,,,,,,,,0.0,,-0.78125,
80.9251865463,579,457,182200,42.2812841667,-83.7071586111,27.0,0.870000004768,0.0,0.0,,,,,,,,,0.0,,-0.78125,
80.9251865463,579,457,183200,42.2812841667,-83.7071586111,25.0,0.870000004768,0.0,0.0,,,,,,,,,0.0,,-0.78125,
80.9251865463,579,457,183800,42.2811669444,-83.7069661111,25.0,0.870000004768,0.0,0.0,,,,,,,,,0.0,,-0.78125,
80.9251865463,579,457,184200,42.2811669444,-83.7069661111,21.0,0.870000004768,0.0,0.0,,,,,,,,,0.0,,-0.78125,
80.9251865463,579,457,185600,42.2811669444,-83.7069661111,16.0,0.870000004768,0.0,0.0,,,,,,,,,0.0,,-0.78125,
80.9251865463,579,457,186800,42.2810936111,-83.7068552778,16.0,0.870000004768,0.0,0.0,,,,,,,,,0.0,,-0.78125,
80.9251865463,579,457,187900,42.2810936111,-83.7068552778,8.0,0.870000004768,0.0,0.0,,,,,,,,,0.0,,-0.78125,
80.9251865463,579,457,189000,42.2810936111,-83.7068552778,5.0,0.870000004768,0.0,0.0,,,,,,,,,0.0,,-0.78125,
80.9251865463,579,457,189900,42.2810486111,-83.7068405556,5.0,0.870000004768,0.0,0.0,,,,,,,,,0.0,,-0.78125,
80.9251865463,579,457,190400,42.2810486111,-83.7068405556,3.0,0.870000004768,0.0,0.0,,,,,,,,,0.0,,-0.78125,
80.9251865463,579,457,192500,42.2810486111,-83.7068405556,5.0,0.870000004768,0.0,0.0,,,,,,,,,0.0,,-0.78125,
80.9251865463,579,457,192800,42.2810369444,-83.7068169444,5.0,0.870000004768,0.0,0.0,,,,,,,,,0.0,,-0.78125,
80.9251865463,579,457,195000,42.2810369444,-83.7068169444,8.0,0.870000004768,0.0,0.0,,,,,,,,,0.0,,-0.78125,
80.9251865463,579,457,196100,42.2810369444,-83.7068169444,15.0,0.870000004768,0.0,0.0,,,,,,,,,0.0,,-0.78125,
80.9251865463,579,457,196900,42.2809486111,-83.7067152778,15.0,8.64999961853,1137.0,0.0,,,,,,,,,0.0,,-0.78125,
80.9251865463,579,457,197100,42.2809486111,-83.7067152778,22.0,8.64999961853,1137.0,0.0,,,,,,,,,0.0,,-0.78125,
80.9251865463,579,457,199000,42.2809486111,-83.7067152778,22.0,10.470000267,1448.0,0.0,,,,,,,,,0.0,,-0.78125,
80.9251865463,579,457,199200,42.2809486111,-83.7067152778,26.0,10.470000267,1448.0,0.0,,,,,,,,,0.0,,-0.78125,
80.9251865463,579,457,199700,42.280835,-83.7065319444,26.0,10.470000267,1448.0,0.0,,,,,,,,,0.0,,-0.78125,
80.9251865463,579,457,200000,42.280835,-83.7065319444,26.0,10.470000267,1448.0,48.6274528503,,,,,,,,,0.0,,-0.78125,
80.9251865463,579,457,200600,42.280835,-83.7065319444,28.0,10.470000267,1448.0,48.6274528503,,,,,,,,,0.0,,-0.78125,
80.9251865463,579,457,201100,42.280835,-83.7065319444,28.0,17.3400001526,1490.0,48.6274528503,,,,,,,,,0.0,,-0.78125,
80.9251865463,579,457,202000,42.280835,-83.7065319444,34.0,17.3400001526,1490.0,48.6274528503,,,,,,,,,-8.59375,,-0.78125,
80.9251865463,579,457,202900,42.2806941667,-83.7062555556,34.0,17.3400001526,1490.0,48.6274528503,,,,,,,,,-8.59375,,-0.78125,
80.9251865463,579,457,203100,42.2806941667,-83.7062555556,36.0,17.3400001526,1490.0,48.6274528503,,,,,,,,,-8.59375,,-0.78125,
80.9251865463,579,457,203200,42.2806941667,-83.7062555556,36.0,10.1099996567,1185.0,48.6274528503,,,,,,,,,-8.59375,,-0.78125,
80.9251865463,579,457,204200,42.2806941667,-83.7062555556,38.0,10.1099996567,1185.0,48.6274528503,,,,,,,,,-8.59375,,-0.78125,
80.9251865463,579,457,205200,42.2806941667,-83.7062555556,41.0,9.55000019073,1434.0,35.2941169739,,,,,,,,,-8.59375,,-0.78125,
80.9251865463,579,457,205900,42.2805252778,-83.7059438889,41.0,9.55000019073,1434.0,35.2941169739,,,,,,,,,-8.59375,,-0.78125,
80.9251865463,579,457,206800,42.2805252778,-83.7059438889,43.0,9.55000019073,1434.0,35.2941169739,,,,,,,,,-8.59375,,-0.78125,
80.9251865463,579,457,207000,42.2805252778,-83.7059438889,43.0,9.55000019073,1434.0,35.2941169739,,,,,,,,,3.90625,,-0.78125,
80.9251865463,579,457,207300,42.2805252778,-83.7059438889,43.0,12.9300003052,1499.0,35.2941169739,,,,,,,,,3.90625,,-0.78125,
80.9251865463,579,457,208800,42.2803444444,-83.7056041667,43.0,12.9300003052,1499.0,35.2941169739,,,,,,,,,3.90625,,-0.78125,
80.9251865463,579,457,208900,42.2803444444,-83.7056041667,44.0,12.9300003052,1499.0,35.2941169739,,,,,,,,,3.90625,,-0.78125,
80.9251865463,579,457,209300,42.2803444444,-83.7056041667,44.0,10.4499998093,1541.0,35.2941169739,,,,,,,,,3.90625,,-0.78125,
80.9251865463,579,457,209900,42.2803444444,-83.7056041667,45.0,10.4499998093,1541.0,35.2941169739,,,,,,,,,3.90625,,-0.78125,
80.9251865463,579,457,210200,42.2803444444,-83.7056041667,45.0,10.4499998093,1541.0,34.9019622803,,,,,,,,,3.90625,,-0.78125,
80.9251865463,579,457,211000,42.2803444444,-83.7056041667,47.0,10.4499998093,1541.0,34.9019622803,,,,,,,,,3.90625,,-0.78125,
80.9251865463,579,457,211500,42.2803444444,-83.7056041667,47.0,9.13000011444,1499.0,34.9019622803,,,,,,,,,3.90625,,-0.78125,
80.9251865463,579,457,211800,42.2801475,-83.7052208333,47.0,9.13000011444,1499.0,34.9019622803,,,,,,,,,3.90625,,-0.78125,
80.9251865463,579,457,212000,42.2801475,-83.7052208333,49.0,9.13000011444,1499.0,34.9019622803,,,,,,,,,3.90625,,-0.78125,
80.9251865463,579,457,213000,42.2801475,-83.7052208333,50.0,9.13000011444,1499.0,34.9019622803,,,,,,,,,3.90625,,-0.78125,
80.9251865463,579,457,213500,42.2801475,-83.7052208333,50.0,4.05999994278,1467.0,34.9019622803,,,,,,,,,3.90625,,-0.78125,
80.9251865463,579,457,214800,42.2799263889,-83.7048105556,50.0,4.05999994278,1467.0,34.9019622803,,,,,,,,,3.90625,,-0.78125,
80.9251865463,579,457,215100,42.2799263889,-83.7048105556,51.0,4.05999994278,1467.0,34.9019622803,,,,,,,,,3.90625,,-0.78125,
80.9251865463,579,457,215600,42.2799263889,-83.7048105556,51.0,19.8299999237,1591.0,56.8627471924,,,,,,,,,3.90625,,-0.78125,
80.9251865463,579,457,217200,42.2799263889,-83.7048105556,53.0,19.8299999237,1591.0,56.8627471924,,,,,,,,,3.90625,,-0.78125,
80.9251865463,579,457,218000,42.2799263889,-83.7048105556,53.0,15.3900003433,1491.0,56.8627471924,,,,,,,,,7.8125,,-0.78125,
80.9251865463,579,457,218200,42.2799263889,-83.7048105556,54.0,15.3900003433,1491.0,56.8627471924,,,,,,,,,7.8125,,-0.78125,
80.9251865463,579,457,218800,42.2796152778,-83.7042369444,54.0,15.3900003433,1491.0,56.8627471924,,,,,,,,,7.8125,,-0.78125,
80.9251865463,579,457,219300,42.2796152778,-83.7042369444,56.0,15.3900003433,1491.0,56.8627471924,,,,,,,,,7.8125,,-0.78125,
80.9251865463,579,457,220100,42.2796152778,-83.7042369444,56.0,20.5100002289,1763.0,56.8627471924,,,,,,,,,7.8125,,-0.78125,
80.9251865463,579,457,220300,42.2796152778,-83.7042369444,57.0,20.5100002289,1763.0,56.8627471924,,,,,,,,,7.8125,,-0.78125,
80.9251865463,579,457,221100,42.2796152778,-83.7042369444,57.0,20.5100002289,1763.0,55.6862754822,,,,,,,,,7.8125,,-0.78125,
80.9251865463,579,457,221700,42.2796152778,-83.7042369444,58.0,20.5100002289,1763.0,55.6862754822,,,,,,,,,7.8125,,-0.78125,
80.9251865463,579,457,221800,42.27937,-83.7037488889,58.0,20.5100002289,1763.0,55.6862754822,,,,,,,,,7.8125,,-0.78125,
80.9251865463,579,457,222500,42.27937,-83.7037488889,58.0,11.9099998474,1525.0,55.6862754822,,,,,,,,,7.8125,,-0.78125,
80.9251865463,579,457,223500,42.27937,-83.7037488889,58.0,11.9099998474,1525.0,55.6862754822,,,,,,,,,0.0,,-0.78125,
80.9251865463,579,457,223700,42.27937,-83.7037488889,57.0,11.9099998474,1525.0,55.6862754822,,,,,,,,,0.0,,-0.78125,
80.9251865463,579,457,224600,42.27937,-83.7037488889,57.0,6.88999986649,1473.0,55.6862754822,,,,,,,,,0.0,,-0.78125,
80.9251865463,579,457,224800,42.2791338889,-83.7032816667,55.0,6.88999986649,1473.0,55.6862754822,,,,,,,,,0.0,,-0.78125,
80.9251865463,579,457,225800,42.2791338889,-83.7032816667,53.0,6.88999986649,1473.0,55.6862754822,,,,,,,,,0.0,,-0.78125,
80.9251865463,579,457,226600,42.2791338889,-83.7032816667,53.0,6.57000017166,1488.0,23.5294113159,,,,,,,,,0.0,,-0.78125,
80.9251865463,579,457,227200,42.2791338889,-83.7032816667,51.0,6.57000017166,1488.0,23.5294113159,,,,,,,,,0.0,,-0.78125,
80.9251865463,579,457,228200,42.2791338889,-83.7032816667,49.0,6.57000017166,1488.0,23.5294113159,,,,,,,,,0.0,,-0.78125,
80.9251865463,579,457,228800,42.2788611111,-83.7027147222,49.0,6.57000017166,1488.0,23.5294113159,,,,,,,,,0.0,,-0.78125,
80.9251865463,579,457,229000,42.2788611111,-83.7027147222,49.0,6.78999996185,1497.0,23.5294113159,,,,,,,,,-1.5625,,-0.78125,
80.9251865463,579,457,229300,42.2788611111,-83.7027147222,48.0,6.78999996185,1497.0,23.5294113159,,,,,,,,,-1.5625,,-0.78125,
80.9251865463,579,457,230300,42.2788611111,-83.7027147222,45.0,6.78999996185,1497.0,23.5294113159,,,,,,,,,-1.5625,,-0.78125,
80.9251865463,579,457,231100,42.2788611111,-83.7027147222,45.0,1.65999996662,1172.0,23.5294113159,,,,,,,,,-1.5625,,-0.78125,
80.9251865463,579,457,231700,42.2788611111,-83.7027147222,45.0,1.65999996662,1172.0,21.9607849121,,,,,,,,,-1.5625,,-0.78125,
80.9251865463,579,457,231800,42.278665,-83.70233,45.0,1.65999996662,1172.0,21.9607849121,,,,,,,,,-1.5625,,-0.78125,
80.9251865463,579,457,233000,42.278665,-83.70233,43.0,1.65999996662,1172.0,21.9607849121,,,,,,,,,-1.5625,,-0.78125,
80.9251865463,579,457,233100,42.278665,-83.70233,43.0,1.00999999046,0.0,21.9607849121,,,,,,,,,-1.5625,,-0.78125,
80.9251865463,579,457,234100,42.278665,-83.70233,42.0,1.00999999046,0.0,21.9607849121,,,,,,,,,0.0,,-0.78125,
80.9251865463,579,457,235100,42.278665,-83.70233,41.0,0.870000004768,0.0,21.9607849121,,,,,,,,,0.0,,-0.78125,
80.9251865463,579,457,235700,42.2784552778,-83.7018338889,41.0,0.870000004768,0.0,21.9607849121,,,,,,,,,0.0,,-0.78125,
80.9251865463,579,457,236100,42.2784552778,-83.7018338889,39.0,0.870000004768,0.0,21.9607849121,,,,,,,,,0.0,,-0.78125,
80.9251865463,579,457,237000,42.2784552778,-83.7018338889,39.0,0.870000004768,0.0,0.0,,,,,,,,,0.0,,-0.78125,
80.9251865463,579,457,238700,42.2784552778,-83.7018338889,38.0,0.870000004768,0.0,0.0,,,,,,,,,0.0,,-0.78125,
80.9251865463,579,457,238800,42.2783061111,-83.7014883333,38.0,0.870000004768,0.0,0.0,,,,,,,,,0.0,,-0.78125,
80.9251865463,579,457,239800,42.2783061111,-83.7014883333,39.0,0.870000004768,0.0,0.0,,,,,,,,,0.0,,-0.78125,
80.9251865463,579,457,240900,42.2783061111,-83.7014883333,41.0,0.870000004768,0.0,0.0,,,,,,,,,0.0,,-0.78125,
80.9251865463,579,457,241800,42.2781286111,-83.7011327778,41.0,0.870000004768,0.0,0.0,,,,,,,,,0.0,,-0.78125,
80.9251865463,579,457,241900,42.2781286111,-83.7011327778,42.0,0.870000004768,0.0,0.0,,,,,,,,,0.0,,-0.78125,
80.9251865463,579,457,242900,42.2781286111,-83.7011327778,41.0,0.870000004768,0.0,0.0,,,,,,,,,0.0,,-0.78125,
80.9251865463,579,457,244800,42.2779716667,-83.7007530556,41.0,0.870000004768,0.0,0.0,,,,,,,,,0.0,,-0.78125,
80.9251865463,579,457,245500,42.2779716667,-83.7007530556,40.0,0.870000004768,0.0,0.0,,,,,,,,,0.0,,-0.78125,
80.9251865463,579,457,247100,42.2779716667,-83.7007530556,40.0,0.870000004768,0.0,0.0,,,,,,,,,0.0,,-0.78125,
80.9251865463,579,457,248200,42.2779716667,-83.7007530556,36.0,0.870000004768,0.0,0.0,,,,,,,,,0.0,,-0.78125,
80.9251865463,579,457,248800,42.2778469444,-83.7002491667,36.0,0.870000004768,0.0,0.0,,,,,,,,,0.0,,-0.78125,
80.9251865463,579,457,251600,42.2778469444,-83.7002491667,37.0,0.870000004768,0.0,0.0,,,,,,,,,0.0,,-0.78125,
80.9251865463,579,457,251800,42.2777772222,-83.6998788889,37.0,0.870000004768,0.0,0.0,,,,,,,,,0.0,,-0.78125,
80.9251865463,579,457,252600,42.2777772222,-83.6998788889,38.0,0.870000004768,0.0,0.0,,,,,,,,,0.0,,-0.78125,
80.9251865463,579,457,253700,42.2777772222,-83.6998788889,39.0,0.870000004768,0.0,0.0,,,,,,,,,0.0,,-0.78125,
80.9251865463,579,457,254900,42.2777086111,-83.6994925,39.0,0.870000004768,0.0,0.0,,,,,,,,,0.0,,-0.78125,
80.9251865463,579,457,255900,42.2777086111,-83.6994925,41.0,0.870000004768,0.0,0.0,,,,,,,,,0.0,,-0.78125,
80.9251865463,579,457,256900,42.2777086111,-83.6994925,43.0,0.870000004768,0.0,0.0,,,,,,,,,0.0,,-0.78125,
80.9251865463,579,457,257700,42.27763,-83.6990841667,43.0,0.870000004768,0.0,0.0,,,,,,,,,0.0,,-0.78125,
80.9251865463,579,457,257800,42.27763,-83.6990841667,43.0,7.59999990463,1127.0,37.6470603943,,,,,,,,,0.0,,-0.78125,
80.9251865463,579,457,258000,42.27763,-83.6990841667,44.0,7.59999990463,1127.0,37.6470603943,,,,,,,,,0.0,,-0.78125,
80.9251865463,579,457,259000,42.27763,-83.6990841667,45.0,7.59999990463,1127.0,37.6470603943,,,,,,,,,0.0,,-0.78125,
80.9251865463,579,457,259800,42.27763,-83.6990841667,45.0,2.79999995232,235.0,37.6470603943,,,,,,,,,0.0,,-0.78125,
80.9251865463,579,457,260400,42.27763,-83.6990841667,46.0,2.79999995232,235.0,37.6470603943,,,,,,,,,0.0,,-0.78125,
80.9251865463,579,457,261700,42.2775158333,-83.6985036111,46.0,2.79999995232,235.0,37.6470603943,,,,,,,,,0.0,,-0.78125,
80.9251865463,579,457,261800,42.2775158333,-83.6985036111,46.0,0.870000004768,0.0,37.6470603943,,,,,,,,,0.0,,-0.78125,
80.9251865463,579,457,262800,42.2775158333,-83.6985036111,48.0,0.870000004768,0.0,0.0,,,,,,,,,0.0,,-0.78125,
80.9251865463,579,457,263800,42.2774661111,-83.6982002778,48.0,0.870000004768,0.0,0.0,,,,,,,,,0.0,,-0.78125,
80.9251865463,579,457,264900,42.2774661111,-83.6982002778,47.0,0.870000004768,0.0,0.0,,,,,,,,,0.0,,-0.78125,
80.9251865463,579,457,266200,42.2774661111,-83.6982002778,46.0,0.870000004768,0.0,0.0,,,,,,,,,0.0,,-0.78125,
80.9251865463,579,457,267800,42.2773827778,-83.6976075,46.0,0.870000004768,0.0,0.0,,,,,,,,,0.0,,-0.78125,
80.9251865463,579,457,268300,42.2773827778,-83.6976075,45.0,0.870000004768,0.0,0.0,,,,,,,,,0.0,,-0.78125,
80.9251865463,579,457,269400,42.2773827778,-83.6976075,46.0,0.870000004768,0.0,0.0,,,,,,,,,0.0,,-0.78125,
80.9251865463,579,457,270400,42.2773827778,-83.6976075,47.0,0.870000004768,0.0,0.0,,,,,,,,,0.0,,-0.78125,
80.9251865463,579,457,270900,42.2773130556,-83.6971566667,47.0,0.870000004768,0.0,0.0,,,,,,,,,0.0,,-0.78125,
80.9251865463,579,457,271800,42.2773130556,-83.6971566667,49.0,0.870000004768,0.0,0.0,,,,,,,,,0.0,,-0.78125,
80.9251865463,579,457,272800,42.2773130556,-83.6971566667,51.0,12.75,1294.0,0.0,,,,,,,,,0.0,,-0.78125,
80.9251865463,579,457,273400,42.2773130556,-83.6971566667,51.0,12.75,1294.0,49.4117660522,,,,,,,,,0.0,,-0.78125,
80.9251865463,579,457,274000,42.2773130556,-83.6971566667,52.0,12.75,1294.0,49.4117660522,,,,,,,,,0.0,,-0.78125,
80.9251865463,579,457,274700,42.2772322222,-83.6964688889,52.0,12.75,1294.0,49.4117660522,,,,,,,,,0.0,,-0.78125,
80.9251865463,579,457,275100,42.2772322222,-83.6964688889,54.0,11.8900003433,1280.0,49.4117660522,,,,,,,,,0.0,,-0.78125,
80.9251865463,579,457,276200,42.2772322222,-83.6964688889,55.0,11.8900003433,1280.0,49.4117660522,,,,,,,,,0.0,,-0.78125,
80.9251865463,579,457,277100,42.2772322222,-83.6964688889,55.0,4.75,1146.0,49.4117660522,,,,,,,,,0.0,,-0.78125,
80.9251865463,579,457,277700,42.2771594444,-83.6959152778,57.0,4.75,1146.0,49.4117660522,,,,,,,,,0.0,,-0.78125,
80.9251865463,579,457,278700,42.2771594444,-83.6959152778,56.0,4.75,1146.0,14.9019613266,,,,,,,,,0.0,,-0.78125,
80.9251865463,579,457,279100,42.2771594444,-83.6959152778,56.0,0.870000004768,0.0,14.9019613266,,,,,,,,,0.0,,-0.78125,
80.9251865463,579,457,279800,42.2771594444,-83.6959152778,57.0,0.870000004768,0.0,14.9019613266,,,,,,,,,0.0,,-0.78125,
80.9251865463,579,457,280800,42.2770719444,-83.6953811111,57.0,0.870000004768,0.0,14.9019613266,,,,,,,,,0.78125,,-0.78125,
80.9251865463,579,457,281800,42.2770719444,-83.6953811111,55.0,0.870000004768,0.0,14.9019613266,,,,,,,,,0.78125,,-0.78125,
80.9251865463,579,457,283700,42.2770719444,-83.6953811111,55.0,0.870000004768,0.0,0.0,,,,,,,,,0.78125,,-0.78125,
80.9251865463,579,457,283800,42.2769994444,-83.6948391667,55.0,0.870000004768,0.0,0.0,,,,,,,,,0.78125,,-0.78125,
80.9251865463,579,457,284400,42.2769994444,-83.6948391667,56.0,0.870000004768,0.0,0.0,,,,,,,,,0.78125,,-0.78125,
80.9251865463,579,457,285800,42.2769994444,-83.6948391667,56.0,0.870000004768,0.0,0.0,,,,,,,,,0.0,,-0.78125,
80.9251865463,579,457,286500,42.2769994444,-83.6948391667,55.0,0.870000004768,0.0,0.0,,,,,,,,,0.0,,-0.78125,
80.9251865463,579,457,287800,42.276885,-83.6941358333,52.0,0.870000004768,0.0,0.0,,,,,,,,,0.0,,-0.78125,
80.9251865463,579,457,288900,42.276885,-83.6941358333,51.0,0.870000004768,0.0,0.0,,,,,,,,,0.0,,-0.78125,
80.9251865463,579,457,289900,42.276885,-83.6941358333,50.0,0.870000004768,0.0,0.0,,,,,,,,,0.0,,-0.78125,
80.9251865463,579,457,290900,42.2768175,-83.6936569444,50.0,0.870000004768,0.0,0.0,,,,,,,,,0.0,,-0.78125,
80.9251865463,579,457,291000,42.2768175,-83.6936569444,49.0,0.870000004768,0.0,0.0,,,,,,,,,0.0,,-0.78125,
80.9251865463,579,457,292000,42.2768175,-83.6936569444,47.0,0.870000004768,0.0,0.0,,,,,,,,,0.0,,-0.78125,
80.9251865463,579,457,293700,42.2767702778,-83.6931858333,47.0,0.870000004768,0.0,0.0,,,,,,,,,0.0,,-0.78125,
80.9251865463,579,457,294100,42.2767702778,-83.6931858333,46.0,0.870000004768,0.0,0.0,,,,,,,,,0.0,,-0.78125,
80.9251865463,579,457,296800,42.27675,-83.6927244444,46.0,0.870000004768,0.0,0.0,,,,,,,,,0.0,,-0.78125,
80.9251865463,579,457,297300,42.27675,-83.6927244444,44.0,0.870000004768,0.0,0.0,,,,,,,,,0.0,,-0.78125,
80.9251865463,579,457,299800,42.2767377778,-83.6922786111,44.0,0.870000004768,0.0,0.0,,,,,,,,,0.0,,-0.78125,
80.9251865463,579,457,302600,42.2767377778,-83.6922786111,44.0,17.3999996185,1560.0,0.0,,,,,,,,,0.0,,-0.78125,
80.9251865463,579,457,302900,42.2767433333,-83.6918358333,44.0,17.3999996185,1560.0,0.0,,,,,,,,,0.0,,-0.78125,
80.9251865463,579,457,304200,42.2767433333,-83.6918358333,45.0,17.3999996185,1560.0,0.0,,,,,,,,,0.0,,-0.78125,
80.9251865463,579,457,304500,42.2767433333,-83.6918358333,45.0,17.3999996185,1560.0,52.9411773682,,,,,,,,,0.0,,-0.78125,
80.9251865463,579,457,305000,42.2767433333,-83.6918358333,45.0,18.3099994659,1692.0,52.9411773682,,,,,,,,,0.0,,-0.78125,
80.9251865463,579,457,305200,42.2767433333,-83.6918358333,47.0,18.3099994659,1692.0,52.9411773682,,,,,,,,,0.0,,-0.78125,
80.9251865463,579,457,306500,42.2767433333,-83.6918358333,47.0,18.3099994659,1692.0,52.9411773682,,,,,,,,,1.5625,,-0.78125,
80.9251865463,579,457,306900,42.2767108333,-83.6912002778,47.0,18.3099994659,1692.0,52.9411773682,,,,,,,,,1.5625,,-0.78125,
80.9251865463,579,457,307000,42.2767108333,-83.6912002778,47.0,17.2600002289,1641.0,52.9411773682,,,,,,,,,1.5625,,-0.78125,
80.9251865463,579,457,307800,42.2767108333,-83.6912002778,48.0,17.2600002289,1641.0,52.9411773682,,,,,,,,,1.5625,,-0.78125,
80.9251865463,579,457,309300,42.2767108333,-83.6912002778,47.0,17.75,1675.0,52.9411773682,,,,,,,,,1.5625,,-0.78125,
80.9251865463,579,457,309500,42.2767108333,-83.6912002778,47.0,17.75,1675.0,51.764705658,,,,,,,,,1.5625,,-0.78125,
80.9251865463,579,457,309800,42.2766269444,-83.6907236111,47.0,17.75,1675.0,51.764705658,,,,,,,,,1.5625,,-0.78125,
80.9251865463,579,457,311300,42.2766269444,-83.6907236111,47.0,13.970000267,1508.0,51.764705658,,,,,,,,,1.5625,,-0.78125,
80.9251865463,579,457,311500,42.2766269444,-83.6907236111,47.0,13.970000267,1508.0,51.764705658,,,,,,,,,4.6875,,-0.78125,
80.9251865463,579,457,312500,42.2766269444,-83.6907236111,45.0,13.970000267,1508.0,51.764705658,,,,,,,,,4.6875,,-0.78125,
80.9251865463,579,457,312800,42.2765380556,-83.6902866667,45.0,13.970000267,1508.0,51.764705658,,,,,,,,,4.6875,,-0.78125,
80.9251865463,579,457,313500,42.2765380556,-83.6902866667,44.0,16.4899997711,1631.0,51.764705658,,,,,,,,,4.6875,,-0.78125,
80.9251865463,579,457,315000,42.2765380556,-83.6902866667,44.0,16.4899997711,1631.0,51.3725509644,,,,,,,,,4.6875,,-0.78125,
80.9251865463,579,457,315800,42.2765380556,-83.6902866667,44.0,17.8299999237,1681.0,51.3725509644,,,,,,,,,4.6875,,-0.78125,
80.9251865463,579,457,316700,42.2763841667,-83.6897383333,44.0,17.8299999237,1681.0,51.3725509644,,,,,,,,,4.6875,,-0.78125,
80.9251865463,579,457,316900,42.2763841667,-83.6897383333,44.0,17.8299999237,1681.0,51.3725509644,,,,,,,,,3.125,,-0.78125,
80.9251865463,579,457,317100,42.2763841667,-83.6897383333,46.0,17.8299999237,1681.0,51.3725509644,,,,,,,,,3.125,,-0.78125,
80.9251865463,579,457,317900,42.2763841667,-83.6897383333,46.0,16.5,1582.0,51.3725509644,,,,,,,,,3.125,,-0.78125,
80.9251865463,579,457,319200,42.2763841667,-83.6897383333,40.0,16.5,1582.0,51.3725509644,,,,,,,,,3.125,,-0.78125,
80.9251865463,579,457,319800,42.2763036111,-83.6893094444,40.0,16.5,1582.0,51.3725509644,,,,,,,,,3.125,,-0.78125,
80.9251865463,579,457,320000,42.2763036111,-83.6893094444,40.0,1.87000000477,0.0,51.3725509644,,,,,,,,,3.125,,-0.78125,
80.9251865463,579,457,320500,42.2763036111,-83.6893094444,40.0,1.87000000477,0.0,15.6862745285,,,,,,,,,3.125,,-0.78125,
80.9251865463,579,457,321900,42.2763036111,-83.6893094444,30.0,1.87000000477,0.0,15.6862745285,,,,,,,,,0.0,,-0.78125,
80.9251865463,579,457,322000,42.2763036111,-83.6893094444,30.0,0.870000004768,0.0,15.6862745285,,,,,,,,,0.0,,-0.78125,
80.9251865463,579,457,322800,42.2762997222,-83.6890358333,30.0,0.870000004768,0.0,15.6862745285,,,,,,,,,0.0,,-0.78125,
80.9251865463,579,457,322900,42.2762997222,-83.6890358333,22.0,0.870000004768,0.0,15.6862745285,,,,,,,,,0.0,,-0.78125,
80.9251865463,579,457,324000,42.2762997222,-83.6890358333,21.0,0.870000004768,26.0,15.6862745285,,,,,,,,,0.0,,-0.78125,
80.9251865463,579,457,325000,42.2762997222,-83.6890358333,27.0,0.870000004768,26.0,15.6862745285,,,,,,,,,0.0,,-0.78125,
80.9251865463,579,457,325600,42.2762997222,-83.6890358333,27.0,0.870000004768,26.0,61.1764717102,,,,,,,,,0.0,,-0.78125,
80.9251865463,579,457,325800,42.2762747222,-83.6887661111,27.0,0.870000004768,26.0,61.1764717102,,,,,,,,,0.0,,-0.78125,
80.9251865463,579,457,326300,42.2762747222,-83.6887661111,37.0,35.1699981689,2228.0,61.1764717102,,,,,,,,,0.0,,-0.78125,
80.9251865463,579,457,327400,42.2762747222,-83.6887661111,43.0,35.1699981689,2228.0,61.1764717102,,,,,,,,,0.0,,-0.78125,
80.9251865463,579,457,328400,42.2762747222,-83.6887661111,49.0,30.8299999237,2139.0,61.1764717102,,,,,,,,,0.0,,-0.78125,
80.9251865463,579,457,328900,42.2762441667,-83.6882741667,49.0,30.8299999237,2139.0,61.1764717102,,,,,,,,,0.0,,-0.78125,
80.9251865463,579,457,329400,42.2762441667,-83.6882741667,53.0,30.8299999237,2139.0,61.1764717102,,,,,,,,,0.0,,-0.78125,
80.9251865463,579,457,330500,42.2762441667,-83.6882741667,56.0,16.6700000763,1650.0,61.1764717102,,,,,,,,,0.0,,-0.78125,
80.9251865463,579,457,331000,42.2762441667,-83.6882741667,56.0,16.6700000763,1650.0,52.1568641663,,,,,,,,,0.0,,-0.78125,
80.9251865463,579,457,331800,42.2762441667,-83.6882741667,58.0,16.6700000763,1650.0,52.1568641663,,,,,,,,,0.0,,-0.78125,
80.9251865463,579,457,332900,42.2761116667,-83.6875358333,58.0,3.18000006676,314.0,52.1568641663,,,,,,,,,-3.90625,,-0.78125,
80.9251865463,579,457,333900,42.2761116667,-83.6875358333,60.0,3.18000006676,314.0,52.1568641663,,,,,,,,,-3.90625,,-0.78125,
80.9251865463,579,457,335000,42.2761116667,-83.6875358333,61.0,0.870000004768,0.0,52.1568641663,,,,,,,,,-3.90625,,-0.78125,
80.9251865463,579,457,335700,42.2759558333,-83.6869338889,61.0,0.870000004768,0.0,52.1568641663,,,,,,,,,-3.90625,,-0.78125,
80.9251865463,579,457,336000,42.2759558333,-83.6869338889,62.0,0.870000004768,0.0,52.1568641663,,,,,,,,,-3.90625,,-0.78125,
80.9251865463,579,457,336500,42.2759558333,-83.6869338889,62.0,0.870000004768,0.0,0.0,,,,,,,,,-3.90625,,-0.78125,
80.9251865463,579,457,337400,42.2759558333,-83.6869338889,63.0,0.870000004768,0.0,0.0,,,,,,,,,-3.90625,,-0.78125,
80.9251865463,579,457,338400,42.2759558333,-83.6869338889,64.0,0.870000004768,0.0,0.0,,,,,,,,,0.0,,-0.78125,
80.9251865463,579,457,338900,42.2758036111,-83.68632,64.0,0.870000004768,0.0,0.0,,,,,,,,,0.0,,-0.78125,
80.9251865463,579,457,339400,42.2758036111,-83.68632,65.0,16.75,1646.0,0.0,,,,,,,,,0.0,,-0.78125,
80.9251865463,579,457,340500,42.2758036111,-83.68632,66.0,16.75,1646.0,0.0,,,,,,,,,0.0,,-0.78125,
80.9251865463,579,457,341500,42.2758036111,-83.68632,66.0,16.7600002289,1594.0,0.0,,,,,,,,,0.0,,-0.78125,
80.9251865463,579,457,342100,42.2758036111,-83.68632,66.0,16.7600002289,1594.0,51.764705658,,,,,,,,,0.0,,-0.78125,
80.9251865463,579,457,342900,42.2755780556,-83.68549,66.0,16.7600002289,1594.0,51.764705658,,,,,,,,,0.0,,-0.78125,
80.9251865463,579,457,343900,42.2755780556,-83.68549,65.0,4.48000001907,1154.0,51.764705658,,,,,,,,,-1.5625,,-0.78125,
80.9251865463,579,457,345900,42.2753961111,-83.6848613889,65.0,4.48000001907,1154.0,51.764705658,,,,,,,,,-1.5625,,-0.78125,
80.9251865463,579,457,346200,42.2753961111,-83.6848613889,64.0,0.870000004768,0.0,51.764705658,,,,,,,,,-1.5625,,-0.78125,
80.9251865463,579,457,347300,42.2753961111,-83.6848613889,63.0,0.870000004768,0.0,0.0,,,,,,,,,-1.5625,,-0.78125,
80.9251865463,579,457,348900,42.2752502778,-83.6842594444,61.0,0.870000004768,0.0,0.0,,,,,,,,,-1.5625,,-0.78125,
80.9251865463,579,457,349000,42.2752502778,-83.6842594444,61.0,0.870000004768,0.0,0.0,,,,,,,,,0.0,,-0.78125,
80.9251865463,579,457,351000,42.2752502778,-83.6842594444,59.0,0.870000004768,0.0,0.0,,,,,,,,,0.0,,-0.78125,
80.9251865463,579,457,351800,42.2751111111,-83.6836919444,59.0,0.870000004768,0.0,0.0,,,,,,,,,0.0,,-0.78125,
80.9251865463,579,457,352000,42.2751111111,-83.6836919444,58.0,0.870000004768,0.0,0.0,,,,,,,,,0.0,,-0.78125,
80.9251865463,579,457,354100,42.2751111111,-83.6836919444,55.0,0.870000004768,0.0,0.0,,,,,,,,,0.0,,-0.78125,
80.9251865463,579,457,355200,42.2751111111,-83.6836919444,54.0,0.870000004768,0.0,0.0,,,,,,,,,0.0,,-0.78125,
80.9251865463,579,457,355800,42.2749194444,-83.6829758333,54.0,0.870000004768,0.0,0.0,,,,,,,,,0.0,,-0.78125,
80.9251865463,579,457,356200,42.2749194444,-83.6829758333,53.0,0.870000004768,0.0,0.0,,,,,,,,,0.0,,-0.78125,
80.9251865463,579,457,357300,42.2749194444,-83.6829758333,49.0,0.870000004768,0.0,0.0,,,,,,,,,0.0,,-0.78125,
80.9251865463,579,457,358600,42.2749194444,-83.6829758333,43.0,0.870000004768,0.0,0.0,,,,,,,,,0.0,,-0.78125,
80.9251865463,579,457,358800,42.2747877778,-83.6825077778,43.0,0.870000004768,0.0,0.0,,,,,,,,,0.0,,-0.78125,
80.9251865463,579,457,359700,42.2747877778,-83.6825077778,36.0,0.870000004768,0.0,0.0,,,,,,,,,0.0,,-0.78125,
80.9251865463,579,457,360700,42.2747877778,-83.6825077778,28.0,0.870000004768,0.0,0.0,,,,,,,,,0.0,,-0.78125,
80.9251865463,579,457,361700,42.2747877778,-83.6825077778,16.0,0.870000004768,0.0,0.0,,,,,,,,,0.0,,-0.78125,
80.9251865463,579,457,361800,42.2746947222,-83.6822494444,16.0,0.870000004768,0.0,0.0,,,,,,,,,0.0,,-0.78125,
80.9251865463,579,457,362800,42.2746947222,-83.6822494444,8.0,0.870000004768,0.0,0.0,,,,,,,,,0.0,,-0.78125,
80.9251865463,579,457,364100,42.2746947222,-83.6822494444,3.0,0.870000004768,0.0,0.0,,,,,,,,,0.0,,-0.78125,
80.9251865463,579,457,365800,42.2746752778,-83.6822188889,3.0,0.870000004768,0.0,0.0,,,,,,,,,0.0,,-0.78125,
80.9251865463,579,457,367300,42.2746752778,-83.6822188889,9.0,0.870000004768,0.0,0.0,,,,,,,,,0.0,,-0.78125,
80.9251865463,579,457,368800,42.2746752778,-83.6822188889,16.0,14.1999998093,1382.0,53.3333358765,,,,,,,,,0.0,,-0.78125,
80.9251865463,579,457,368900,42.2746536111,-83.6821583333,16.0,14.1999998093,1382.0,53.3333358765,,,,,,,,,0.0,,-0.78125,
80.9251865463,579,457,370200,42.2746536111,-83.6821583333,22.0,14.1999998093,1382.0,53.3333358765,,,,,,,,,-3.90625,,-0.78125,
80.9251865463,579,457,371200,42.2746536111,-83.6821583333,22.0,10.3900003433,0.0,53.3333358765,,,,,,,,,-3.90625,,-0.78125,
80.9251865463,579,457,371700,42.2746386111,-83.6819936111,22.0,10.3900003433,0.0,53.3333358765,,,,,,,,,-3.90625,,-0.78125,
80.9251865463,579,457,372200,42.2746386111,-83.6819936111,25.0,10.3900003433,0.0,53.3333358765,,,,,,,,,-3.90625,,-0.78125,
80.9251865463,579,457,373300,42.2746386111,-83.6819936111,31.0,27.6200008392,1770.0,53.3333358765,,,,,,,,,-3.90625,,-0.78125,
80.9251865463,579,457,374300,42.2746386111,-83.6819936111,36.0,27.6200008392,1770.0,52.1568641663,,,,,,,,,-3.90625,,-0.78125,
80.9251865463,579,457,374800,42.2746802778,-83.6817194444,36.0,27.6200008392,1770.0,52.1568641663,,,,,,,,,-3.90625,,-0.78125,
80.9251865463,579,457,375200,42.2746802778,-83.6817194444,36.0,27.6200008392,1770.0,52.1568641663,,,,,,,,,-6.25,,-0.78125,
80.9251865463,579,457,375700,42.2746802778,-83.6817194444,41.0,16.0200004578,1550.0,52.1568641663,,,,,,,,,-6.25,,-0.78125,
80.9251865463,579,457,376700,42.2746802778,-83.6817194444,43.0,16.0200004578,1550.0,52.1568641663,,,,,,,,,-6.25,,-0.78125,
80.9251865463,579,457,377700,42.2746880556,-83.6813088889,43.0,16.0200004578,1550.0,52.1568641663,,,,,,,,,-6.25,,-0.78125,
80.9251865463,579,457,377800,42.2746880556,-83.6813088889,46.0,15.4899997711,1556.0,52.1568641663,,,,,,,,,-6.25,,-0.78125,
80.9251865463,579,457,378800,42.2746880556,-83.6813088889,47.0,15.4899997711,1556.0,52.1568641663,,,,,,,,,-6.25,,-0.78125,
80.9251865463,579,457,379300,42.2746880556,-83.6813088889,47.0,15.4899997711,1556.0,46.6666679382,,,,,,,,,-6.25,,-0.78125,
80.9251865463,579,457,380000,42.2746880556,-83.6813088889,48.0,12.8900003433,1364.0,46.6666679382,,,,,,,,,-6.25,,-0.78125,
80.9251865463,579,457,380600,42.2746880556,-83.6813088889,48.0,12.8900003433,1364.0,46.6666679382,,,,,,,,,2.34375,,-0.78125,
80.9251865463,579,457,381500,42.2746880556,-83.6813088889,49.0,12.8900003433,1364.0,46.6666679382,,,,,,,,,2.34375,,-0.78125,
80.9251865463,579,457,381800,42.2746394444,-83.6806866667,49.0,12.8900003433,1364.0,46.6666679382,,,,,,,,,2.34375,,-0.78125,
80.9251865463,579,457,382100,42.2746394444,-83.6806866667,49.0,12.7700004578,1402.0,46.6666679382,,,,,,,,,2.34375,,-0.78125,
80.9251865463,579,457,383100,42.2746394444,-83.6806866667,50.0,12.7700004578,1402.0,46.6666679382,,,,,,,,,2.34375,,-0.78125,
80.9251865463,579,457,384200,42.2746394444,-83.6806866667,51.0,3.59999990463,1138.0,46.6666679382,,,,,,,,,2.34375,,-0.78125,
80.9251865463,579,457,384400,42.2746394444,-83.6806866667,51.0,3.59999990463,1138.0,21.5686283112,,,,,,,,,2.34375,,-0.78125,
80.9251865463,579,457,384700,42.2746119444,-83.6801930556,51.0,3.59999990463,1138.0,21.5686283112,,,,,,,,,2.34375,,-0.78125,
80.9251865463,579,457,385200,42.2746119444,-83.6801930556,50.0,3.59999990463,1138.0,21.5686283112,,,,,,,,,2.34375,,-0.78125,
80.9251865463,579,457,385800,42.2746119444,-83.6801930556,50.0,3.59999990463,1138.0,21.5686283112,,,,,,,,,0.0,,-0.78125,
80.9251865463,579,457,386600,42.2746119444,-83.6801930556,51.0,0.870000004768,0.0,21.5686283112,,,,,,,,,0.0,,-0.78125,
80.9251865463,579,457,387600,42.2746119444,-83.6801930556,50.0,0.870000004768,0.0,21.5686283112,,,,,,,,,0.0,,-0.78125,
80.9251865463,579,457,387800,42.2745752778,-83.6796930556,50.0,0.870000004768,0.0,21.5686283112,,,,,,,,,0.0,,-0.78125,
80.9251865463,579,457,389700,42.2745752778,-83.6796930556,48.0,0.870000004768,0.0,0.0,,,,,,,,,0.0,,-0.78125,
80.9251865463,579,457,390700,42.2745752778,-83.6796930556,45.0,0.870000004768,0.0,0.0,,,,,,,,,0.0,,-0.78125,
80.9251865463,579,457,391800,42.274515,-83.6791002778,45.0,0.870000004768,0.0,0.0,,,,,,,,,0.0,,-0.78125,
80.9251865463,579,457,392100,42.274515,-83.6791002778,38.0,0.870000004768,0.0,0.0,,,,,,,,,0.0,,-0.78125,
80.9251865463,579,457,393100,42.274515,-83.6791002778,31.0,0.870000004768,0.0,0.0,,,,,,,,,0.0,,-0.78125,
80.9251865463,579,457,394200,42.274515,-83.6791002778,24.0,0.870000004768,0.0,0.0,,,,,,,,,0.0,,-0.78125,
80.9251865463,579,457,394800,42.2744538889,-83.6788213889,24.0,0.870000004768,0.0,0.0,,,,,,,,,0.0,,-0.78125,
80.9251865463,579,457,395200,42.2744538889,-83.6788213889,16.0,0.870000004768,0.0,0.0,,,,,,,,,0.0,,-0.78125,
80.9251865463,579,457,396200,42.2744538889,-83.6788213889,11.0,0.870000004768,0.0,0.0,,,,,,,,,0.0,,-0.78125,
80.9251865463,579,457,397600,42.2744538889,-83.6788213889,4.0,0.870000004768,0.0,0.0,,,,,,,,,0.0,,-0.78125,
80.9251865463,579,457,397900,42.2744111111,-83.6786711111,4.0,0.870000004768,0.0,0.0,,,,,,,,,0.0,,-0.78125,
80.9251865463,579,457,398600,42.2744111111,-83.6786711111,3.0,0.870000004768,0.0,0.0,,,,,,,,,0.0,,-0.78125,
80.9251865463,579,457,400700,42.2743575,-83.6786452778,3.0,0.870000004768,0.0,0.0,,,,,,,,,0.0,,-0.78125,
80.9251865463,579,457,400800,42.2743575,-83.6786452778,0.0,0.870000004768,0.0,0.0,,,,,,,,,0.0,,-0.78125,
80.9251865463,579,457,403800,42.2743575,-83.6786452778,16.0,0.870000004768,0.0,0.0,,,,,,,,,0.0,,-0.78125,
80.9251865463,579,457,403900,42.2743575,-83.6786452778,16.0,0.870000004768,1180.0,0.0,,,,,,,,,0.0,,-0.78125,
80.9251865463,579,457,404000,42.2743575,-83.6786452778,16.0,14.470000267,1180.0,0.0,,,,,,,,,0.0,,-0.78125,
80.9251865463,579,457,404700,42.2743261111,-83.6786002778,16.0,14.470000267,1180.0,0.0,,,,,,,,,0.0,,-0.78125,
80.9251865463,579,457,405800,42.2743261111,-83.6786002778,19.0,14.470000267,1180.0,0.0,,,,,,,,,0.0,,-0.78125,
80.9251865463,579,457,405900,42.2743261111,-83.6786002778,19.0,14.470000267,1268.0,0.0,,,,,,,,,0.0,,-0.78125,
80.9251865463,579,457,406000,42.2743261111,-83.6786002778,19.0,13.279999733,1268.0,0.0,,,,,,,,,0.0,,-0.78125,
80.9251865463,579,457,406900,42.2743261111,-83.6786002778,24.0,13.279999733,1268.0,0.0,,,,,,,,,0.0,,-0.78125,
80.9251865463,579,457,407100,42.2743261111,-83.6786002778,24.0,13.279999733,1268.0,51.3725509644,,,,,,,,,0.0,,-0.78125,
80.9251865463,579,457,407800,42.2742433333,-83.6784841667,24.0,13.279999733,1268.0,51.3725509644,,,,,,,,,0.0,,-0.78125,
80.9251865463,579,457,408200,42.2742433333,-83.6784841667,26.0,13.0900001526,1246.0,51.3725509644,,,,,,,,,0.0,,-0.78125,
80.9251865463,579,457,409300,42.2742433333,-83.6784841667,29.0,13.0900001526,1246.0,51.3725509644,,,,,,,,,0.0,,-0.78125,
80.9251865463,579,457,410200,42.2742433333,-83.6784841667,29.0,21.9200000763,1704.0,51.3725509644,,,,,,,,,0.0,,-0.78125,
80.9251865463,579,457,410300,42.2742433333,-83.6784841667,33.0,21.9200000763,1704.0,51.3725509644,,,,,,,,,0.0,,-0.78125,
80.9251865463,579,457,410800,42.2742608333,-83.6782027778,33.0,21.9200000763,1704.0,51.3725509644,,,,,,,,,0.0,,-0.78125,
80.9251865463,579,457,411300,42.2742608333,-83.6782027778,38.0,21.9200000763,1704.0,51.3725509644,,,,,,,,,0.0,,-0.78125,
80.9251865463,579,457,412200,42.2742608333,-83.6782027778,38.0,19.5499992371,1714.0,58.0392150879,,,,,,,,,0.0,,-0.78125,
80.9251865463,579,457,412400,42.2742608333,-83.6782027778,41.0,19.5499992371,1714.0,58.0392150879,,,,,,,,,0.0,,-0.78125,
80.9251865463,579,457,413200,42.2742608333,-83.6782027778,41.0,19.5499992371,1714.0,58.0392150879,,,,,,,,,0.78125,,-0.78125,
80.9251865463,579,457,413800,42.2742608333,-83.6782027778,44.0,19.5499992371,1714.0,58.0392150879,,,,,,,,,0.78125,,-0.78125,
80.9251865463,579,457,413900,42.2743252778,-83.6777841667,44.0,19.5499992371,1714.0,58.0392150879,,,,,,,,,0.78125,,-0.78125,
80.9251865463,579,457,414600,42.2743252778,-83.6777841667,44.0,16.3700008392,1586.0,58.0392150879,,,,,,,,,0.78125,,-0.78125,
80.9251865463,579,457,414700,42.2743252778,-83.6777841667,47.0,16.3700008392,1586.0,58.0392150879,,,,,,,,,0.78125,,-0.78125,
80.9251865463,579,457,415800,42.2743252778,-83.6777841667,49.0,16.3700008392,1586.0,58.0392150879,,,,,,,,,0.78125,,-0.78125,
80.9251865463,579,457,416800,42.2743252778,-83.6777841667,49.0,13.1700000763,1450.0,58.0392150879,,,,,,,,,0.78125,,-0.78125,
80.9251865463,579,457,416900,42.2743252778,-83.6777841667,50.0,13.1700000763,1450.0,58.0392150879,,,,,,,,,0.78125,,-0.78125,
80.9251865463,579,457,417100,42.2743252778,-83.6777841667,50.0,13.1700000763,1450.0,46.2745094299,,,,,,,,,0.78125,,-0.78125,
80.9251865463,579,457,417900,42.2743525,-83.6771219444,50.0,13.1700000763,1450.0,46.2745094299,,,,,,,,,0.78125,,-0.78125,
80.9251865463,579,457,418000,42.2743525,-83.6771219444,51.0,13.1700000763,1450.0,46.2745094299,,,,,,,,,0.78125,,-0.78125,
80.9251865463,579,457,418300,42.2743525,-83.6771219444,51.0,13.1700000763,1450.0,46.2745094299,,,,,,,,,2.34375,,-0.78125,
80.9251865463,579,457,419000,42.2743525,-83.6771219444,51.0,12.8100004196,1464.0,46.2745094299,,,,,,,,,2.34375,,-0.78125,
80.9251865463,579,457,419600,42.2743525,-83.6771219444,52.0,12.8100004196,1464.0,46.2745094299,,,,,,,,,2.34375,,-0.78125,
80.9251865463,579,457,420500,42.2743525,-83.6771219444,51.0,12.8100004196,1464.0,46.2745094299,,,,,,,,,2.34375,,-0.78125,
80.9251865463,579,457,420800,42.2743569444,-83.6765977778,51.0,12.8100004196,1464.0,46.2745094299,,,,,,,,,2.34375,,-0.78125,
80.9251865463,579,457,420900,42.2743569444,-83.6765977778,51.0,0.870000004768,0.0,46.2745094299,,,,,,,,,2.34375,,-0.78125,
80.9251865463,579,457,421600,42.2743569444,-83.6765977778,49.0,0.870000004768,0.0,46.2745094299,,,,,,,,,2.34375,,-0.78125,
80.9251865463,579,457,422600,42.2743569444,-83.6765977778,48.0,0.870000004768,0.0,0.0,,,,,,,,,2.34375,,-0.78125,
80.9251865463,579,457,422900,42.2743536111,-83.6762680556,48.0,0.870000004768,0.0,0.0,,,,,,,,,2.34375,,-0.78125,
80.9251865463,579,457,423600,42.2743536111,-83.6762680556,48.0,0.870000004768,0.0,0.0,,,,,,,,,-2.34375,,-0.78125,
80.9251865463,579,457,423700,42.2743536111,-83.6762680556,45.0,0.870000004768,0.0,0.0,,,,,,,,,-2.34375,,-0.78125,
80.9251865463,579,457,426200,42.2743536111,-83.6762680556,44.0,0.870000004768,0.0,0.0,,,,,,,,,-2.34375,,-0.78125,
80.9251865463,579,457,426800,42.2743486111,-83.6756569444,44.0,0.870000004768,0.0,0.0,,,,,,,,,-2.34375,,-0.78125,
80.9251865463,579,457,427200,42.2743486111,-83.6756569444,43.0,0.870000004768,0.0,0.0,,,,,,,,,-2.34375,,-0.78125,
80.9251865463,579,457,428600,42.2743486111,-83.6756569444,43.0,0.870000004768,0.0,0.0,,,,,,,,,0.0,,-0.78125,
80.9251865463,579,457,429800,42.2743519444,-83.6752302778,43.0,0.870000004768,0.0,0.0,,,,,,,,,0.0,,-0.78125,
80.9251865463,579,457,430000,42.2743519444,-83.6752302778,41.0,0.870000004768,0.0,0.0,,,,,,,,,0.0,,-0.78125,
80.9251865463,579,457,431400,42.2743519444,-83.6752302778,35.0,0.870000004768,0.0,0.0,,,,,,,,,0.0,,-0.78125,
80.9251865463,579,457,432400,42.2743519444,-83.6752302778,33.0,0.870000004768,0.0,0.0,,,,,,,,,0.0,,-0.78125,
80.9251865463,579,457,433400,42.2743519444,-83.6752302778,30.0,0.870000004768,0.0,0.0,,,,,,,,,0.0,,-0.78125,
80.9251865463,579,457,433800,42.2743341667,-83.6747636111,30.0,0.870000004768,0.0,0.0,,,,,,,,,0.0,,-0.78125,
80.9251865463,579,457,434800,42.2743341667,-83.6747636111,28.0,0.870000004768,0.0,0.0,,,,,,,,,0.0,,-0.78125,
80.9251865463,579,457,435800,42.2743341667,-83.6747636111,27.0,0.870000004768,0.0,0.0,,,,,,,,,0.0,,-0.78125,
80.9251865463,579,457,436900,42.2742833333,-83.6744655556,30.0,0.870000004768,0.0,0.0,,,,,,,,,0.0,,-0.78125,
80.9251865463,579,457,437900,42.2742833333,-83.6744655556,34.0,0.870000004768,0.0,0.0,,,,,,,,,0.0,,-0.78125,
80.9251865463,579,457,439000,42.2742833333,-83.6744655556,37.0,0.870000004768,0.0,0.0,,,,,,,,,0.0,,-0.78125,
